0 867.81757 844.5143 68.10614 68.74811
0 904.0337 706.9426 114.000305 119.83234
0 745.12946 865.533 106.28015 109.9043
0 813.1921 725.71094 98.44696 103.29944
0 917.5627 536.37744 126.56537 130.5766
0 832.0331 618.39264 125.30945 125.3125
0 525.4174 928.13934 124.81946 128.3404
0 690.68365 668.46814 128.3518 132.23615
0 762.47266 629.4726 81.713806 88.178894
0 581.4792 753.24243 115.78705 123.44464
0 773.8307 499.7504 107.732544 119.42917
0 820.1468 418.79465 116.05786 120.46213
0 643.0301 601.4484 116.578186 119.14514
0 769.4946 339.29822 118.41583 125.45953
0 438.0008 813.0662 96.0448 103.86328
0 484.82117 690.9375 134.39832 137.29364
0 670.01294 465.85983 116.835205 122.80258
0 503.11026 580.374 97.74472 102.693054
0 567.59827 561.28827 63.020935 68.570496
0 359.493 664.6715 109.09851 117.21106
0 675.2204 329.1852 116.32367 119.80716
0 582.602 416.96838 111.54834 116.34149
0 498.1294 471.3743 118.864075 124.0878
0 624.2647 320.5404 84.18982 82.06906
0 616.0375 231.51454 114.03204 121.20058
0 369.39297 549.3985 93.108826 95.456116
0 278.11212 664.2281 63.966522 64.83496
0 522.3345 331.17355 113.34192 116.977905
0 422.40958 455.80356 98.585846 97.44754
0 257.6912 566.8303 91.01126 96.36456
0 460.4455 354.30536 95.59064 99.93869
0 542.3775 253.28668 85.32062 85.160736
0 371.2302 391.0082 126.66504 128.71799
0 286.46213 458.73447 131.78293 136.56754
0 369.57474 248.04024 152.918 147.32222
0 462.21292 176.48717 97.712006 97.669174
0 286.91956 368.99054 106.60028 108.032166
0 141.24712 441.91296 106.932236 115.088196
0 170.13458 344.2007 146.19077 156.67386
0 489.42004 63.40276 127.77429 131.77834
0 237.72267 251.36807 118.599014 123.37485
0 287.55722 129.07552 133.96011 143.69777
0 106.07667 311.06403 85.62838 87.87323
0 98.07779 237.29741 113.5013 117.87764
