0 0.816594 0.408819 0.049250 0.068083
0 0.781828 0.277639 0.065609 0.096333
0 0.786004 0.538389 0.055602 0.096528
0 0.735773 0.378847 0.056094 0.083861
0 0.693461 0.138653 0.067141 0.116083
0 0.694645 0.278132 0.057586 0.129681
0 0.714609 0.784674 0.061813 0.116097
0 0.650582 0.444340 0.065648 0.118403
0 0.639008 0.354375 0.054031 0.060556
0 0.632922 0.610056 0.071953 0.091389
0 0.588598 0.254736 0.080961 0.068056
0 0.570473 0.142778 0.062914 0.103750
0 0.583332 0.430472 0.058742 0.111111
0 0.502109 0.136958 0.071172 0.096389
0 0.590766 0.785319 0.064172 0.070361
0 0.559949 0.650917 0.065148 0.128333
0 0.516418 0.316250 0.068445 0.098750
0 0.490477 0.558264 0.056094 0.082778
0 0.489344 0.486583 0.043609 0.044611
0 0.468141 0.748875 0.070547 0.082778
0 0.444402 0.210951 0.059383 0.107431
0 0.444535 0.366896 0.062320 0.097625
0 0.434148 0.477111 0.065781 0.103611
0 0.393953 0.257611 0.028750 0.095000
0 0.352102 0.201375 0.069719 0.091389
0 0.395840 0.654500 0.046180 0.087639
0 0.398098 0.825111 0.029445 0.062972
0 0.359895 0.353229 0.058602 0.103792
0 0.371426 0.529403 0.044070 0.106250
0 0.347938 0.776944 0.054516 0.074306
0 0.330875 0.430181 0.063750 0.082778
0 0.308063 0.284597 0.035234 0.088889
0 0.323605 0.533410 0.066992 0.123458
0 0.322414 0.663694 0.069844 0.118611
0 0.250133 0.426486 0.046875 0.179028
0 0.227477 0.303917 0.040781 0.101278
0 0.252430 0.603000 0.049031 0.105000
0 0.220613 0.794590 0.069773 0.080375
0 0.203965 0.691431 0.093352 0.112361
0 0.192551 0.186319 0.067242 0.117361
0 0.164445 0.566694 0.069516 0.105000
0 0.131484 0.426542 0.085938 0.102472
0 0.109719 0.722139 0.042734 0.080278
0 0.078883 0.686403 0.060937 0.101194
