0 0.286762 0.410250 0.050758 0.072278
0 0.257992 0.278889 0.065609 0.099694
0 0.251262 0.540278 0.056773 0.100556
0 0.206813 0.379528 0.056094 0.083861
0 0.177078 0.130167 0.084750 0.116083
0 0.170875 0.276924 0.068375 0.129681
0 0.153629 0.782653 0.050508 0.118500
0 0.110375 0.445597 0.074688 0.117222
0 0.104086 0.355528 0.062344 0.060556
0 0.082148 0.604056 0.071953 0.091389
0 0.056930 0.254042 0.087891 0.068056
0 0.047938 0.147535 0.067187 0.105347
0 0.034922 0.438285 0.069844 0.106681
0 0.007812 0.151236 0.015625 0.050750
0 0.030758 0.789083 0.059328 0.066833
0 0.020996 0.645542 0.041992 0.107056
0 0.009734 0.322910 0.019469 0.082514
