0 0.426949 0.413694 0.049242 0.068861
0 0.395152 0.282937 0.065602 0.096319
0 0.392605 0.536319 0.056211 0.098611
0 0.345445 0.378236 0.056094 0.083861
0 0.314410 0.132333 0.079883 0.116083
0 0.307332 0.277493 0.054352 0.129681
0 0.304418 0.782444 0.051102 0.118500
0 0.258398 0.444278 0.074688 0.119583
0 0.249922 0.352736 0.062344 0.060556
0 0.234164 0.605625 0.071953 0.091389
0 0.198641 0.252333 0.082812 0.068056
0 0.187758 0.142528 0.067641 0.103750
0 0.180586 0.435458 0.070547 0.111111
0 0.117289 0.135653 0.071172 0.096389
0 0.173352 0.784958 0.062078 0.070361
0 0.150836 0.646153 0.078484 0.128333
0 0.123852 0.319139 0.075547 0.098750
0 0.084977 0.560472 0.056094 0.082778
0 0.090445 0.495083 0.048953 0.044611
0 0.056937 0.756139 0.070547 0.082778
0 0.055246 0.211236 0.059383 0.107444
0 0.048750 0.368542 0.067641 0.097639
0 0.032891 0.486111 0.065781 0.103611
0 0.008477 0.239444 0.016953 0.059250
