0 0.436957 0.412743 0.049242 0.068819
0 0.405117 0.282514 0.065609 0.096333
0 0.402703 0.536042 0.056172 0.098472
0 0.355391 0.377889 0.056094 0.083861
0 0.324219 0.132486 0.079531 0.116083
0 0.316875 0.276611 0.052937 0.129667
0 0.315184 0.782431 0.051148 0.118500
0 0.268977 0.443708 0.074687 0.118806
0 0.260336 0.352528 0.062344 0.060556
0 0.245023 0.605743 0.071953 0.091375
0 0.208918 0.251764 0.082352 0.068056
0 0.197711 0.142694 0.067641 0.103750
0 0.191133 0.434917 0.070547 0.111111
0 0.127070 0.134764 0.071172 0.096389
0 0.184375 0.783569 0.062781 0.070361
0 0.161516 0.643847 0.077969 0.128333
0 0.134266 0.318833 0.075547 0.098750
0 0.095391 0.558931 0.056094 0.082778
0 0.100863 0.494681 0.048945 0.044611
0 0.067773 0.754903 0.070547 0.082778
0 0.064551 0.209757 0.059383 0.107431
0 0.058820 0.368542 0.067641 0.097639
0 0.042961 0.483028 0.065781 0.103611
0 0.014375 0.253611 0.028750 0.095000
0 0.006406 0.176486 0.012812 0.046917
0 0.011266 0.667222 0.022531 0.070361
0 0.006406 0.830799 0.012812 0.051847
