0 0.608258 0.400590 0.049250 0.068097
0 0.575551 0.276729 0.065602 0.096319
0 0.575613 0.532903 0.055602 0.096528
0 0.531492 0.373701 0.056094 0.083847
0 0.492324 0.128597 0.076398 0.116083
0 0.489219 0.270813 0.060000 0.129681
0 0.498039 0.777354 0.055625 0.116097
0 0.440707 0.437937 0.065648 0.118403
0 0.431703 0.347056 0.054031 0.060556
0 0.419961 0.599083 0.071953 0.091389
0 0.384895 0.247417 0.080961 0.068056
0 0.368309 0.134542 0.067023 0.103750
0 0.368840 0.428639 0.069008 0.111111
0 0.299945 0.130556 0.071172 0.096389
0 0.370086 0.777090 0.064172 0.070347
0 0.346473 0.635375 0.065148 0.128333
0 0.309113 0.312597 0.074617 0.098750
0 0.274945 0.551875 0.056094 0.082778
0 0.278941 0.481097 0.044617 0.044611
0 0.250555 0.743389 0.070547 0.082778
0 0.240184 0.200896 0.059383 0.107431
0 0.235941 0.358667 0.066945 0.097639
0 0.221703 0.475278 0.065781 0.103611
0 0.187664 0.246708 0.028750 0.095000
0 0.146625 0.196292 0.069719 0.091389
0 0.179746 0.652319 0.046180 0.087639
0 0.179551 0.824382 0.029445 0.062986
0 0.148293 0.348146 0.058602 0.103792
0 0.156551 0.528667 0.044070 0.106250
0 0.130383 0.771597 0.054516 0.074306
0 0.117687 0.423028 0.063750 0.082778
0 0.098703 0.277472 0.035234 0.088889
0 0.105277 0.525556 0.072711 0.123444
0 0.101750 0.660236 0.069844 0.118611
0 0.036273 0.418278 0.046875 0.179028
0 0.020391 0.294778 0.040781 0.101278
0 0.034234 0.598056 0.049031 0.105000
0 0.022414 0.781278 0.026016 0.063083
0 0.016090 0.689562 0.032180 0.071431
0 0.009984 0.171764 0.019969 0.092000
