0 0.446957 0.411785 0.049242 0.068764
0 0.415078 0.282090 0.065609 0.096319
0 0.412801 0.535750 0.056133 0.098333
0 0.365336 0.377542 0.056094 0.083861
0 0.334027 0.132639 0.079180 0.116083
0 0.326418 0.275722 0.051539 0.129667
0 0.325957 0.782417 0.051195 0.118500
0 0.279547 0.443132 0.074688 0.118014
0 0.270758 0.352333 0.062344 0.060556
0 0.255883 0.605861 0.071953 0.091389
0 0.219195 0.251181 0.081891 0.068056
0 0.207664 0.142861 0.067641 0.103750
0 0.201680 0.434389 0.070547 0.111111
0 0.136859 0.133861 0.071172 0.096389
0 0.195402 0.782181 0.063477 0.070361
0 0.172191 0.641528 0.077445 0.128333
0 0.144687 0.318528 0.075547 0.098750
0 0.105805 0.557389 0.056094 0.082778
0 0.111281 0.494264 0.048953 0.044611
0 0.078609 0.753667 0.070547 0.082778
0 0.073855 0.208271 0.059383 0.107431
0 0.068891 0.368542 0.067641 0.097639
0 0.053031 0.479944 0.065781 0.103611
0 0.022711 0.251139 0.028750 0.095000
0 0.011117 0.180493 0.022234 0.056347
0 0.017523 0.663125 0.030422 0.076139
0 0.013113 0.831014 0.018352 0.055556
0 0.006406 0.351174 0.012812 0.058014
0 0.005016 0.528951 0.010031 0.090125
