0 0.236836 0.406882 0.051203 0.073319
0 0.209336 0.276021 0.065609 0.101375
0 0.200777 0.538819 0.056977 0.100083
0 0.158039 0.375375 0.056094 0.083861
0 0.128027 0.129403 0.086492 0.116083
0 0.120320 0.272556 0.069734 0.129667
0 0.099777 0.782729 0.050289 0.118514
0 0.058211 0.439014 0.074687 0.117222
0 0.052008 0.347806 0.062344 0.060556
0 0.034000 0.600972 0.063313 0.087500
0 0.027641 0.246743 0.051469 0.066347
0 0.016473 0.135347 0.032945 0.094861
0 0.010609 0.433111 0.021219 0.087667
0 0.004672 0.782042 0.009344 0.058028
