0 0.868953 0.410222 0.049250 0.068083
0 0.833328 0.277674 0.065609 0.096319
0 0.838672 0.539181 0.055609 0.096528
0 0.787133 0.379257 0.056094 0.083847
0 0.744102 0.140514 0.065281 0.116083
0 0.749605 0.279132 0.049836 0.129681
0 0.769121 0.785674 0.063055 0.116097
0 0.703496 0.445306 0.065648 0.118389
0 0.691492 0.355681 0.054031 0.060556
0 0.687148 0.611639 0.071953 0.091389
0 0.639840 0.255431 0.080961 0.068056
0 0.620977 0.144569 0.062094 0.103750
0 0.636562 0.431917 0.056688 0.111111
0 0.552258 0.137931 0.071172 0.096389
0 0.645492 0.786660 0.064172 0.070347
0 0.613668 0.653264 0.065148 0.128333
0 0.568555 0.317139 0.067219 0.098750
0 0.543742 0.559083 0.056094 0.082778
0 0.542188 0.487528 0.043406 0.044611
0 0.522516 0.749819 0.070547 0.082778
0 0.495059 0.213118 0.059383 0.107431
0 0.496238 0.367931 0.061398 0.097639
0 0.486969 0.477778 0.065781 0.103611
0 0.444930 0.259319 0.028750 0.095000
0 0.403438 0.202083 0.069719 0.091389
0 0.449738 0.655083 0.046180 0.087639
0 0.452746 0.825250 0.029445 0.062972
0 0.412551 0.354549 0.058602 0.103792
0 0.424855 0.530625 0.043289 0.106250
0 0.401906 0.774986 0.054516 0.074306
0 0.383395 0.432375 0.062445 0.082778
0 0.361117 0.286889 0.035234 0.088889
0 0.377184 0.534813 0.066039 0.123458
0 0.377273 0.664236 0.069844 0.118611
0 0.300891 0.426958 0.046875 0.179028
0 0.277594 0.300944 0.040781 0.101278
0 0.305590 0.602681 0.049023 0.105000
0 0.275754 0.795986 0.069773 0.080361
0 0.258582 0.692708 0.093352 0.112361
0 0.244629 0.189681 0.065773 0.117361
0 0.218695 0.564389 0.067344 0.105000
0 0.184000 0.426931 0.085937 0.102472
0 0.165492 0.724458 0.042734 0.080278
0 0.134219 0.683701 0.060937 0.101208
