0 0.546996 0.402222 0.049242 0.068250
0 0.514719 0.277861 0.065609 0.096333
0 0.513766 0.532931 0.055734 0.096944
0 0.468297 0.374937 0.056094 0.083847
0 0.432527 0.129139 0.077789 0.116083
0 0.429117 0.270535 0.062922 0.129681
0 0.433445 0.776583 0.053750 0.116750
0 0.378352 0.438319 0.065656 0.118389
0 0.369926 0.348653 0.054023 0.060556
0 0.357906 0.599792 0.071953 0.091389
0 0.323086 0.247333 0.080969 0.068056
0 0.307875 0.136000 0.067641 0.103750
0 0.305602 0.429708 0.070547 0.111111
0 0.238750 0.130278 0.071172 0.096389
0 0.304344 0.777090 0.064172 0.070347
0 0.281555 0.634583 0.068094 0.128333
0 0.247289 0.313583 0.075547 0.098750
0 0.211016 0.552139 0.056094 0.082778
0 0.215961 0.483667 0.045812 0.044611
0 0.185797 0.745028 0.070547 0.082778
0 0.177957 0.201236 0.059383 0.107444
0 0.173227 0.360208 0.067641 0.097639
0 0.158414 0.475000 0.065781 0.103611
0 0.125773 0.243444 0.028750 0.095000
0 0.084984 0.194764 0.069719 0.091389
0 0.114918 0.651667 0.046180 0.087639
0 0.113988 0.824167 0.029445 0.062972
0 0.084816 0.346618 0.058602 0.103792
0 0.092090 0.528458 0.044070 0.106250
0 0.065453 0.774069 0.054516 0.074306
0 0.053406 0.421264 0.063750 0.082778
0 0.037070 0.275000 0.035234 0.088889
0 0.041285 0.523569 0.072414 0.122750
0 0.040668 0.655688 0.061117 0.109264
