0 0.629094 0.401410 0.049250 0.068097
0 0.596180 0.276819 0.065609 0.096333
0 0.596652 0.533444 0.055602 0.096528
0 0.551922 0.374222 0.056094 0.083861
0 0.512441 0.129597 0.075477 0.116083
0 0.510613 0.271542 0.058055 0.129667
0 0.519691 0.778090 0.056242 0.116097
0 0.461691 0.438576 0.065648 0.118403
0 0.452434 0.347792 0.054023 0.060556
0 0.441258 0.600181 0.071953 0.091389
0 0.405262 0.248153 0.080961 0.068056
0 0.388527 0.135361 0.066617 0.103750
0 0.390285 0.428819 0.067977 0.111111
0 0.320164 0.131194 0.071172 0.096389
0 0.392152 0.777917 0.064180 0.070361
0 0.367816 0.636931 0.065148 0.128333
0 0.329844 0.312958 0.074000 0.098750
0 0.296500 0.552514 0.056094 0.082778
0 0.299984 0.481639 0.044516 0.044611
0 0.272313 0.743931 0.070547 0.082778
0 0.260605 0.201896 0.059383 0.107431
0 0.256801 0.359486 0.066477 0.097639
0 0.242945 0.475458 0.065781 0.103611
0 0.208289 0.247806 0.028750 0.095000
0 0.167172 0.196806 0.069719 0.091389
0 0.201355 0.652542 0.046180 0.087639
0 0.201402 0.824451 0.029445 0.062986
0 0.169457 0.348653 0.058602 0.103806
0 0.178043 0.528750 0.044070 0.106250
0 0.152188 0.772583 0.054516 0.074306
0 0.139117 0.423611 0.063750 0.082778
0 0.119469 0.277958 0.035234 0.088889
0 0.127184 0.526424 0.071945 0.123458
0 0.123766 0.660597 0.069844 0.118611
0 0.057734 0.419139 0.046875 0.179028
0 0.037871 0.295819 0.047336 0.101278
0 0.056094 0.598569 0.049031 0.105000
0 0.038078 0.782917 0.038516 0.068028
0 0.026816 0.687215 0.053633 0.099653
0 0.020398 0.178889 0.040797 0.110556
0 0.005746 0.556792 0.011492 0.081611
