0 0.890344 0.409722 0.049250 0.068083
0 0.853813 0.277361 0.065609 0.096333
0 0.859852 0.538556 0.055609 0.096528
0 0.808141 0.378028 0.056094 0.083861
0 0.764934 0.140201 0.065289 0.116069
0 0.769715 0.278201 0.050586 0.129681
0 0.791520 0.784743 0.063055 0.116097
0 0.725371 0.444694 0.065648 0.118389
0 0.713543 0.355375 0.054023 0.060556
0 0.710414 0.610403 0.071953 0.091389
0 0.660848 0.253889 0.080961 0.068056
0 0.641117 0.144889 0.062094 0.103750
0 0.657223 0.434069 0.056680 0.111111
0 0.571703 0.137319 0.071172 0.096389
0 0.666672 0.786042 0.064172 0.070361
0 0.635715 0.651708 0.065148 0.128333
0 0.589910 0.317444 0.067211 0.098750
0 0.564055 0.558167 0.056094 0.082778
0 0.563715 0.487215 0.043398 0.044625
0 0.544211 0.749514 0.070547 0.082778
0 0.514676 0.213424 0.059383 0.107431
0 0.516199 0.366694 0.061398 0.097639
0 0.507633 0.478396 0.065781 0.103597
0 0.464375 0.258403 0.028750 0.095000
0 0.423922 0.201472 0.069719 0.091389
0 0.471090 0.655389 0.046180 0.087639
0 0.474621 0.825250 0.029445 0.062972
0 0.433207 0.355167 0.058602 0.103806
0 0.445770 0.532785 0.041711 0.106264
0 0.423438 0.774375 0.054516 0.074306
0 0.404488 0.432375 0.059852 0.082778
0 0.381430 0.285958 0.035234 0.088889
0 0.397930 0.535438 0.064125 0.123458
0 0.398109 0.664236 0.069844 0.118611
0 0.322422 0.427875 0.046875 0.179028
0 0.298953 0.300944 0.040781 0.101278
0 0.327465 0.602069 0.049023 0.105000
0 0.297801 0.794132 0.069773 0.080375
0 0.279590 0.691778 0.093352 0.112361
0 0.265293 0.190611 0.065773 0.117361
0 0.240398 0.563458 0.066469 0.105000
0 0.205008 0.427083 0.085938 0.102472
0 0.187797 0.725389 0.042734 0.080278
0 0.156352 0.682618 0.060937 0.101208
