0 0.941242 0.411701 0.030484 0.068097
0 0.905023 0.276590 0.065609 0.096319
0 0.912805 0.537014 0.055609 0.096528
0 0.860664 0.374931 0.056094 0.083861
0 0.817020 0.139431 0.065289 0.116083
0 0.819988 0.275889 0.052477 0.129667
0 0.847512 0.782438 0.063055 0.116097
0 0.780059 0.443146 0.065648 0.118403
0 0.768664 0.354597 0.054031 0.060556
0 0.768570 0.607319 0.071953 0.091389
0 0.713363 0.250028 0.080961 0.068056
0 0.691461 0.145653 0.062094 0.103750
0 0.708871 0.439472 0.056680 0.111111
0 0.620320 0.135764 0.071172 0.096389
0 0.719621 0.784500 0.064180 0.070361
0 0.690840 0.647861 0.065148 0.128333
0 0.643293 0.318222 0.067211 0.098750
0 0.614836 0.555847 0.056094 0.082778
0 0.617535 0.486444 0.043398 0.044611
0 0.598469 0.748736 0.070547 0.082778
0 0.563723 0.214194 0.059383 0.107444
0 0.566113 0.363597 0.061398 0.097639
0 0.559281 0.479944 0.065781 0.103611
0 0.512984 0.256083 0.028750 0.095000
0 0.475141 0.199917 0.069719 0.091389
0 0.524480 0.656167 0.046180 0.087639
0 0.529309 0.825250 0.029445 0.062972
0 0.484855 0.356715 0.058602 0.103792
0 0.498059 0.538181 0.037789 0.106250
0 0.477258 0.772833 0.054516 0.074306
0 0.457230 0.432375 0.053352 0.082778
0 0.432211 0.283639 0.035234 0.088889
0 0.449789 0.536979 0.059328 0.123458
0 0.450188 0.664236 0.069844 0.118611
0 0.376242 0.430194 0.046875 0.179028
0 0.352336 0.300944 0.040781 0.101278
0 0.382152 0.600528 0.049023 0.105000
0 0.352926 0.789507 0.069773 0.080375
0 0.332109 0.689472 0.093344 0.112361
0 0.316941 0.192931 0.065773 0.117361
0 0.294648 0.561139 0.064297 0.105000
0 0.257523 0.427472 0.085938 0.102472
0 0.243570 0.727694 0.042734 0.080278
0 0.211695 0.679924 0.060938 0.101208
