0 0.911730 0.409229 0.049242 0.068097
0 0.874297 0.277056 0.065609 0.096333
0 0.881031 0.537944 0.055609 0.096528
0 0.829148 0.376792 0.056094 0.083861
0 0.785770 0.139889 0.065289 0.116083
0 0.789820 0.277278 0.051344 0.129667
0 0.813918 0.783826 0.063055 0.116097
0 0.747246 0.444076 0.065648 0.118403
0 0.735590 0.355069 0.054023 0.060556
0 0.733680 0.609167 0.071953 0.091389
0 0.681855 0.252347 0.080961 0.068056
0 0.661254 0.145194 0.062086 0.103750
0 0.677883 0.436236 0.056688 0.111111
0 0.591148 0.136694 0.071172 0.096389
0 0.687852 0.785424 0.064172 0.070347
0 0.657762 0.650167 0.065148 0.128333
0 0.611262 0.317750 0.067211 0.098750
0 0.584367 0.557236 0.056094 0.082778
0 0.585242 0.486903 0.043406 0.044611
0 0.565914 0.749194 0.070547 0.082778
0 0.534293 0.213736 0.059383 0.107444
0 0.536168 0.365458 0.061398 0.097639
0 0.528289 0.479014 0.065781 0.103611
0 0.483820 0.257472 0.028750 0.095000
0 0.444410 0.200847 0.069727 0.091389
0 0.492449 0.655708 0.046180 0.087639
0 0.496496 0.825250 0.029445 0.062972
0 0.453867 0.355785 0.058609 0.103792
0 0.466687 0.534944 0.040141 0.106250
0 0.444965 0.773764 0.054508 0.074306
0 0.425586 0.432375 0.057250 0.082778
0 0.401742 0.285028 0.035234 0.088889
0 0.418672 0.536049 0.062203 0.123458
0 0.418938 0.664236 0.069844 0.118611
0 0.343953 0.428806 0.046875 0.179028
0 0.320305 0.300944 0.040781 0.101278
0 0.349340 0.601444 0.049023 0.105000
0 0.319855 0.792285 0.069773 0.080375
0 0.300598 0.690861 0.093352 0.112361
0 0.285949 0.191542 0.065773 0.117361
0 0.262098 0.562528 0.065602 0.105000
0 0.226016 0.427236 0.085938 0.102472
0 0.210109 0.726306 0.042734 0.080278
0 0.178492 0.681542 0.060938 0.101194
