0 0.456965 0.410826 0.049242 0.068708
0 0.425047 0.281667 0.065609 0.096333
0 0.422898 0.535472 0.056094 0.098194
0 0.375273 0.377208 0.056094 0.083861
0 0.343840 0.132792 0.078836 0.116083
0 0.336242 0.274840 0.050687 0.129681
0 0.336727 0.782403 0.051234 0.118500
0 0.290125 0.442556 0.074688 0.117222
0 0.281172 0.352125 0.062344 0.060556
0 0.266742 0.605972 0.071953 0.091389
0 0.229477 0.250611 0.081422 0.068056
0 0.217617 0.143028 0.067641 0.103750
0 0.212227 0.433847 0.070547 0.111111
0 0.146641 0.132972 0.071172 0.096389
0 0.206430 0.780792 0.064172 0.070361
0 0.182867 0.639208 0.076922 0.128333
0 0.155102 0.318222 0.075547 0.098750
0 0.116227 0.555847 0.056094 0.082778
0 0.121695 0.493847 0.048953 0.044611
0 0.089437 0.752444 0.070547 0.082778
0 0.083168 0.206792 0.059383 0.107444
0 0.078961 0.368542 0.067641 0.097639
0 0.064141 0.475000 0.065781 0.103611
0 0.033125 0.250222 0.028750 0.095000
0 0.015824 0.184507 0.031648 0.065792
0 0.023781 0.659028 0.038297 0.081889
0 0.019820 0.831215 0.023906 0.059264
0 0.011523 0.350396 0.023047 0.066986
0 0.010141 0.529715 0.020281 0.094153
