0 0.366898 0.416069 0.049547 0.069722
0 0.335836 0.283486 0.065609 0.097000
0 0.332031 0.538014 0.056453 0.099444
0 0.285789 0.380292 0.056094 0.083861
0 0.255555 0.131403 0.081969 0.116083
0 0.250066 0.282806 0.062789 0.129667
0 0.239793 0.782535 0.050852 0.118514
0 0.194961 0.447722 0.074688 0.124333
0 0.187422 0.353931 0.062344 0.060556
0 0.169016 0.604958 0.071953 0.091389
0 0.136969 0.255792 0.085578 0.068056
0 0.128031 0.141542 0.067641 0.103750
0 0.117305 0.438708 0.070547 0.111111
0 0.058578 0.141042 0.071172 0.096389
0 0.108039 0.791903 0.058594 0.070361
0 0.086766 0.656986 0.081094 0.128333
0 0.061578 0.322333 0.075547 0.098750
0 0.025730 0.570139 0.049586 0.086667
0 0.027945 0.497556 0.048953 0.044611
0 0.013738 0.759361 0.027477 0.066194
0 0.013359 0.214167 0.026719 0.097500
0 0.010340 0.374472 0.019055 0.078694
