0 0.618676 0.401000 0.049242 0.068083
0 0.585867 0.276771 0.065609 0.096319
0 0.586133 0.533167 0.055609 0.096528
0 0.541711 0.373958 0.056094 0.083861
0 0.502383 0.129097 0.075937 0.116083
0 0.499914 0.271181 0.059031 0.129667
0 0.508867 0.777715 0.055938 0.116097
0 0.451199 0.438257 0.065648 0.118403
0 0.442070 0.347417 0.054031 0.060556
0 0.430609 0.599632 0.071953 0.091375
0 0.395078 0.247792 0.080969 0.068056
0 0.378418 0.134958 0.066820 0.103750
0 0.379559 0.428729 0.068492 0.111097
0 0.310055 0.130875 0.071172 0.096389
0 0.381121 0.777500 0.064180 0.070361
0 0.357145 0.636153 0.065148 0.128333
0 0.319477 0.312778 0.074313 0.098750
0 0.285719 0.552194 0.056094 0.082778
0 0.289461 0.481368 0.044562 0.044625
0 0.261430 0.743653 0.070547 0.082778
0 0.250395 0.201396 0.059383 0.107431
0 0.246371 0.359083 0.066711 0.097639
0 0.232328 0.475361 0.065781 0.103611
0 0.197977 0.247264 0.028750 0.095000
0 0.156898 0.196542 0.069719 0.091389
0 0.190551 0.652431 0.046180 0.087639
0 0.190480 0.824417 0.029445 0.062972
0 0.158879 0.348396 0.058602 0.103792
0 0.167297 0.528708 0.044078 0.106250
0 0.141281 0.772097 0.054516 0.074306
0 0.128406 0.423319 0.063750 0.082778
0 0.109086 0.277722 0.035234 0.088889
0 0.116230 0.525993 0.072336 0.123458
0 0.112758 0.660417 0.069844 0.118611
0 0.047008 0.418708 0.046875 0.179028
0 0.027301 0.295292 0.047727 0.101278
0 0.045164 0.598319 0.049031 0.105000
0 0.030246 0.782097 0.032258 0.065556
0 0.021453 0.688389 0.042906 0.085528
0 0.015191 0.175333 0.030383 0.101278
