0 0.847844 0.410056 0.049250 0.068083
0 0.812766 0.277778 0.065609 0.096333
0 0.817562 0.539208 0.055609 0.096528
0 0.766422 0.379618 0.056094 0.083847
0 0.723625 0.140160 0.065750 0.116069
0 0.723277 0.279229 0.061586 0.129681
0 0.747098 0.785771 0.062742 0.116097
0 0.682063 0.445299 0.065656 0.118403
0 0.670105 0.355472 0.054023 0.060556
0 0.664867 0.611708 0.071953 0.091389
0 0.619152 0.255833 0.080961 0.068056
0 0.600797 0.144014 0.062297 0.103750
0 0.615508 0.430736 0.057203 0.111111
0 0.532430 0.137917 0.071172 0.096389
0 0.623867 0.786556 0.064172 0.070361
0 0.591973 0.653250 0.065148 0.128333
0 0.547512 0.316806 0.067523 0.098750
0 0.522805 0.559236 0.056094 0.082778
0 0.520906 0.487403 0.043453 0.044611
0 0.500781 0.749694 0.070547 0.082778
0 0.475035 0.212458 0.059383 0.107444
0 0.475824 0.368125 0.061633 0.097639
0 0.466016 0.477375 0.065781 0.103611
0 0.424898 0.259236 0.028750 0.095000
0 0.382922 0.202139 0.069719 0.091389
0 0.428254 0.654819 0.046180 0.087639
0 0.430879 0.825215 0.029445 0.062986
0 0.391637 0.353993 0.058602 0.103792
0 0.403652 0.529514 0.044070 0.106250
0 0.380344 0.775708 0.054516 0.074306
0 0.362352 0.431833 0.063750 0.082778
0 0.340234 0.286653 0.035234 0.088889
0 0.356012 0.534229 0.066992 0.123458
0 0.355750 0.664111 0.069844 0.118611
0 0.280133 0.426486 0.046875 0.179028
0 0.257055 0.301694 0.040781 0.101278
0 0.284098 0.603000 0.049023 0.105000
0 0.253699 0.796333 0.069773 0.080361
0 0.237051 0.692736 0.093352 0.112361
0 0.223867 0.188500 0.066141 0.117361
0 0.196996 0.565306 0.068211 0.105000
0 0.162992 0.426778 0.085938 0.102472
0 0.143180 0.723528 0.042734 0.080278
0 0.112086 0.684785 0.060937 0.101208
