0 0.764508 0.406764 0.049250 0.068083
0 0.730258 0.277417 0.065609 0.096333
0 0.733406 0.537014 0.055609 0.096528
0 0.684703 0.377556 0.056094 0.083861
0 0.643172 0.136139 0.069453 0.116083
0 0.646918 0.276299 0.050930 0.129681
0 0.660469 0.782840 0.060266 0.116097
0 0.598113 0.442736 0.065648 0.118389
0 0.587184 0.352542 0.054023 0.060556
0 0.579680 0.607319 0.071953 0.091389
0 0.537668 0.252917 0.080961 0.068056
0 0.519934 0.140722 0.063945 0.103750
0 0.529707 0.430014 0.061305 0.111111
0 0.451570 0.135361 0.071172 0.096389
0 0.535594 0.783264 0.064172 0.070361
0 0.506578 0.647028 0.065141 0.128333
0 0.464590 0.315333 0.069992 0.098750
0 0.436594 0.556667 0.056094 0.082778
0 0.436742 0.485208 0.043859 0.044611
0 0.413742 0.747500 0.070547 0.082778
0 0.393348 0.208437 0.059383 0.107431
0 0.392387 0.364833 0.063477 0.097639
0 0.381039 0.476653 0.065781 0.103611
0 0.342375 0.254889 0.028750 0.095000
0 0.300730 0.200111 0.069727 0.091389
0 0.341816 0.653958 0.046180 0.087639
0 0.343457 0.824924 0.029445 0.062986
0 0.306996 0.351951 0.058602 0.103792
0 0.317707 0.529222 0.044070 0.106250
0 0.293922 0.779000 0.054516 0.074306
0 0.278406 0.427444 0.063750 0.082778
0 0.254430 0.281167 0.035234 0.088889
0 0.269594 0.532035 0.067000 0.123458
0 0.266859 0.663014 0.069844 0.118611
0 0.197211 0.424764 0.046875 0.179028
0 0.175320 0.302569 0.042328 0.101278
0 0.198160 0.601958 0.049023 0.105000
0 0.165465 0.791688 0.069773 0.080375
0 0.148816 0.689250 0.093352 0.112361
0 0.140367 0.182681 0.069078 0.117361
0 0.110102 0.567319 0.071250 0.105000
0 0.078883 0.425618 0.085938 0.102458
0 0.055031 0.720903 0.042734 0.080278
0 0.028711 0.686465 0.050797 0.097014
