0 0.276750 0.409521 0.050906 0.072597
0 0.248258 0.278319 0.065609 0.100028
0 0.241164 0.539986 0.056813 0.100472
0 0.197063 0.378694 0.056094 0.083861
0 0.167270 0.130014 0.085102 0.116083
0 0.160766 0.275215 0.068641 0.129681
0 0.142855 0.782667 0.050461 0.118500
0 0.099945 0.444278 0.074687 0.117222
0 0.093672 0.353986 0.062344 0.060556
0 0.071289 0.603944 0.071953 0.091389
0 0.047383 0.252500 0.087891 0.068056
0 0.038445 0.146944 0.066734 0.106944
0 0.030332 0.436458 0.059570 0.104472
0 0.003281 0.151236 0.006563 0.050750
0 0.025105 0.787674 0.050211 0.065069
0 0.015707 0.642597 0.031414 0.096889
0 0.004773 0.321910 0.009547 0.076542
