0 0.837426 0.409639 0.049242 0.068083
0 0.802453 0.277736 0.065609 0.096333
0 0.807043 0.538931 0.055602 0.096528
0 0.756203 0.379361 0.056094 0.083861
0 0.713574 0.139653 0.066211 0.116083
0 0.713734 0.278861 0.060250 0.129667
0 0.736266 0.785396 0.062437 0.116097
0 0.671570 0.444979 0.065656 0.118403
0 0.659738 0.355111 0.054023 0.060556
0 0.654219 0.611153 0.071953 0.091389
0 0.608965 0.255472 0.080961 0.068056
0 0.590691 0.143597 0.062508 0.103750
0 0.604785 0.430653 0.057711 0.111111
0 0.522320 0.137597 0.071172 0.096389
0 0.612832 0.786146 0.064180 0.070347
0 0.581293 0.652472 0.065148 0.128333
0 0.537148 0.316611 0.067828 0.098750
0 0.512031 0.558917 0.056094 0.082778
0 0.510383 0.487125 0.043500 0.044611
0 0.489906 0.749417 0.070547 0.082778
0 0.464824 0.211958 0.059383 0.107444
0 0.465395 0.367722 0.061867 0.097639
0 0.455398 0.477292 0.065781 0.103611
0 0.414578 0.258694 0.028750 0.095000
0 0.372648 0.201889 0.069719 0.091389
0 0.417449 0.654708 0.046180 0.087639
0 0.419949 0.825181 0.029445 0.062972
0 0.381059 0.353736 0.058602 0.103806
0 0.392910 0.529472 0.044070 0.106250
0 0.369539 0.776125 0.054516 0.074306
0 0.351859 0.431278 0.063750 0.082778
0 0.329508 0.285972 0.035234 0.088889
0 0.345211 0.533958 0.067000 0.123444
0 0.344633 0.663972 0.069844 0.118611
0 0.270133 0.426486 0.046875 0.179028
0 0.247195 0.302431 0.040781 0.101278
0 0.273543 0.603000 0.049023 0.105000
0 0.242672 0.795750 0.069781 0.080361
0 0.226020 0.692306 0.093352 0.112361
0 0.213426 0.187764 0.066508 0.117361
0 0.186145 0.565778 0.068648 0.105000
0 0.152492 0.426694 0.085938 0.102472
0 0.132023 0.723069 0.042734 0.080278
0 0.101016 0.685326 0.060938 0.101208
