0 0.306797 0.411694 0.050453 0.071639
0 0.277453 0.280035 0.065609 0.099014
0 0.271453 0.539708 0.056688 0.100278
0 0.226320 0.381181 0.056094 0.083861
0 0.196695 0.130479 0.084062 0.116069
0 0.191102 0.280340 0.067828 0.129681
0 0.175172 0.782625 0.050594 0.118500
0 0.131523 0.448924 0.074688 0.124597
0 0.124922 0.355125 0.062344 0.060556
0 0.103859 0.604278 0.071953 0.091389
0 0.076031 0.257125 0.087891 0.068056
0 0.067848 0.144417 0.067633 0.103750
0 0.054023 0.441944 0.070547 0.111111
0 0.018012 0.145181 0.034508 0.075472
0 0.049457 0.791903 0.062805 0.070361
0 0.032188 0.654653 0.062078 0.129583
0 0.019652 0.324903 0.039305 0.094444
