0 0.754094 0.406347 0.049250 0.068083
0 0.719945 0.277368 0.065609 0.096319
0 0.722887 0.536736 0.055602 0.096528
0 0.674492 0.377306 0.056094 0.083861
0 0.633121 0.135639 0.069914 0.116083
0 0.637375 0.275931 0.049594 0.129667
0 0.649637 0.782479 0.059961 0.116097
0 0.587621 0.442417 0.065648 0.118389
0 0.576816 0.352181 0.054023 0.060556
0 0.569035 0.606764 0.071945 0.091389
0 0.527484 0.252542 0.080969 0.068056
0 0.509824 0.140306 0.064148 0.103750
0 0.518984 0.429917 0.061813 0.111111
0 0.441461 0.135042 0.071172 0.096389
0 0.524563 0.782854 0.064172 0.070347
0 0.495902 0.646250 0.065148 0.128333
0 0.454227 0.315153 0.070297 0.098750
0 0.425820 0.556347 0.056094 0.082778
0 0.426223 0.484931 0.043914 0.044611
0 0.402867 0.747222 0.070547 0.082778
0 0.383137 0.207937 0.059383 0.107431
0 0.381957 0.364431 0.063711 0.097639
0 0.370414 0.476556 0.065781 0.103611
0 0.332062 0.254333 0.028750 0.095000
0 0.290457 0.199847 0.069727 0.091389
0 0.331012 0.653847 0.046180 0.087639
0 0.332535 0.824889 0.029445 0.062972
0 0.296418 0.351701 0.058602 0.103792
0 0.306965 0.529181 0.044070 0.106250
0 0.283020 0.778514 0.054508 0.074306
0 0.267687 0.427139 0.063750 0.082778
0 0.244047 0.280931 0.035234 0.088889
0 0.258637 0.531604 0.067383 0.123458
0 0.255852 0.662819 0.069844 0.118611
0 0.186484 0.424333 0.046875 0.179028
0 0.164746 0.302056 0.042711 0.101278
0 0.187234 0.601694 0.049031 0.105000
0 0.154434 0.791104 0.069773 0.080375
0 0.137785 0.688819 0.093352 0.112361
0 0.129930 0.181958 0.069453 0.117361
0 0.099164 0.566083 0.071250 0.105000
0 0.068289 0.425000 0.085938 0.102472
0 0.044961 0.721528 0.042734 0.080278
0 0.022812 0.684368 0.040656 0.092819
