0 0.733258 0.405528 0.049250 0.068083
0 0.699316 0.277278 0.065602 0.096333
0 0.701848 0.536194 0.055602 0.096528
0 0.654062 0.376792 0.056094 0.083861
0 0.613008 0.134625 0.070844 0.116083
0 0.616437 0.275201 0.050625 0.129681
0 0.627980 0.781743 0.059336 0.116097
0 0.566633 0.441778 0.065656 0.118389
0 0.556086 0.351444 0.054031 0.060556
0 0.547742 0.605667 0.071953 0.091389
0 0.507113 0.251819 0.080961 0.068056
0 0.489609 0.139486 0.064562 0.103750
0 0.497535 0.429736 0.062852 0.111111
0 0.421242 0.134403 0.071172 0.096389
0 0.502492 0.782028 0.064172 0.070361
0 0.474559 0.644701 0.065148 0.128319
0 0.433496 0.314792 0.070914 0.098750
0 0.404266 0.555708 0.056094 0.082778
0 0.405184 0.484389 0.044008 0.044611
0 0.381109 0.746681 0.070547 0.082778
0 0.362715 0.206931 0.059383 0.107444
0 0.361102 0.363597 0.064172 0.097639
0 0.349172 0.476375 0.065781 0.103611
0 0.311437 0.253250 0.028750 0.095000
0 0.269910 0.199347 0.069727 0.091389
0 0.309402 0.653625 0.046180 0.087639
0 0.310676 0.824819 0.029445 0.062972
0 0.275254 0.351194 0.058602 0.103806
0 0.285473 0.529111 0.044070 0.106250
0 0.261215 0.777528 0.054508 0.074306
0 0.246258 0.426556 0.063750 0.082778
0 0.223289 0.280431 0.035234 0.088889
0 0.236727 0.530743 0.068141 0.123458
0 0.233836 0.662458 0.069844 0.118611
0 0.165023 0.423465 0.046875 0.179014
0 0.143602 0.301014 0.043484 0.101278
0 0.165375 0.601181 0.049031 0.105000
0 0.132379 0.789938 0.069773 0.080375
0 0.115730 0.687944 0.093352 0.112361
0 0.109055 0.180500 0.070187 0.117361
0 0.077289 0.563611 0.071250 0.105000
0 0.047109 0.423764 0.085938 0.102472
0 0.029133 0.714625 0.029953 0.072361
0 0.011020 0.680181 0.020383 0.084444
