0 0.901035 0.409479 0.049242 0.068097
0 0.864055 0.277208 0.065609 0.096333
0 0.870445 0.538250 0.055609 0.096528
0 0.818648 0.377403 0.056094 0.083861
0 0.775352 0.140042 0.065281 0.116083
0 0.779770 0.277743 0.050961 0.129681
0 0.802715 0.784285 0.063055 0.116097
0 0.736309 0.444382 0.065648 0.118403
0 0.724566 0.355222 0.054023 0.060556
0 0.722047 0.609778 0.071953 0.091389
0 0.671348 0.253111 0.080961 0.068056
0 0.651188 0.145042 0.062094 0.103750
0 0.667551 0.435153 0.056680 0.111111
0 0.581430 0.137000 0.071172 0.096389
0 0.677262 0.785736 0.064180 0.070361
0 0.646738 0.650944 0.065148 0.128333
0 0.600586 0.317597 0.067219 0.098750
0 0.574211 0.557694 0.056094 0.082778
0 0.574480 0.487056 0.043398 0.044611
0 0.555063 0.749347 0.070547 0.082778
0 0.524480 0.213583 0.059383 0.107444
0 0.526184 0.366069 0.061398 0.097639
0 0.517961 0.478708 0.065781 0.103611
0 0.474102 0.257931 0.028750 0.095000
0 0.434168 0.201153 0.069727 0.091389
0 0.481770 0.655556 0.046180 0.087639
0 0.485559 0.825250 0.029445 0.062972
0 0.443535 0.355479 0.058602 0.103792
0 0.456230 0.533861 0.040930 0.106250
0 0.434203 0.774069 0.054516 0.074306
0 0.415039 0.432375 0.058547 0.082778
0 0.391586 0.285500 0.035234 0.088889
0 0.408301 0.535743 0.063164 0.123458
0 0.408523 0.664236 0.069844 0.118611
0 0.333188 0.428347 0.046875 0.179028
0 0.309625 0.300944 0.040781 0.101278
0 0.338402 0.601764 0.049023 0.105000
0 0.308828 0.793208 0.069781 0.080361
0 0.290098 0.691319 0.093352 0.112361
0 0.275621 0.191069 0.065773 0.117361
0 0.251246 0.563000 0.066039 0.105000
0 0.215508 0.427160 0.085938 0.102458
0 0.198953 0.725847 0.042734 0.080278
0 0.167422 0.682083 0.060937 0.101194
