0 0.356883 0.415340 0.049703 0.070042
0 0.326105 0.282903 0.065602 0.097333
0 0.321934 0.538292 0.056492 0.099583
0 0.275852 0.380639 0.056094 0.083861
0 0.245742 0.131250 0.082313 0.116083
0 0.240520 0.283687 0.064195 0.129681
0 0.229020 0.782549 0.050805 0.118514
0 0.184391 0.448292 0.074687 0.125111
0 0.177008 0.354125 0.062344 0.060556
0 0.158156 0.604847 0.071953 0.091389
0 0.126691 0.256361 0.086039 0.068056
0 0.118078 0.141375 0.067641 0.103750
0 0.106758 0.439250 0.070547 0.111111
0 0.048789 0.141944 0.071172 0.096389
0 0.097852 0.791903 0.058594 0.070361
0 0.076070 0.656250 0.081094 0.128333
0 0.051398 0.323979 0.075547 0.098736
0 0.020402 0.570139 0.039398 0.086667
0 0.020914 0.496618 0.041828 0.043986
0 0.008352 0.758660 0.016703 0.055319
0 0.009180 0.214167 0.018359 0.097500
0 0.004672 0.371604 0.009344 0.066792
