0 0.396941 0.416569 0.049242 0.069028
0 0.365262 0.284201 0.065602 0.096319
0 0.362320 0.537167 0.056328 0.099028
0 0.315617 0.379264 0.056094 0.083861
0 0.284984 0.131868 0.080922 0.116069
0 0.278699 0.280153 0.058570 0.129667
0 0.272105 0.782486 0.050977 0.118500
0 0.226680 0.446007 0.074687 0.121958
0 0.218672 0.353333 0.062344 0.060556
0 0.201586 0.605292 0.071953 0.091389
0 0.167801 0.254069 0.084195 0.068056
0 0.157891 0.142028 0.067641 0.103750
0 0.148945 0.437083 0.070547 0.111111
0 0.087930 0.138347 0.071172 0.096389
0 0.140273 0.789125 0.059984 0.070361
0 0.118809 0.653097 0.080055 0.128333
0 0.092602 0.320069 0.075547 0.098750
0 0.053727 0.565111 0.056094 0.082778
0 0.059195 0.496319 0.048953 0.044611
0 0.029891 0.760986 0.059781 0.081361
0 0.028211 0.214188 0.056422 0.104958
0 0.025723 0.370882 0.051445 0.098236
0 0.017063 0.485819 0.034125 0.096389
