0 0.879648 0.409972 0.049250 0.068083
0 0.843570 0.277514 0.065609 0.096333
0 0.849262 0.538861 0.055602 0.096528
0 0.797641 0.378639 0.056094 0.083861
0 0.754520 0.140354 0.065289 0.116069
0 0.759660 0.278667 0.050211 0.129667
0 0.780324 0.785208 0.063055 0.116083
0 0.714434 0.445000 0.065648 0.118389
0 0.702520 0.355528 0.054023 0.060556
0 0.698781 0.611014 0.071953 0.091389
0 0.650344 0.254653 0.080969 0.068056
0 0.631047 0.144722 0.062094 0.103750
0 0.646891 0.432986 0.056687 0.111111
0 0.561984 0.137625 0.071172 0.096389
0 0.656082 0.786347 0.064180 0.070361
0 0.624691 0.652486 0.065148 0.128333
0 0.579230 0.317292 0.067211 0.098750
0 0.553898 0.558625 0.056094 0.082778
0 0.552953 0.487375 0.043406 0.044611
0 0.533367 0.749667 0.070547 0.082778
0 0.504863 0.213271 0.059383 0.107431
0 0.506223 0.367306 0.061398 0.097639
0 0.497297 0.478083 0.065781 0.103611
0 0.454656 0.258861 0.028750 0.095000
0 0.413680 0.201778 0.069719 0.091389
0 0.460418 0.655236 0.046180 0.087639
0 0.463684 0.825250 0.029445 0.062972
0 0.422879 0.354861 0.058602 0.103806
0 0.435313 0.531708 0.042500 0.106250
0 0.412672 0.774681 0.054516 0.074306
0 0.393941 0.432375 0.061148 0.082778
0 0.371273 0.286417 0.035234 0.088889
0 0.387559 0.535118 0.065086 0.123458
0 0.387688 0.664236 0.069844 0.118611
0 0.311656 0.427417 0.046875 0.179028
0 0.288273 0.300944 0.040781 0.101278
0 0.316527 0.602375 0.049023 0.105000
0 0.286777 0.795062 0.069773 0.080375
0 0.269090 0.692250 0.093352 0.112361
0 0.254961 0.190153 0.065766 0.117361
0 0.229547 0.563917 0.066906 0.105000
0 0.194508 0.427007 0.085938 0.102458
0 0.176648 0.724917 0.042734 0.080278
0 0.145289 0.683160 0.060937 0.101208
