0 0.743676 0.405937 0.049242 0.068097
0 0.709633 0.277319 0.065609 0.096333
0 0.712367 0.536472 0.055609 0.096528
0 0.664277 0.377042 0.056102 0.083861
0 0.623062 0.135125 0.070375 0.116083
0 0.626906 0.275569 0.050109 0.129667
0 0.638809 0.782104 0.059648 0.116097
0 0.577125 0.442097 0.065656 0.118389
0 0.566453 0.351819 0.054031 0.060556
0 0.558391 0.606222 0.071953 0.091389
0 0.517301 0.252181 0.080961 0.068056
0 0.499715 0.139889 0.064352 0.103750
0 0.508258 0.429826 0.062328 0.111097
0 0.431352 0.134722 0.071172 0.096389
0 0.513527 0.782444 0.064180 0.070361
0 0.485230 0.645472 0.065148 0.128333
0 0.443859 0.314972 0.070609 0.098750
0 0.415039 0.556028 0.056094 0.082778
0 0.415703 0.484660 0.043953 0.044625
0 0.391984 0.746958 0.070547 0.082778
0 0.372926 0.207431 0.059383 0.107444
0 0.371527 0.364014 0.063945 0.097639
0 0.359797 0.476458 0.065781 0.103611
0 0.321750 0.253792 0.028750 0.095000
0 0.280184 0.199597 0.069727 0.091389
0 0.320207 0.653736 0.046180 0.087639
0 0.321605 0.824854 0.029445 0.062986
0 0.285840 0.351451 0.058602 0.103792
0 0.296215 0.529139 0.044070 0.106250
0 0.272117 0.778014 0.054516 0.074306
0 0.256977 0.426847 0.063750 0.082778
0 0.233672 0.280681 0.035234 0.088889
0 0.247684 0.531174 0.067758 0.123458
0 0.244844 0.662639 0.069844 0.118611
0 0.175758 0.423903 0.046875 0.179028
0 0.154172 0.301535 0.043094 0.101292
0 0.176305 0.601431 0.049031 0.105000
0 0.143410 0.790521 0.069773 0.080375
0 0.126758 0.688375 0.093344 0.112361
0 0.119492 0.181236 0.069812 0.117361
0 0.088227 0.564847 0.071250 0.105000
0 0.057703 0.424382 0.085938 0.102458
0 0.037047 0.718076 0.036344 0.076319
0 0.016918 0.682278 0.030523 0.088639
