0 0.567004 0.400306 0.049242 0.068139
0 0.534648 0.277014 0.065609 0.096333
0 0.533957 0.532361 0.055648 0.096667
0 0.489367 0.374528 0.056094 0.083861
0 0.452281 0.127764 0.077781 0.116083
0 0.447789 0.269986 0.062922 0.129667
0 0.454848 0.776368 0.054383 0.116319
0 0.398934 0.437424 0.065648 0.118403
0 0.390379 0.346861 0.054023 0.060556
0 0.377977 0.598222 0.071953 0.091389
0 0.343918 0.246667 0.080961 0.068056
0 0.327945 0.134208 0.067641 0.103750
0 0.326312 0.428812 0.070547 0.111097
0 0.259336 0.129819 0.071172 0.096389
0 0.326105 0.776264 0.064180 0.070361
0 0.303484 0.633556 0.066125 0.128333
0 0.267773 0.312556 0.075547 0.098750
0 0.232078 0.551319 0.056094 0.082778
0 0.236910 0.481403 0.045117 0.044611
0 0.207203 0.743389 0.070547 0.082778
0 0.199020 0.200000 0.059383 0.107444
0 0.194180 0.358361 0.067641 0.097639
0 0.179359 0.475000 0.065781 0.103611
0 0.146398 0.244542 0.028750 0.095000
0 0.105531 0.195278 0.069719 0.091389
0 0.136527 0.651875 0.046180 0.087639
0 0.135840 0.824236 0.029445 0.062972
0 0.105973 0.347125 0.058602 0.103806
0 0.113582 0.528528 0.044070 0.106250
0 0.086773 0.769625 0.054516 0.074306
0 0.074828 0.421847 0.063750 0.082778
0 0.057172 0.276486 0.035234 0.088889
0 0.061457 0.523826 0.074242 0.123458
0 0.057727 0.659486 0.069844 0.118611
0 0.009398 0.412285 0.017734 0.156792
0 0.007137 0.595618 0.014273 0.087653
