0 0.597844 0.400181 0.049250 0.068083
0 0.565234 0.276681 0.065609 0.096333
0 0.565094 0.532625 0.055609 0.096528
0 0.520961 0.373903 0.056094 0.083861
0 0.482270 0.128090 0.076867 0.116069
0 0.478520 0.270444 0.060977 0.129667
0 0.487211 0.776993 0.055312 0.116097
0 0.430211 0.437618 0.065656 0.118403
0 0.421340 0.346694 0.054023 0.060556
0 0.409313 0.598535 0.071953 0.091375
0 0.374707 0.247056 0.080961 0.068056
0 0.358203 0.134139 0.067234 0.103750
0 0.358113 0.428542 0.069523 0.111111
0 0.289836 0.130236 0.071172 0.096389
0 0.359051 0.776681 0.064180 0.070361
0 0.335797 0.634597 0.065141 0.128333
0 0.298746 0.312417 0.074930 0.098750
0 0.264164 0.551556 0.056094 0.082778
0 0.268426 0.480819 0.044664 0.044611
0 0.239672 0.743111 0.070547 0.082778
0 0.229973 0.200389 0.059383 0.107444
0 0.225512 0.358250 0.067180 0.097639
0 0.211078 0.475181 0.065781 0.103611
0 0.177344 0.246167 0.028750 0.095000
0 0.136352 0.196042 0.069719 0.091389
0 0.168941 0.652208 0.046180 0.087639
0 0.168621 0.824347 0.029445 0.062972
0 0.137715 0.347889 0.058602 0.103806
0 0.145809 0.528639 0.044070 0.106250
0 0.119477 0.771097 0.054516 0.074306
0 0.106977 0.422736 0.063750 0.082778
0 0.088320 0.277222 0.035234 0.088889
0 0.094320 0.525118 0.073094 0.123458
0 0.090750 0.660042 0.069844 0.118611
0 0.025547 0.417847 0.046875 0.179028
0 0.015418 0.291889 0.030836 0.095500
0 0.027461 0.597444 0.040344 0.100667
0 0.014582 0.780451 0.019758 0.060625
0 0.010727 0.690743 0.021453 0.057319
0 0.004773 0.168208 0.009547 0.082722
