0 0.316816 0.412424 0.050305 0.071319
0 0.287180 0.280611 0.065609 0.098694
0 0.281551 0.539431 0.056648 0.100139
0 0.236078 0.382014 0.056094 0.083861
0 0.206504 0.130632 0.083711 0.116069
0 0.201207 0.282049 0.067555 0.129681
0 0.185941 0.782611 0.050633 0.118500
0 0.142094 0.450583 0.074687 0.128278
0 0.135336 0.354931 0.062344 0.060556
0 0.114719 0.604403 0.071953 0.091389
0 0.085578 0.258667 0.087891 0.068056
0 0.078266 0.140722 0.067641 0.103750
0 0.064570 0.441403 0.070547 0.111111
0 0.023109 0.142160 0.043953 0.087847
0 0.057109 0.791903 0.058594 0.070361
0 0.038086 0.654340 0.071594 0.128958
0 0.024613 0.325903 0.049227 0.100417
