0 0.376918 0.416799 0.049398 0.069403
0 0.345566 0.284056 0.065602 0.096667
0 0.342129 0.537736 0.056414 0.099306
0 0.295734 0.379958 0.056094 0.083861
0 0.265363 0.131556 0.081617 0.116083
0 0.259609 0.281924 0.061375 0.129681
0 0.250563 0.782521 0.050891 0.118514
0 0.205539 0.447146 0.074687 0.123542
0 0.197836 0.353722 0.062344 0.060556
0 0.179875 0.605069 0.071953 0.091389
0 0.147246 0.255222 0.085117 0.068056
0 0.137984 0.141708 0.067641 0.103750
0 0.127852 0.438167 0.070547 0.111111
0 0.068359 0.140153 0.071172 0.096389
0 0.118219 0.791903 0.058594 0.070361
0 0.097453 0.657736 0.081094 0.128333
0 0.071766 0.320681 0.075547 0.098750
0 0.032891 0.568194 0.056094 0.082778
0 0.038363 0.497139 0.048945 0.044611
0 0.019121 0.760056 0.038242 0.077056
0 0.018309 0.216674 0.036617 0.104986
0 0.016004 0.377340 0.028773 0.090597
0 0.006512 0.484264 0.013023 0.077778
