0 0.256715 0.408062 0.051211 0.073236
0 0.228797 0.277167 0.065609 0.100694
0 0.220969 0.539403 0.056891 0.100278
0 0.177555 0.377042 0.056094 0.083861
0 0.147648 0.129708 0.085797 0.116083
0 0.140543 0.273889 0.069195 0.129667
0 0.121316 0.782701 0.050383 0.118514
0 0.079078 0.441653 0.074688 0.117222
0 0.072836 0.350903 0.062344 0.060556
0 0.049570 0.603722 0.071953 0.091389
0 0.037512 0.249618 0.069680 0.067208
0 0.026188 0.139604 0.052375 0.097819
0 0.020336 0.432799 0.040672 0.100042
0 0.014887 0.784854 0.029773 0.061542
0 0.005121 0.636729 0.010242 0.076542
