0 0.336852 0.413882 0.050000 0.070681
0 0.306645 0.281757 0.065602 0.098014
0 0.301742 0.538861 0.056578 0.099861
0 0.255961 0.381333 0.056094 0.083861
0 0.226125 0.130944 0.083016 0.116083
0 0.221434 0.285458 0.067008 0.129667
0 0.207484 0.782583 0.050719 0.118500
0 0.163242 0.449444 0.074687 0.126694
0 0.156172 0.354528 0.062344 0.060556
0 0.136437 0.604625 0.071953 0.091389
0 0.106133 0.257514 0.086969 0.068056
0 0.098172 0.141042 0.067641 0.103750
0 0.085664 0.440319 0.070547 0.111111
0 0.033313 0.141201 0.062844 0.102403
0 0.077477 0.791903 0.058594 0.070361
0 0.054680 0.654764 0.081094 0.128333
0 0.034531 0.325097 0.069062 0.095583
0 0.009754 0.564306 0.019039 0.075000
0 0.010316 0.494757 0.020633 0.042736
