0 0.639508 0.401819 0.049250 0.068083
0 0.606492 0.276861 0.065609 0.096333
0 0.607172 0.533722 0.055609 0.096528
0 0.562133 0.374472 0.056094 0.083861
0 0.522496 0.130097 0.075008 0.116083
0 0.521309 0.271910 0.057086 0.129681
0 0.530523 0.778451 0.056547 0.116097
0 0.472187 0.438896 0.065656 0.118403
0 0.462801 0.348153 0.054023 0.060556
0 0.451906 0.600736 0.071953 0.091389
0 0.415449 0.248514 0.080961 0.068056
0 0.398633 0.135778 0.066406 0.103750
0 0.401012 0.428917 0.067461 0.111111
0 0.330273 0.131514 0.071172 0.096389
0 0.403187 0.778326 0.064172 0.070347
0 0.378492 0.637708 0.065141 0.128333
0 0.340207 0.313139 0.073695 0.098750
0 0.307273 0.552833 0.056094 0.082778
0 0.310504 0.481917 0.044461 0.044611
0 0.283188 0.744208 0.070547 0.082778
0 0.270816 0.202403 0.059383 0.107444
0 0.267230 0.359903 0.066258 0.097639
0 0.253570 0.475556 0.065781 0.103611
0 0.218602 0.248347 0.028750 0.095000
0 0.177445 0.197056 0.069719 0.091389
0 0.212160 0.652639 0.046180 0.087639
0 0.212332 0.824493 0.029445 0.062986
0 0.180035 0.348910 0.058602 0.103792
0 0.188785 0.528778 0.044070 0.106250
0 0.163090 0.773083 0.054508 0.074306
0 0.149828 0.423917 0.063750 0.082778
0 0.129852 0.278208 0.035234 0.088889
0 0.138137 0.526854 0.071570 0.123458
0 0.134773 0.660792 0.069844 0.118611
0 0.068461 0.419569 0.046875 0.179028
0 0.048445 0.296333 0.046953 0.101278
0 0.067020 0.598833 0.049023 0.105000
0 0.045906 0.783743 0.044766 0.070486
0 0.032180 0.686042 0.064359 0.113750
0 0.025609 0.178486 0.051219 0.111917
0 0.010727 0.557931 0.021453 0.085500
