0 0.806176 0.408410 0.049242 0.068097
0 0.771516 0.277597 0.065609 0.096333
0 0.775484 0.538111 0.055609 0.096528
0 0.725562 0.378583 0.056094 0.083861
0 0.683402 0.138153 0.067602 0.116083
0 0.685098 0.277764 0.056258 0.129667
0 0.703785 0.784299 0.061508 0.116097
0 0.640090 0.444014 0.065648 0.118389
0 0.628645 0.354014 0.054023 0.060556
0 0.622273 0.609514 0.071953 0.091389
0 0.578410 0.254375 0.080961 0.068056
0 0.560367 0.142361 0.063125 0.103750
0 0.572609 0.430375 0.059250 0.111111
0 0.492000 0.136639 0.071172 0.096389
0 0.579730 0.784910 0.064180 0.070347
0 0.549277 0.650139 0.065148 0.128333
0 0.506051 0.316069 0.068758 0.098750
0 0.479703 0.557944 0.056094 0.082778
0 0.478820 0.486306 0.043656 0.044611
0 0.457266 0.748597 0.070547 0.082778
0 0.434191 0.210451 0.059383 0.107431
0 0.434105 0.366486 0.062555 0.097639
0 0.423531 0.477014 0.065781 0.103611
0 0.383633 0.257069 0.028750 0.095000
0 0.341828 0.201125 0.069719 0.091389
0 0.385035 0.654389 0.046180 0.087639
0 0.387168 0.825069 0.029445 0.062972
0 0.349316 0.352972 0.058602 0.103806
0 0.360676 0.529361 0.044070 0.106250
0 0.337133 0.777361 0.054516 0.074306
0 0.320375 0.429639 0.063750 0.082778
0 0.297336 0.283917 0.035234 0.088889
0 0.312801 0.533132 0.066992 0.123458
0 0.311305 0.663556 0.069844 0.118611
0 0.240133 0.426486 0.046875 0.179028
0 0.217609 0.304653 0.040781 0.101278
0 0.241875 0.603000 0.049031 0.105000
0 0.209582 0.794007 0.069773 0.080375
0 0.192934 0.690986 0.093352 0.112361
0 0.182117 0.185583 0.067609 0.117361
0 0.153594 0.567167 0.069953 0.105000
0 0.120977 0.426465 0.085938 0.102458
0 0.098562 0.721681 0.042734 0.080278
0 0.067812 0.686944 0.060937 0.101194
