0 0.921566 0.410056 0.042992 0.068083
0 0.884539 0.276903 0.065609 0.096333
0 0.891625 0.537625 0.055609 0.096528
0 0.839656 0.376167 0.056094 0.083861
0 0.796184 0.139736 0.065289 0.116083
0 0.799875 0.276813 0.051719 0.129681
0 0.825113 0.783354 0.063055 0.116097
0 0.758184 0.443764 0.065648 0.118389
0 0.746617 0.354917 0.054031 0.060556
0 0.745305 0.608549 0.071953 0.091375
0 0.692355 0.251569 0.080961 0.068056
0 0.671324 0.145347 0.062086 0.103750
0 0.688211 0.437319 0.056688 0.111111
0 0.600875 0.136389 0.071172 0.096389
0 0.698441 0.785118 0.064180 0.070347
0 0.668789 0.649403 0.065141 0.128333
0 0.621941 0.317903 0.067211 0.098750
0 0.594523 0.556778 0.056094 0.082778
0 0.596008 0.486750 0.043406 0.044611
0 0.576766 0.749042 0.070547 0.082778
0 0.544105 0.213889 0.059383 0.107444
0 0.546152 0.364833 0.061398 0.097639
0 0.538617 0.479319 0.065781 0.103611
0 0.493539 0.257014 0.028750 0.095000
0 0.454652 0.200542 0.069727 0.091389
0 0.503121 0.655861 0.046180 0.087639
0 0.507434 0.825250 0.029445 0.062972
0 0.464199 0.356090 0.058602 0.103792
0 0.477145 0.536028 0.039352 0.106250
0 0.455727 0.773444 0.054516 0.074306
0 0.436133 0.432375 0.055953 0.082778
0 0.411898 0.284569 0.035234 0.088889
0 0.429047 0.536354 0.061250 0.123458
0 0.429359 0.664236 0.069844 0.118611
0 0.354711 0.429264 0.046875 0.179028
0 0.330984 0.300944 0.040781 0.101278
0 0.360277 0.601139 0.049023 0.105000
0 0.330879 0.791354 0.069773 0.080375
0 0.311105 0.690389 0.093352 0.112361
0 0.296281 0.192000 0.065766 0.117361
0 0.272949 0.562069 0.065164 0.105000
0 0.236516 0.427312 0.085938 0.102458
0 0.221266 0.726778 0.042734 0.080278
0 0.189555 0.681007 0.060937 0.101208
