0 0.712426 0.404708 0.049242 0.068083
0 0.678687 0.277187 0.065609 0.096319
0 0.680809 0.535639 0.055602 0.096528
0 0.633633 0.376278 0.056094 0.083861
0 0.592891 0.133625 0.071766 0.116083
0 0.595504 0.274472 0.051648 0.129667
0 0.606324 0.781007 0.058727 0.116097
0 0.545645 0.441139 0.065648 0.118389
0 0.535355 0.350715 0.054023 0.060569
0 0.526445 0.604569 0.071953 0.091389
0 0.486746 0.251083 0.080961 0.068056
0 0.469391 0.138653 0.064969 0.103750
0 0.476086 0.429556 0.063875 0.111111
0 0.401023 0.133764 0.071172 0.096389
0 0.480426 0.781208 0.064180 0.070361
0 0.453207 0.643153 0.065148 0.128333
0 0.412766 0.314417 0.071531 0.098750
0 0.382711 0.555069 0.056094 0.082778
0 0.384141 0.483833 0.044109 0.044611
0 0.359344 0.746125 0.070547 0.082778
0 0.342293 0.205924 0.059383 0.107431
0 0.340238 0.362778 0.064633 0.097639
0 0.327930 0.476194 0.065781 0.103611
0 0.290805 0.252167 0.028750 0.095000
0 0.249363 0.198833 0.069727 0.091389
0 0.287793 0.653403 0.046180 0.087639
0 0.288824 0.824743 0.029445 0.062986
0 0.254098 0.350687 0.058602 0.103792
0 0.263988 0.529042 0.044070 0.106250
0 0.239406 0.776542 0.054516 0.074306
0 0.224828 0.425972 0.063750 0.082778
0 0.202523 0.279931 0.035234 0.088889
0 0.214820 0.529875 0.068906 0.123444
0 0.211820 0.662083 0.069844 0.118611
0 0.143570 0.422597 0.046875 0.179028
0 0.122457 0.299972 0.044258 0.101278
0 0.143520 0.600653 0.049023 0.105000
0 0.110316 0.788778 0.069773 0.080361
0 0.093668 0.687069 0.093352 0.112361
0 0.088180 0.179056 0.070922 0.117361
0 0.056461 0.563611 0.071250 0.105000
0 0.035145 0.425431 0.067523 0.105806
0 0.013305 0.707715 0.017172 0.064458
