0 0.933164 0.208028 0.044141 0.107444
0 0.944586 0.370181 0.046109 0.097639
0 0.937570 0.473764 0.050141 0.103611
0 0.883383 0.253736 0.028750 0.095000
0 0.837930 0.199917 0.069719 0.091389
0 0.904082 0.651486 0.046180 0.087639
0 0.919438 0.822917 0.029438 0.062972
0 0.854027 0.346375 0.050430 0.103806
0 0.874375 0.530000 0.037781 0.106250
0 0.864102 0.778681 0.054516 0.074306
0 0.836879 0.432375 0.053352 0.082778
0 0.797102 0.284583 0.035234 0.088889
0 0.835313 0.529958 0.059328 0.123444
0 0.836375 0.660736 0.069844 0.118611
0 0.749898 0.428306 0.052750 0.179028
0 0.721484 0.306625 0.040781 0.101278
0 0.766719 0.600528 0.055391 0.105000
0 0.742820 0.794229 0.075094 0.080375
0 0.723598 0.689472 0.093352 0.112361
0 0.679695 0.190076 0.055109 0.113569
0 0.674438 0.566819 0.062172 0.105000
0 0.633336 0.428417 0.083250 0.102472
0 0.627617 0.722972 0.042734 0.080278
0 0.603711 0.689382 0.060937 0.101208
