0 0.942852 0.263486 0.028750 0.095000
0 0.898395 0.199917 0.069727 0.091389
0 0.963707 0.657403 0.026023 0.087639
0 0.966797 0.820319 0.021094 0.062972
0 0.915559 0.344653 0.049070 0.103806
0 0.933484 0.535722 0.032250 0.106250
0 0.925855 0.779708 0.038227 0.074306
0 0.900160 0.432375 0.053352 0.082778
0 0.857922 0.284750 0.035234 0.088889
0 0.903160 0.531687 0.059336 0.123458
0 0.899891 0.663361 0.069844 0.118611
0 0.812172 0.427986 0.053734 0.179028
0 0.783008 0.307569 0.040781 0.101278
0 0.830813 0.600528 0.056453 0.105000
0 0.807801 0.795021 0.075977 0.080375
0 0.788848 0.689472 0.093352 0.112361
0 0.740152 0.189604 0.053336 0.112931
0 0.737738 0.567764 0.061820 0.105000
0 0.695973 0.428569 0.082805 0.102472
0 0.691625 0.722181 0.042734 0.080278
0 0.669055 0.690951 0.060937 0.101208
