0 0.934961 0.388514 0.024141 0.083861
0 0.902879 0.144799 0.042008 0.112458
0 0.905844 0.282174 0.052469 0.129681
0 0.935238 0.783660 0.063055 0.116097
0 0.865375 0.443854 0.065656 0.118403
0 0.852395 0.352486 0.054023 0.060556
0 0.852305 0.605903 0.071953 0.091389
0 0.795508 0.250736 0.080969 0.068056
0 0.773211 0.142833 0.062094 0.103750
0 0.792234 0.437514 0.056687 0.111111
0 0.700875 0.135069 0.071172 0.096389
0 0.810594 0.781410 0.064172 0.070347
0 0.774168 0.647861 0.065148 0.128333
0 0.723848 0.317514 0.067211 0.098750
0 0.699359 0.556556 0.056094 0.082778
0 0.701266 0.485736 0.043406 0.044611
0 0.683938 0.748361 0.070547 0.082778
0 0.648246 0.210674 0.059383 0.107431
0 0.651832 0.361486 0.061398 0.097639
0 0.643289 0.479333 0.065781 0.103611
0 0.595297 0.255562 0.028750 0.094986
0 0.555758 0.199917 0.069719 0.091389
0 0.608832 0.655125 0.046180 0.087639
0 0.616004 0.824736 0.029445 0.062972
0 0.566895 0.354417 0.056789 0.103806
0 0.581684 0.536361 0.037789 0.106250
0 0.563219 0.774139 0.054516 0.074306
0 0.541598 0.432375 0.053352 0.082778
0 0.513297 0.283847 0.035234 0.088889
0 0.535461 0.535417 0.059328 0.123444
0 0.536008 0.663458 0.069844 0.118611
0 0.459277 0.429778 0.048180 0.179028
0 0.434367 0.302208 0.040781 0.101278
0 0.467613 0.600528 0.050445 0.105000
0 0.439570 0.790556 0.070953 0.080361
0 0.419105 0.689472 0.093352 0.112361
0 0.397555 0.192292 0.063406 0.116528
0 0.379047 0.562403 0.063828 0.105000
0 0.341039 0.427681 0.085344 0.102472
0 0.328914 0.726653 0.042734 0.080278
0 0.298813 0.682021 0.060937 0.101208
