0 0.947363 0.246833 0.033680 0.091389
0 0.962773 0.438556 0.042266 0.082778
0 0.920168 0.287750 0.033836 0.088889
0 0.964375 0.540674 0.041406 0.123458
0 0.960297 0.665472 0.063594 0.118611
0 0.875297 0.428139 0.054547 0.179028
0 0.845094 0.308181 0.040781 0.101278
0 0.894227 0.604222 0.055672 0.105000
0 0.873414 0.796090 0.076719 0.080375
0 0.854336 0.690083 0.092422 0.112361
0 0.801895 0.190410 0.052648 0.111792
0 0.801301 0.569083 0.061523 0.105000
0 0.758656 0.429139 0.081984 0.102472
0 0.756031 0.721986 0.042734 0.080278
0 0.734305 0.692271 0.060594 0.101208
