0 0.939805 0.388514 0.014453 0.083861
0 0.913613 0.145472 0.039102 0.112000
0 0.916578 0.282958 0.052469 0.129667
0 0.944730 0.784896 0.063055 0.116097
0 0.876039 0.443944 0.065656 0.118389
0 0.862859 0.352222 0.054031 0.060556
0 0.862766 0.605722 0.071953 0.091389
0 0.805777 0.250819 0.080961 0.068056
0 0.783430 0.142486 0.062094 0.103750
0 0.802656 0.437278 0.056688 0.111111
0 0.710945 0.134972 0.071172 0.096389
0 0.821965 0.781028 0.064180 0.070361
0 0.784590 0.647861 0.065148 0.128333
0 0.733918 0.317424 0.067211 0.098736
0 0.709922 0.556639 0.056094 0.082778
0 0.711730 0.485653 0.043398 0.044611
0 0.694625 0.748306 0.070547 0.082778
0 0.658809 0.210229 0.059383 0.107431
0 0.662543 0.361222 0.061398 0.097639
0 0.653789 0.479264 0.065781 0.103611
0 0.605586 0.255500 0.028750 0.095000
0 0.565836 0.199917 0.069719 0.091389
0 0.619379 0.655000 0.046180 0.087639
0 0.626840 0.824667 0.029445 0.062972
0 0.577148 0.354132 0.056563 0.103792
0 0.592137 0.536139 0.037789 0.106250
0 0.573969 0.774292 0.054516 0.074306
0 0.552145 0.432375 0.053352 0.082778
0 0.523430 0.283875 0.035234 0.088889
0 0.546168 0.535222 0.059336 0.123444
0 0.546734 0.663361 0.069844 0.118611
0 0.469656 0.429722 0.048344 0.179028
0 0.444625 0.302368 0.040781 0.101292
0 0.478293 0.600528 0.050617 0.105000
0 0.450398 0.790688 0.071109 0.080375
0 0.429980 0.689472 0.093352 0.112361
0 0.407629 0.192215 0.063102 0.116403
0 0.389594 0.562556 0.063766 0.105000
0 0.351477 0.427708 0.085266 0.102472
0 0.339586 0.726514 0.042734 0.080278
0 0.309695 0.682285 0.060937 0.101208
