0 0.945973 0.222139 0.033680 0.091389
0 0.950469 0.367806 0.034219 0.071722
0 0.957230 0.438556 0.053352 0.082778
0 0.908602 0.284875 0.035234 0.088889
0 0.959180 0.540674 0.051797 0.123458
0 0.952656 0.665472 0.063594 0.118611
0 0.864070 0.427722 0.054547 0.179028
0 0.834281 0.308361 0.040781 0.101278
0 0.884223 0.600528 0.057336 0.105000
0 0.861953 0.795681 0.076719 0.080361
0 0.843223 0.689472 0.093352 0.112361
0 0.790539 0.189215 0.051859 0.112403
0 0.790488 0.568556 0.061523 0.105000
0 0.748168 0.428701 0.082430 0.102458
0 0.744961 0.721528 0.042734 0.080278
0 0.723500 0.692271 0.060937 0.101208
