0 0.900422 0.137014 0.060547 0.104639
0 0.928492 0.318625 0.056125 0.098750
0 0.911016 0.555431 0.049375 0.082778
0 0.913020 0.483972 0.043398 0.044611
0 0.897891 0.748319 0.067078 0.082778
0 0.850988 0.207062 0.059383 0.107431
0 0.861082 0.356819 0.061398 0.097639
0 0.853305 0.477847 0.065781 0.103611
0 0.801070 0.254264 0.028750 0.095000
0 0.757309 0.199917 0.069727 0.091389
0 0.819727 0.652528 0.046187 0.087639
0 0.832738 0.823438 0.029445 0.062986
0 0.771992 0.348674 0.052250 0.103792
0 0.790750 0.531819 0.037781 0.106250
0 0.778133 0.777375 0.054516 0.074306
0 0.752512 0.432375 0.053352 0.082778
0 0.716016 0.284375 0.035234 0.088889
0 0.749641 0.531521 0.059328 0.123458
0 0.750555 0.661514 0.069844 0.118611
0 0.666863 0.428722 0.051445 0.179028
0 0.639453 0.305361 0.040781 0.101278
0 0.681262 0.600528 0.053977 0.105000
0 0.656176 0.793181 0.073914 0.080361
0 0.636598 0.689472 0.093352 0.112361
0 0.599086 0.190715 0.057484 0.114403
0 0.590043 0.565556 0.062648 0.105000
0 0.549824 0.428208 0.083852 0.102472
0 0.542273 0.724028 0.042734 0.080278
0 0.516602 0.687278 0.060937 0.101194
