0 0.969375 0.442264 0.055469 0.075361
0 0.931738 0.290639 0.032445 0.088889
0 0.974102 0.540674 0.046953 0.123458
0 0.967133 0.665472 0.057828 0.118611
0 0.886523 0.428549 0.054547 0.179014
0 0.855906 0.308000 0.040781 0.101278
0 0.905098 0.605764 0.054008 0.105000
0 0.884867 0.796500 0.076719 0.080361
0 0.865449 0.690694 0.091492 0.112361
0 0.813254 0.191597 0.053445 0.111167
0 0.812113 0.569611 0.061523 0.105000
0 0.769148 0.429583 0.081531 0.102472
0 0.767094 0.722458 0.042734 0.080278
0 0.745117 0.692271 0.060250 0.101208
