0 0.926043 0.260521 0.065367 0.069292
0 0.904395 0.150597 0.057398 0.103750
0 0.928668 0.430208 0.053914 0.111111
0 0.831773 0.134542 0.071172 0.096389
0 0.950195 0.773389 0.043359 0.070361
0 0.915836 0.650326 0.065141 0.128319
0 0.857590 0.315542 0.067211 0.098750
0 0.836477 0.556361 0.056094 0.082778
0 0.836574 0.482333 0.043398 0.044611
0 0.822828 0.747736 0.070547 0.082778
0 0.781312 0.207542 0.059391 0.107444
0 0.787816 0.356299 0.061398 0.097625
0 0.779797 0.478361 0.065781 0.103611
0 0.729047 0.254722 0.028750 0.095000
0 0.686766 0.199917 0.069719 0.091389
0 0.745914 0.653431 0.046188 0.087639
0 0.756883 0.823889 0.029437 0.062972
0 0.700207 0.350681 0.053836 0.103806
0 0.717578 0.533417 0.037781 0.106250
0 0.702914 0.776250 0.054516 0.074306
0 0.678691 0.432375 0.053352 0.082778
0 0.645063 0.284194 0.035234 0.088889
0 0.674680 0.532882 0.059328 0.123458
0 0.675469 0.662194 0.069844 0.118611
0 0.594207 0.429097 0.050305 0.179028
0 0.567672 0.304257 0.040781 0.101292
0 0.606480 0.600528 0.052742 0.105000
0 0.580363 0.792264 0.072883 0.080361
0 0.560480 0.689472 0.093352 0.112361
0 0.528551 0.191264 0.059555 0.115139
0 0.516195 0.564458 0.063063 0.105000
0 0.476746 0.428021 0.084367 0.102458
0 0.467594 0.724944 0.042734 0.080278
0 0.440375 0.685438 0.060937 0.101208
