0 0.923105 0.208028 0.051758 0.107444
0 0.935906 0.368125 0.053750 0.097639
0 0.926984 0.475000 0.055359 0.103611
0 0.873094 0.253806 0.028750 0.095000
0 0.827852 0.199917 0.069719 0.091389
0 0.893539 0.651611 0.046187 0.087639
0 0.908598 0.822979 0.029445 0.062986
0 0.843773 0.346660 0.050656 0.103792
0 0.863922 0.530222 0.037781 0.106250
0 0.853352 0.778514 0.054516 0.074306
0 0.826336 0.432375 0.053344 0.082778
0 0.786969 0.284556 0.035234 0.088889
0 0.824605 0.530160 0.059336 0.123458
0 0.825648 0.660833 0.069844 0.118611
0 0.739520 0.428361 0.052586 0.179028
0 0.711227 0.306465 0.040781 0.101292
0 0.756035 0.600528 0.055211 0.105000
0 0.731988 0.794104 0.074945 0.080375
0 0.712723 0.689472 0.093352 0.112361
0 0.669621 0.190160 0.055414 0.113681
0 0.663891 0.566653 0.062234 0.105000
0 0.622898 0.428389 0.083328 0.102472
0 0.616945 0.723097 0.042734 0.080278
0 0.592828 0.689118 0.060937 0.101208
