0 0.909570 0.138257 0.055234 0.108764
0 0.937758 0.320681 0.050578 0.098750
0 0.921949 0.555222 0.046023 0.082778
0 0.925348 0.485826 0.043398 0.044625
0 0.908711 0.748736 0.065344 0.082778
0 0.860941 0.207000 0.059383 0.107444
0 0.872105 0.358361 0.061398 0.097639
0 0.863805 0.477764 0.065781 0.103611
0 0.811359 0.254194 0.028750 0.095000
0 0.767387 0.199917 0.069727 0.091389
0 0.830270 0.652403 0.046180 0.087639
0 0.843578 0.823368 0.029437 0.062986
0 0.782246 0.348382 0.052023 0.103792
0 0.801203 0.531597 0.037781 0.106250
0 0.788879 0.777542 0.054508 0.074306
0 0.763059 0.432375 0.053352 0.082778
0 0.726148 0.284403 0.035234 0.088889
0 0.760352 0.531326 0.059328 0.123458
0 0.761281 0.661417 0.069844 0.118611
0 0.677242 0.428667 0.051609 0.179028
0 0.649703 0.305521 0.040781 0.101292
0 0.691941 0.600528 0.054148 0.105000
0 0.667008 0.793312 0.074062 0.080375
0 0.647473 0.689472 0.093352 0.112361
0 0.609160 0.190639 0.057180 0.114306
0 0.600590 0.565708 0.062586 0.105000
0 0.560262 0.428229 0.083773 0.102458
0 0.552937 0.723889 0.042734 0.080278
0 0.527484 0.687535 0.060937 0.101208
