0 0.933125 0.263486 0.028750 0.095000
0 0.888316 0.199917 0.069727 0.091389
0 0.954070 0.655861 0.031062 0.087639
0 0.966797 0.820319 0.021094 0.062972
0 0.905301 0.344938 0.049305 0.103792
0 0.923934 0.534181 0.033633 0.106250
0 0.915789 0.779528 0.042297 0.074306
0 0.889613 0.432375 0.053352 0.082778
0 0.847781 0.284722 0.035234 0.088889
0 0.891555 0.531160 0.059328 0.123458
0 0.889375 0.662653 0.069844 0.118611
0 0.801793 0.428042 0.053570 0.179028
0 0.772758 0.307410 0.040781 0.101292
0 0.820129 0.600528 0.056273 0.105000
0 0.796973 0.794889 0.075836 0.080361
0 0.777973 0.689472 0.093352 0.112361
0 0.730082 0.189687 0.053633 0.113042
0 0.727187 0.567597 0.061875 0.105000
0 0.685531 0.428542 0.082875 0.102472
0 0.680953 0.722319 0.042734 0.080278
0 0.658164 0.690688 0.060937 0.101208
