0 0.942852 0.263486 0.028750 0.095000
0 0.908473 0.199917 0.069727 0.091389
0 0.925812 0.344368 0.048844 0.103792
0 0.944594 0.539417 0.032250 0.106250
0 0.935922 0.779889 0.034156 0.074306
0 0.910699 0.432375 0.053352 0.082778
0 0.868055 0.284764 0.035234 0.088889
0 0.914770 0.532215 0.059336 0.123458
0 0.910406 0.664069 0.069844 0.118611
0 0.822555 0.427931 0.053891 0.179028
0 0.793266 0.307722 0.040781 0.101278
0 0.841492 0.600528 0.056625 0.105000
0 0.818633 0.795153 0.076125 0.080361
0 0.799723 0.689472 0.093352 0.112361
0 0.750230 0.189528 0.053039 0.112833
0 0.748289 0.567917 0.061766 0.105000
0 0.706410 0.428597 0.082727 0.102472
0 0.702289 0.722056 0.042734 0.080278
0 0.679938 0.691215 0.060937 0.101208
