0 0.882125 0.134542 0.071172 0.096389
0 0.971055 0.657757 0.053359 0.128375
0 0.909961 0.314514 0.067219 0.098750
0 0.889141 0.555847 0.056094 0.082778
0 0.888367 0.480271 0.043406 0.044625
0 0.876242 0.747500 0.070547 0.082778
0 0.831082 0.207201 0.059383 0.107431
0 0.839035 0.353722 0.061398 0.097639
0 0.832305 0.477986 0.065781 0.103611
0 0.780492 0.254389 0.028750 0.095000
0 0.737156 0.199917 0.069719 0.091389
0 0.798637 0.652792 0.046180 0.087639
0 0.811066 0.823562 0.029445 0.062986
0 0.751477 0.349243 0.052703 0.103792
0 0.769844 0.532278 0.037781 0.106250
0 0.756641 0.777056 0.054516 0.074306
0 0.731426 0.432375 0.053352 0.082778
0 0.695742 0.284319 0.035234 0.088889
0 0.728223 0.531910 0.059336 0.123458
0 0.729102 0.661708 0.069844 0.118611
0 0.646105 0.428833 0.051117 0.179028
0 0.618945 0.305049 0.040781 0.101292
0 0.659895 0.600528 0.053617 0.105000
0 0.634516 0.792924 0.073609 0.080375
0 0.614852 0.689472 0.093344 0.112361
0 0.578930 0.190868 0.058078 0.114625
0 0.568941 0.565236 0.062758 0.105000
0 0.528945 0.428153 0.084000 0.102472
0 0.520937 0.724278 0.042734 0.080278
0 0.494820 0.686750 0.060937 0.101194
