0 0.964227 0.747500 0.043734 0.082778
0 0.912336 0.207611 0.054297 0.107444
0 0.927230 0.366069 0.061398 0.097639
0 0.916395 0.476236 0.060570 0.103611
0 0.862805 0.253875 0.028750 0.095000
0 0.817773 0.199917 0.069719 0.091389
0 0.882996 0.651750 0.046180 0.087639
0 0.897762 0.823042 0.029445 0.062972
0 0.833516 0.346951 0.050891 0.103792
0 0.853469 0.530458 0.037781 0.106250
0 0.842609 0.778361 0.054516 0.074306
0 0.815793 0.432375 0.053352 0.082778
0 0.776828 0.284528 0.035234 0.088889
0 0.813898 0.530354 0.059328 0.123458
0 0.814922 0.660931 0.069844 0.118611
0 0.729141 0.428403 0.052422 0.179028
0 0.700977 0.306306 0.040781 0.101278
0 0.745355 0.600528 0.055039 0.105000
0 0.721156 0.793972 0.074797 0.080361
0 0.701848 0.689472 0.093352 0.112361
0 0.659543 0.190236 0.055711 0.113778
0 0.653340 0.566500 0.062289 0.105000
0 0.612457 0.428361 0.083398 0.102472
0 0.606281 0.723236 0.042734 0.080278
0 0.581937 0.688854 0.060937 0.101208
