0 0.956699 0.463500 0.048633 0.118389
0 0.954617 0.373194 0.054031 0.060556
0 0.956590 0.607792 0.054961 0.091389
0 0.900168 0.247556 0.080961 0.068056
0 0.875258 0.146472 0.062094 0.103750
0 0.896371 0.429597 0.056227 0.111111
0 0.801570 0.134542 0.071172 0.096389
0 0.923273 0.775854 0.058984 0.070347
0 0.883895 0.647861 0.065148 0.128333
0 0.826164 0.316153 0.067219 0.098750
0 0.804883 0.556667 0.056094 0.082778
0 0.805496 0.483563 0.043398 0.044625
0 0.790773 0.747875 0.070547 0.082778
0 0.751449 0.207750 0.059383 0.107444
0 0.757090 0.357847 0.061398 0.097639
0 0.748297 0.478597 0.065781 0.103611
0 0.698188 0.254917 0.028750 0.095000
0 0.656535 0.199917 0.069727 0.091389
0 0.714277 0.653833 0.046180 0.087639
0 0.724371 0.824083 0.029445 0.062972
0 0.669441 0.351542 0.054523 0.103806
0 0.686219 0.534097 0.037781 0.106250
0 0.670680 0.775750 0.054516 0.074306
0 0.647059 0.432375 0.053352 0.082778
0 0.614656 0.284111 0.035234 0.088889
0 0.642551 0.533465 0.059336 0.123458
0 0.643281 0.662486 0.069844 0.118611
0 0.563070 0.429250 0.049812 0.179028
0 0.536906 0.303785 0.040781 0.101292
0 0.574434 0.600528 0.052211 0.105000
0 0.547871 0.791868 0.072430 0.080375
0 0.527855 0.689472 0.093352 0.112361
0 0.498316 0.191500 0.060445 0.115472
0 0.484547 0.563986 0.063234 0.105000
0 0.445430 0.427944 0.084594 0.102472
0 0.435594 0.725333 0.042734 0.080278
0 0.407703 0.684646 0.060937 0.101208
