0 0.964090 0.446875 0.051836 0.111111
0 0.872055 0.134542 0.071172 0.096389
0 0.966523 0.657757 0.044297 0.128375
0 0.899488 0.314722 0.067211 0.098750
0 0.878609 0.555944 0.056094 0.082778
0 0.878008 0.480681 0.043406 0.044611
0 0.865563 0.747556 0.070547 0.082778
0 0.821129 0.207271 0.059383 0.107431
0 0.828793 0.354236 0.061398 0.097639
0 0.821797 0.478069 0.065781 0.103611
0 0.770203 0.254458 0.028750 0.095000
0 0.727078 0.199917 0.069719 0.091389
0 0.788090 0.652917 0.046180 0.087639
0 0.800230 0.823632 0.029445 0.062986
0 0.741223 0.349535 0.052930 0.103792
0 0.759391 0.532500 0.037781 0.106250
0 0.745898 0.776889 0.054516 0.074306
0 0.720879 0.432375 0.053352 0.082778
0 0.685609 0.284292 0.035234 0.088889
0 0.717516 0.532104 0.059328 0.123458
0 0.718375 0.661806 0.069844 0.118611
0 0.635727 0.428875 0.050953 0.179028
0 0.608688 0.304889 0.040781 0.101278
0 0.649215 0.600528 0.053445 0.105000
0 0.623687 0.792785 0.073469 0.080375
0 0.603977 0.689472 0.093344 0.112361
0 0.568855 0.190951 0.058367 0.114736
0 0.558395 0.565083 0.062820 0.105000
0 0.518504 0.428125 0.084070 0.102472
0 0.510266 0.724417 0.042734 0.080278
0 0.483930 0.686493 0.060937 0.101208
