0 0.919637 0.141361 0.049320 0.107556
0 0.948867 0.326208 0.038047 0.109806
0 0.932887 0.555028 0.042664 0.082778
0 0.937672 0.487681 0.043406 0.044611
0 0.919535 0.749153 0.063602 0.082778
0 0.870895 0.206931 0.059383 0.107444
0 0.883129 0.359903 0.061398 0.097639
0 0.874305 0.477694 0.065781 0.103611
0 0.821648 0.254139 0.028750 0.095000
0 0.777465 0.199917 0.069727 0.091389
0 0.840816 0.652264 0.046180 0.087639
0 0.854418 0.823306 0.029445 0.062972
0 0.792500 0.348097 0.051797 0.103806
0 0.811656 0.531361 0.037781 0.106250
0 0.799625 0.777708 0.054516 0.074306
0 0.773605 0.432375 0.053352 0.082778
0 0.736289 0.284431 0.035234 0.088889
0 0.771059 0.531132 0.059336 0.123458
0 0.772008 0.661319 0.069844 0.118611
0 0.687621 0.428625 0.051773 0.179028
0 0.659961 0.305681 0.040781 0.101278
0 0.702625 0.600528 0.054328 0.105000
0 0.677836 0.793444 0.074203 0.080361
0 0.658348 0.689472 0.093352 0.112361
0 0.619234 0.190556 0.056891 0.114194
0 0.611141 0.565875 0.062531 0.105000
0 0.570699 0.428257 0.083695 0.102458
0 0.563609 0.723764 0.042734 0.080278
0 0.538375 0.687799 0.060937 0.101208
