0 0.941094 0.201153 0.037812 0.091389
0 0.950469 0.351771 0.034219 0.103792
0 0.961602 0.780236 0.014922 0.074306
0 0.944035 0.434847 0.053352 0.082778
0 0.898461 0.284847 0.035234 0.088889
0 0.946680 0.533271 0.051797 0.123458
0 0.942227 0.665472 0.070547 0.118611
0 0.853691 0.427778 0.054383 0.179028
0 0.824023 0.308194 0.040781 0.101278
0 0.873539 0.600528 0.057156 0.105000
0 0.851121 0.795549 0.076570 0.080375
0 0.832348 0.689472 0.093352 0.112361
0 0.780461 0.189292 0.052156 0.112500
0 0.779934 0.568389 0.061586 0.105000
0 0.737727 0.428681 0.082500 0.102472
0 0.734297 0.721653 0.042734 0.080278
0 0.712609 0.692007 0.060937 0.101208
