0 0.941211 0.388514 0.011641 0.083861
0 0.924344 0.146139 0.036187 0.111556
0 0.927309 0.283743 0.052477 0.129681
0 0.954898 0.783417 0.057656 0.115333
0 0.886707 0.444028 0.065648 0.118389
0 0.873328 0.351958 0.054031 0.060556
0 0.873234 0.605556 0.071953 0.091389
0 0.816043 0.250917 0.080961 0.068056
0 0.793648 0.142125 0.062094 0.103750
0 0.813078 0.437028 0.056687 0.111111
0 0.721008 0.134889 0.071172 0.096389
0 0.833336 0.780639 0.064172 0.070361
0 0.795004 0.647861 0.065148 0.128333
0 0.743988 0.317333 0.067211 0.098750
0 0.720492 0.556722 0.056094 0.082778
0 0.722195 0.485563 0.043406 0.044625
0 0.705305 0.748264 0.070547 0.082778
0 0.669371 0.209792 0.059383 0.107444
0 0.673262 0.360958 0.061398 0.097639
0 0.664289 0.479194 0.065781 0.103611
0 0.615875 0.255431 0.028750 0.095000
0 0.575914 0.199917 0.069719 0.091389
0 0.629926 0.654861 0.046180 0.087639
0 0.637676 0.824604 0.029445 0.062986
0 0.587402 0.353840 0.056336 0.103792
0 0.602590 0.535917 0.037789 0.106250
0 0.584711 0.774458 0.054516 0.074306
0 0.562691 0.432375 0.053352 0.082778
0 0.533570 0.283903 0.035234 0.088889
0 0.556879 0.535028 0.059336 0.123444
0 0.557461 0.663264 0.069844 0.118611
0 0.480035 0.429667 0.048508 0.179028
0 0.454875 0.302528 0.040781 0.101278
0 0.488977 0.600528 0.050797 0.105000
0 0.461227 0.790819 0.071250 0.080361
0 0.440855 0.689472 0.093352 0.112361
0 0.417703 0.192139 0.062813 0.116306
0 0.400145 0.562722 0.063711 0.105000
0 0.361918 0.427736 0.085195 0.102472
0 0.350250 0.726389 0.042734 0.080278
0 0.320586 0.682549 0.060937 0.101208
