0 0.943289 0.269167 0.054969 0.070111
0 0.921922 0.153056 0.048016 0.103750
0 0.947883 0.437000 0.051844 0.111111
0 0.851914 0.134542 0.071172 0.096389
0 0.974500 0.779563 0.043359 0.070347
0 0.938871 0.650736 0.065148 0.128333
0 0.878535 0.315125 0.067211 0.098750
0 0.857539 0.556153 0.056094 0.082778
0 0.857289 0.481500 0.043406 0.044611
0 0.844195 0.747639 0.070547 0.082778
0 0.801223 0.207410 0.059383 0.107431
0 0.808301 0.355264 0.061398 0.097639
0 0.800797 0.478222 0.065781 0.103611
0 0.749625 0.254583 0.028750 0.095000
0 0.706922 0.199917 0.069719 0.091389
0 0.767004 0.653181 0.046180 0.087639
0 0.778559 0.823757 0.029445 0.062986
0 0.720715 0.350104 0.053383 0.103792
0 0.738484 0.532958 0.037781 0.106250
0 0.724406 0.776569 0.054516 0.074306
0 0.699785 0.432375 0.053352 0.082778
0 0.665336 0.284250 0.035234 0.088889
0 0.696098 0.532493 0.059336 0.123458
0 0.696922 0.662000 0.069844 0.118611
0 0.614965 0.428986 0.050633 0.179028
0 0.588180 0.304569 0.040781 0.101278
0 0.627848 0.600528 0.053086 0.105000
0 0.602023 0.792528 0.073172 0.080361
0 0.582230 0.689472 0.093352 0.112361
0 0.548699 0.191111 0.058961 0.114944
0 0.537293 0.564764 0.062945 0.105000
0 0.497625 0.428069 0.084219 0.102472
0 0.488930 0.724681 0.042734 0.080278
0 0.462148 0.685965 0.060937 0.101208
