0 787.88434 419.47498 78.36676 68.44931
0 697.7365 350.12805 105.936584 94.12106
0 778.864 502.6717 95.14691 89.45404
0 676.3993 441.2713 91.03522 81.35773
0 547.4176 301.27878 126.17493 112.69101
0 596.3046 383.18253 113.00134 112.157166
0 754.533 688.3847 96.56384 99.007996
0 582.2392 517.1614 112.74292 107.10095
0 561.8759 491.02887 81.50128 66.497986
0 610.64417 630.0892 111.82269 94.86249
0 457.0863 447.1622 115.19354 86.334076
0 411.2837 384.54993 110.57831 99.64661
0 492.6363 554.73975 116.217224 105.631836
0 325.02975 420.44177 112.44202 97.34955
0 603.62964 774.798 96.33002 78.067505
0 518.48474 685.0567 125.48352 117.70471
0 389.01056 522.0518 118.25931 101.23364
0 431.27606 693.7302 90.70392 80.72217
0 428.43442 666.5896 69.48447 53.630493
0 452.00354 819.29626 107.54974 89.00305
0 280.0873 499.27075 102.07913 97.07544
0 320.8675 596.6765 108.70883 96.06006
0 337.18015 668.0595 108.3678 98.49933
0 254.11516 565.5109 62.57173 72.22821
0 183.90321 546.68134 92.91652 83.616516
0 353.43442 808.4851 80.63559 77.894775
0 417.5071 924.4285 53.583954 53.829163
0 226.7858 639.21027 91.37085 85.90015
0 289.26535 745.11523 83.86966 87.60864
0 361.77948 912.30536 54.55365 56.22174
0 257.016 715.3675 46.78427 53.075684
0 277.0364 757.47864 54.43091 78.49078
0 320.4677 844.74164 26.439056 36.223206
