0 74.65234375 196.50183 46.913330078125 95.93063
0 85.4298095703125 615.26434 76.8062744140625 66.25531
0 112.0670166015625 224.5497 85.2703857421875 84.09746
0 100.6416015625 338.3911 90.7803955078125 78.174225
0 119.74072265625 411.8026 97.189208984375 83.06796
0 201.9617919921875 254.72778 46.046875 70.506714
0 231.41455078125 207.10735 101.68402099609375 75.36232
0 191.7203369140625 533.0942 69.2994384765625 68.56995
0 196.5689697265625 663.50073 44.6956787109375 48.60144
0 233.000244140625 308.65884 77.19635009765625 80.57822
0 228.23388671875 438.779 59.1771240234375 79.87372
0 250.96337890625 616.59607 79.715087890625 60.88678
0 262.92547607421875 371.05646 78.73541259765625 66.50824
0 317.04266357421875 261.92978 54.45526123046875 67.471405
0 267.24798583984375 423.71292 89.81048583984375 95.570526
0 268.24432373046875 514.40607 103.80963134765625 94.11682
0 377.92755126953125 319.86636 84.16656494140625 132.54602
0 418.0250244140625 258.46643 62.9129638671875 76.989136
0 369.46319580078125 466.358 82.38751220703125 82.06943
0 403.93988037109375 601.72626 107.6287841796875 68.66675
0 408.9483642578125 513.7668 135.43377685546875 94.02252
0 455.14990234375 165.6764 84.5826416015625 88.390335
0 487.2509765625 425.72635 92.61053466796875 83.41019
0 518.6469116210938 322.43942 121.25054931640625 85.45062
0 577.1734008789062 535.58984 64.06939697265625 62.888
0 595.0179443359375 498.4382 90.40765380859375 80.54764
