0 1023.3696 269.8403 80.705444 75.05856
0 1007.65 147.49251 106.89685 101.98219
0 1094.2231 332.81924 96.60425 98.80136
0 1105.8171 204.02568 91.24414 86.817825
0 1047.4587 -9.040529 133.54602 123.0225
0 1105.1807 96.41059 118.16589 125.21409
0 1279.6212 457.70834 94.71472 109.190216
0 1220.4114 188.75697 126.28479 127.563614
0 1218.0302 143.98213 91.98755 72.97919
0 1304.4803 300.5602 112.370605 99.710205
0 1233.3665 42.49911 124.68457 90.415344
0 1215.0146 -53.9657 110.784546 106.58052
0 1315.3656 152.78131 116.382324 113.25052
0 1297.8004 -67.60849 77.88428 83.96874
0 1438.4656 419.16602 90.33557 78.27359
0 1405.2737 286.97763 122.784424 126.59619
0 1344.0685 59.65362 87.8147 95.50528
