0 484.8201 239.60457 84.83847 67.27867
0 546.35925 162.63603 114.41266 93.22392
0 488.89053 329.13254 100.65726 88.54169
0 591.3443 252.56862 98.191895 80.66408
0 689.15466 99.86355 132.92682 110.61529
0 666.7752 191.49907 112.266235 110.94734
0 531.46014 516.39105 106.397156 101.384094
0 688.96173 323.77847 119.944336 107.37973
0 739.46075 291.39264 89.55078 64.74112
0 676.0403 444.2484 121.936646 93.104614
0 809.75146 241.35677 128.5711 82.485855
0 866.295 169.15997 117.644165 98.45917
0 789.181 353.6069 121.34717 103.82761
0 959.4026 200.59473 122.10034 95.93219
0 707.6341 590.28937 105.99524 75.901
0 768.33496 492.87128 121.7193 113.50018
0 898.6917 310.9388 126.58734 98.80304
0 899.5605 489.82156 97.92316 79.97043
0 925.0681 457.7536 72.479004 49.96048
0 875.44574 620.582 117.85986 86.91339
0 1030.7717 273.78943 108.57898 97.34195
0 993.227 377.99393 115.93414 94.47748
0 983.2944 457.1909 116.45648 97.96854
0 1114.2131 339.66815 63.23767 74.663605
0 1155.7805 318.06793 118.8551 92.03143
0 1012.21277 600.42535 85.4541 78.321594
0 984.08124 722.4351 56.25055 54.490845
0 1121.066 412.92975 106.60205 94.644806
0 1074.2411 526.87476 87.162964 89.22937
0 1046.1453 703.2051 93.64368 73.78558
0 1143.3718 481.01752 108.48401 83.64819
0 1225.5358 402.04956 70.66516 73.86401
0 1123.6133 537.61 129.88525 113.64264
0 1097.0765 627.25397 125.783936 109.528564
0 1256.4374 490.47455 109.095825 137.19507
0 1323.7764 445.81415 90.43384 87.6134
0 1221.8644 629.38855 93.6958 90.81183
0 1212.8007 770.4949 70.01465 62.078064
0 1237.7383 700.8429 98.71619 89.59729
0 1380.2601 377.907 83.71594 90.41501
0 1330.4784 643.322 36.10852 57.796814
