0 229.78343 216.9495 71.636 67.569336
0 201.07135 103.19974 97.52313 93.97714
0 301.62442 286.47845 88.23584 90.19437
0 285.4513 160.81796 83.946045 81.41
0 214.76794 -43.505165 115.03818 112.21301
0 276.08453 54.36801 104.774536 115.39436
0 462.1768 422.118 95.58829 104.05765
0 383.5943 156.49988 105.839294 109.629974
0 374.2567 111.379875 73.288666 64.10984
0 465.49994 270.75473 101.62433 92.983246
0 366.753 14.492111 101.319885 80.00504
0 339.8428 -81.83505 101.63779 99.796616
0 447.21133 123.58908 106.254364 105.78819
0 401.8125 -109.7388 102.76599 96.2161
0 586.4806 386.15118 86.45422 75.02771
0 544.1882 255.82196 109.091 116.46359
0 459.36658 21.231241 106.87689 99.241745
0 592.67053 186.49612 83.545654 80.6532
0 574.9368 153.72447 58.498596 49.120865
0 680.48987 309.65427 97.081726 86.33429
0 487.58527 -85.0225 95.86133 99.399536
0 548.95593 26.986467 99.27545 95.439575
0 605.4018 102.06154 100.422485 99.20998
0 570.6087 -62.812393 62.51483 78.557785
0 571.6488 -121.41031 99.532104 92.10515
0 723.19037 220.41481 76.08154 80.19771
0 800.2854 354.16904 51.17267 56.166077
0 629.8566 -15.452457 93.76666 96.51625
0 696.0936 117.58253 81.07745 92.544334
0 812.69934 288.53787 78.89392 74.035034
0 688.0986 31.958033 90.71588 83.66256
0 663.5591 -75.11181 66.29828 76.780106
0 726.31683 83.51022 114.34259 115.9751
0 782.3215 179.74722 109.847046 111.426605
0 752.442 -34.160866 110.968445 145.17136
0 738.4681 -99.11775 76.13446 87.73149
0 834.55634 118.09569 85.25537 93.60939
0 932.8937 262.5261 47.99762 54.8869
0 900.0078 190.94179 56.89795 63.219986
0 713.61523 -182.92363 53.166626 72.98213
