0 203.9422607421875 223.74284 43.2001953125 61.273697
0 228.7230224609375 92.94992 76.96673583984375 87.92372
0 227.6943359375 315.73047 65.33837890625 87.193146
0 286.87884521484375 178.71513 65.81500244140625 76.4581
0 330.44976806640625 -40.172523 76.7216796875 104.71235
0 335.14434814453125 71.33 61.479248046875 115.08583
0 301.63458251953125 510.05624 74.1329345703125 104.522064
0 375.91497802734375 214.011 77.16448974609375 106.70802
0 395.608642578125 162.61552 63.2550048828125 56.43901
0 387.64544677734375 364.06622 84.31072998046875 84.30478
0 442.91180419921875 64.77281 94.6258544921875 65.26756
0 478.0045166015625 -41.119297 72.93023681640625 93.92793
0 463.20098876953125 206.79018 66.6845703125 99.70006
0 555.0218505859375 -52.844345 83.43695068359375 88.48863
0 449.1781005859375 519.52875 75.116455078125 65.70392
0 481.4473876953125 376.27966 76.65155029296875 115.12457
0 532.955810546875 103.19441 78.8558349609375 90.12674
0 573.6141967773438 310.6884 65.8076171875 75.5365
0 578.2168579101562 268.3745 50.77899169921875 41.90451
0 586.3828125 472.36276 82.61614990234375 76.84946
0 628.2993774414062 4.1784153 69.8028564453125 96.82513
0 625.6165771484375 136.2585 72.07049560546875 88.66385
0 632.1898193359375 231.06947 77.2171630859375 94.14461
0 705.3465576171875 42.429855 34.09130859375 83.45305
0 725.7675170898438 -9.294786 81.72195434570312 84.10256
0 685.7411499023438 385.66272 54.31121826171875 78.77246
0 691.4104614257812 541.34674 34.67852783203125 56.261536
0 722.0695190429688 119.694496 68.86947631835938 93.65836
0 719.745849609375 274.5275 45.59881591796875 93.91916
0 736.767578125 486.32846 63.913909912109375 68.18381
0 757.3464965820312 190.94115 64.12588500976562 75.40517
0 796.2344970703125 60.81846 41.589874267578125 78.841835
0 763.095947265625 261.47083 70.96688842773438 110.52283
0 758.0238647460938 371.68182 82.04583740234375 107.27811
0 855.95849609375 140.71913 55.750213623046875 156.60414
0 886.5850219726562 62.316063 48.12646484375 89.88827
0 849.4723205566406 318.23743 57.737457275390625 93.80423
0 872.8902282714844 486.4563 81.6993408203125 74.72235
0 881.9803771972656 384.40448 109.34213256835938 104.095
0 912.002685546875 -41.16287 77.30270385742188 105.844574
0 941.7315063476562 276.20633 76.00906372070312 95.231445
0 971.2515869140625 158.7605 100.65153503417969 95.00636
0 1015.5100402832031 423.9973 50.25286865234375 72.195496
0 1041.500244140625 371.57715 71.56707763671875 91.6597
