0 -99.49658203125 -113.18351 98.3331298828125 87.975365
0 -154.4483642578125 -39.411987 76.385009765625 81.1307
0 -276.7728271484375 201.17041 53.4765625 57.43936
0 -164.25439453125 15.891509 89.392578125 79.858795
0 -57.3619384765625 -31.702019 69.0035400390625 71.390236
0 -210.2645263671875 54.101562 108.553955078125 105.921234
0 -246.48974609375 128.31096 120.00927734375 110.127975
0 -68.6812744140625 44.811417 118.4888916015625 132.87982
0 21.90087890625 24.325148 79.3994140625 81.754654
0 -133.810302734375 145.4738 100.3095703125 94.33513
0 -171.2740478515625 266.7666 116.9266357421875 93.57077
0 -132.39990234375 207.0525 146.9532470703125 122.03099
0 100.7662353515625 -18.988014 96.9765625 95.5348
0 -12.8858642578125 187.22815 106.01611328125 97.37244
0 66.8455810546875 132.4445 130.8897705078125 109.62506
0 13.5526123046875 313.61368 75.6722412109375 71.58151
0 34.924560546875 299.87222 104.041748046875 94.842834
