0 68.33642578125 528.95557 73.226806640625 68.98419
0 40.5714111328125 410.60916 99.633056640625 95.71423
0 137.72509765625 591.37585 89.939697265625 91.19702
0 129.8721923828125 464.1785 85.7376708984375 82.848114
0 71.0333251953125 268.39615 108.4283447265625 109.799774
0 123.583251953125 361.01068 104.1302490234375 114.56845
0 291.78460693359375 716.9102 103.234130859375 107.33386
0 226.1693115234375 455.03308 107.82891845703125 110.677124
0 220.569091796875 411.01996 75.11016845703125 66.10852
0 306.57354736328125 566.72516 103.9964599609375 95.31384
0 218.406005859375 311.33334 104.16229248046875 83.69885
0 196.918701171875 219.2068 99.74468994140625 99.48457
0 291.386962890625 418.47116 98.394287109375 102.53079
0 258.8121337890625 184.07779 105.08245849609375 98.3367
0 420.177978515625 674.74677 88.630615234375 77.45947
0 389.38092041015625 549.56354 111.01153564453125 117.16901
0 312.01531982421875 311.96817 103.2939453125 98.66849
0 435.76507568359375 472.07364 85.33734130859375 82.114716
0 423.5206298828125 438.8309 59.04595947265625 50.46927
0 520.9661865234375 587.4119 99.44140625 88.82959
0 346.187744140625 206.37181 97.6595458984375 100.336655
0 404.07989501953125 314.67023 96.9010009765625 95.061005
0 452.16033935546875 381.64627 102.4910888671875 100.72244
0 429.91009521484375 225.85411 63.17120361328125 77.686874
0 430.64141845703125 160.0352 101.81634521484375 94.275894
0 567.6283569335938 493.9291 77.45953369140625 80.80032
0 641.2129516601562 622.7473 52.0107421875 56.3219
0 482.299072265625 264.8675 95.55230712890625 97.509674
0 542.802734375 392.0653 82.2796630859375 92.42255
0 658.0302124023438 557.1651 80.66595458984375 75.644714
0 540.4344482421875 309.41214 92.80853271484375 85.67172
0 521.667236328125 204.78612 67.23980712890625 76.561264
0 576.585693359375 361.41003 111.009033203125 114.72458
0 625.4096069335938 450.0576 112.00054931640625 112.767426
0 608.3065185546875 240.72937 111.918212890625 143.00766
0 602.4527587890625 174.94528 77.2322998046875 87.52768
0 683.9402465820312 385.88705 86.658935546875 93.88098
0 780.2379150390625 504.35995 97.79791259765625 86.842804
0 740.9364624023438 410.46365 132.6307373046875 119.457
0 577.183837890625 67.494484 108.999267578125 110.712105
0 746.3859252929688 315.66583 106.64938354492188 103.398315
0 719.2006225585938 202.48874 121.740478515625 109.31613
0 874.8853454589844 410.09213 71.37582397460938 74.21478
0 879.0202331542969 360.2567 96.87066650390625 96.835266
