0 510.83392333984375 238.18875 65.4586181640625 67.36456
0 581.5175170898438 204.01547 89.93133544921875 91.94406
0 458.98211669921875 308.144 83.455078125 83.766754
0 569.3080444335938 285.61935 77.617431640625 79.197754
0 700.35009765625 209.18033 105.09521484375 106.68219
0 634.4243774414062 269.77563 99.25360107421875 96.381134
0 384.63671875 462.49973 93.99298095703125 92.73392
0 585.1399536132812 374.00168 100.683349609375 100.63443
0 653.4071655273438 362.54248 64.9351806640625 68.352264
0 523.8781127929688 456.85437 91.69720458984375 95.2406
0 722.5165405273438 350.2513 86.27615356445312 93.52191
0 784.6563110351562 319.23117 93.79306030273438 95.17645
0 638.1929931640625 429.37784 97.65777587890625 98.42496
0 831.8306579589844 373.22638 93.61404418945312 96.557526
0 476.87603759765625 573.32654 76.36273193359375 80.57013
0 547.1514282226562 527.65234 105.180908203125 104.11731
0 735.6170654296875 434.4973 96.01400756835938 99.056946
0 649.554931640625 565.27924 77.091064453125 78.77289
0 695.4058227539062 547.50525 50.84222412109375 54.126038
0 567.5360107421875 654.0722 86.58135986328125 90.69647
0 837.3195495605469 452.78027 91.2340087890625 91.15906
0 763.2069091796875 516.3702 90.68435668945312 92.60492
0 714.5841064453125 571.28125 93.58160400390625 94.94122
0 862.2101440429688 528.8431 65.05642700195312 60.993103
0 901.9327392578125 526.3277 90.23602294921875 93.40222
0 665.78955078125 685.86646 72.93896484375 72.49707
0 593.5576782226562 764.6267 49.9560546875 49.00714
0 826.6673583984375 585.409 88.95217895507812 89.08685
0 737.6680297851562 653.83136 80.60458374023438 78.06232
0 639.495849609375 772.92993 71.93658447265625 74.14685
0 813.2620239257812 641.5773 82.12185668945312 85.09192
0 905.5717468261719 611.99475 66.35385131835938 63.95294
0 758.2586669921875 680.4281 106.53408813476562 106.880615
0 697.0428466796875 736.81647 103.54159545898438 104.17926
0 850.83447265625 695.203 117.81216430664062 108.92328
0 943.1303405761719 679.24146 79.56781005859375 77.84778
0 781.8470764160156 779.88855 83.244873046875 81.65448
0 713.8533935546875 877.80975 74.29037475585938 76.85791
0 755.9556274414062 835.02814 111.32952880859375 115.17334
0 1011.6150207519531 646.6942 96.20518493652344 95.83075
0 851.0460205078125 826.2617 72.52908325195312 70.7489
0 950.5323486328125 791.9061 41.584381103515625 38.27661
