0 608.6473 240.20322 71.54529 68.484344
0 673.1204 174.62328 96.93622 93.73921
0 589.23303 318.4449 88.88068 89.2977
0 693.2101 264.2981 83.41333 80.9729
0 793.4318 130.85115 117.91443 113.6729
0 756.9294 219.65031 99.46094 106.08815
0 585.0407 505.32272 90.992615 97.01071
0 737.7133 339.2193 114.17572 112.630005
0 795.0443 313.89285 81.044556 71.951416
0 710.17255 452.00027 101.21582 94.923065
0 868.19946 281.65924 103.6687 89.01578
0 918.8346 222.0439 101.51459 99.08769
0 818.63513 386.18286 106.92102 104.95456
0 987.5325 263.17426 102.25769 97.20416
0 712.4819 598.655 83.631226 76.77698
0 764.1027 514.68036 121.13635 119.69537
0 914.0322 358.5882 107.27045 101.20972
0 876.55756 527.0574 83.031555 80.38208
0 905.32367 499.66837 62.58734 54.87314
0 826.99786 648.1233 96.80005 89.296265
0 1022.63696 343.85162 94.96741 96.0293
0 971.7063 434.60928 99.33923 95.7153
0 944.83075 508.44366 90.01398 91.92822
0 1084.8662 412.85706 30.069946 38.512817
