0 1325.6257 558.9985 69.58826 55.00946
0 1274.6887 456.699 105.140625 79.621
0 1255.1714 610.271 91.19214 75.99414
0 1205.6244 502.03503 90.10181 68.93109
0 1169.1989 339.63348 107.45032 90.7966
0 1163.7559 418.05713 90.38342 93.50046
0 1121.3452 718.9535 104.3302 89.96948
0 1073.2394 498.5778 108.273926 92.2496
0 1081.6302 462.15018 83.96533 54.83145
0 1029.7169 594.5516 113.31482 79.157166
0 1000.88 375.58075 122.648926 69.18826
0 997.01373 300.29034 101.25238 82.54584
0 983.1158 472.48917 94.73578 84.7377
0 893.97125 269.23715 112.92316 81.7327
0 946.4728 685.47955 99.51611 64.22516
0 919.258 580.0167 108.95355 97.74713
0 900.6777 380.9874 107.71692 81.6022
0 837.89716 513.99774 89.9505 68.31171
0 861.278 487.78888 66.89038 41.740356
0 776.1424 614.61566 110.14966 73.71478
0 811.27905 291.3797 97.99036 83.64801
0 792.3456 380.89853 99.437744 78.79367
0 762.3539 441.03033 106.39703 83.84766
0 756.86395 306.42413 53.441467 65.079346
0 682.0175 252.96294 110.20569 78.33296
0 702.9136 536.9578 76.77356 67.3855
0 698.71173 645.6272 49.941895 47.021973
0 680.5552 344.02423 96.38904 81.267395
0 686.81024 454.66763 69.82898 75.476776
0 615.36884 588.74146 86.56262 62.876587
0 633.9999 383.66443 89.75354 68.259
0 634.8139 292.19803 61.65027 64.00836
0 603.04126 427.8593 102.83508 93.50452
0 579.9589 500.89258 114.16919 93.94525
0 520.2668 325.6202 90.502075 119.91162
0 514.7041 266.7347 71.13196 73.16745
0 507.71912 446.76523 83.17035 78.37723
0 427.29968 547.72406 108.732544 72.05115
0 395.04886 469.03494 146.15085 99.158966
0 462.83017 182.18602 108.29538 91.705826
0 379.8467 388.75702 105.728546 84.41141
0 333.40082 294.9119 134.40689 90.723755
0 302.0232 474.89664 70.93002 61.88742
0 249.91321 427.47742 99.29169 80.662506
