0 1113.6082 215.98517 46.059814 75.95712
0 1059.9567 163.33057 86.03369 78.24855
0 1058.712 521.36755 51.992065 71.250916
0 1049.9225 660.38605 35.309692 50.9422
0 1058.6592 272.68607 68.29431 85.217285
0 1050.1967 417.874 54.352295 85.30429
0 993.35815 616.37067 59.71045 62.35077
0 1026.7598 344.92422 68.20276 69.66873
0 1021.37775 226.03513 51.36212 72.09689
0 1002.764 404.06046 81.64313 101.41455
0 972.66724 505.2256 91.17749 99.01416
0 931.702 294.18475 86.03314 143.04639
0 938.78564 228.91566 59.151794 82.2238
0 923.24146 455.89798 75.02649 86.94595
0 856.8138 609.2692 89.910706 70.5863
0 845.6587 513.3881 113.33832 97.143555
0 910.72144 128.79538 74.383484 92.88397
0 834.4114 418.8947 80.82257 87.665375
0 808.677 307.5448 101.19824 88.325165
0 771.61847 541.94965 57.210144 66.45593
0 743.7456 505.62064 79.12677 84.64084
