0 1141.1395 259.8349 76.73694 59.96335
0 1174.481 145.00162 99.009766 82.441086
0 1187.1086 354.1387 85.969604 82.44687
0 1255.9214 233.78911 84.6228 69.15971
0 1282.5249 23.042643 128.19568 96.028465
0 1301.8167 134.09708 104.00757 106.22983
0 1333.4004 544.6703 76.85144 96.58484
0 1384.8042 276.30362 112.76575 96.52484
0 1405.2656 227.34203 93.50037 50.80568
0 1426.8629 415.24634 108.27429 75.79697
0 1456.6302 144.67241 131.52246 57.80452
0 1487.0334 45.672665 100.795044 88.00589
0 1499.517 278.20862 90.126465 85.74887
0 1584.2236 74.11099 10.590942 40.768005
0 1508.6178 574.6623 75.57825 53.927002
0 1538.6793 446.90967 48.233154 78.58038
0 1576.6997 199.92888 15.452515 61.47307
