0 -128.6442 100.39127 82.93884 71.91801
0 -148.70474 201.45213 56.272614 78.05498
0 -177.29227 514.33905 38.98796 55.75647
0 -141.81563 266.9006 75.47291 65.17499
0 -62.883022 167.16473 52.04602 67.21564
0 -161.1143 322.7056 85.94877 94.661224
0 -167.77612 417.96347 99.46243 92.55847
0 -28.289438 240.81323 82.80945 133.27301
0 29.596495 188.21072 60.13646 76.66382
0 -64.540085 386.31845 81.67869 81.3284
0 -59.40897 534.2998 105.65869 66.36676
0 -39.998917 449.46158 129.96677 91.09677
0 86.245026 105.09176 76.20204 86.14437
0 57.363586 374.95728 87.81062 81.91434
0 108.02036 281.22528 115.165215 82.757904
0 120.87152 499.09454 61.352142 62.075195
0 138.96683 472.0848 86.6317 79.146454
