0 902.9082 88.28486 64.46887 71.3637
0 930.1283 182.86882 65.70825 65.93169
0 929.0669 245.12558 67.9469 69.694275
0 866.69806 128.68985 38.95697 60.361206
0 792.34515 102.11612 82.08917 64.83412
0 914.9026 359.54578 56.795654 58.84796
0 956.1182 466.24167 36.842102 41.690674
0 831.86176 183.54257 62.974854 69.04382
0 876.30414 288.3097 49.53784 68.41446
0 879.76013 443.70538 64.4422 52.36566
0 820.5137 242.58435 63.953735 57.147552
0 774.92236 161.85815 45.289795 57.819138
0 822.3992 287.8171 73.93329 81.97821
0 829.7898 364.89053 84.64679 80.8251
0 724.18915 226.02353 71.724365 113.49463
0 693.04395 182.81342 52.2782 65.98833
0 758.94885 345.87994 67.9137 70.48535
0 741.31964 468.95428 86.65088 59.213074
0 700.3785 399.80344 109.0238 80.94049
0 630.2412 116.46084 68.902405 75.61111
0 654.4738 340.26572 75.36267 71.615295
0 587.60297 264.78748 97.510864 73.52591
0 630.05994 448.42386 52.4776 53.973785
0 590.8673 424.76477 73.64917 69.181915
