0 953.03265 300.54587 48.05249 59.843353
0 932.8643 621.97003 44.0755 73.021484
0 899.4161 376.66092 79.591 87.820404
0 899.92126 331.67313 62.64264 47.071564
0 869.3611 493.68674 84.26428 70.02872
0 830.5868 253.48851 92.122314 55.037064
0 823.6391 164.38118 74.644226 77.434204
0 824.62494 363.26474 69.40576 81.892365
0 740.9748 154.47113 83.813416 73.36246
0 821.9392 616.5061 74.29791 54.84192
0 784.1085 502.5406 79.82312 94.55206
0 753.5334 280.9473 79.75531 74.558624
0 718.4543 448.76178 66.58429 62.472717
0 733.7074 413.50067 50.018616 35.05771
0 680.1384 576.9349 82.08948 63.99713
0 687.91644 196.28694 72.02173 79.672104
0 680.2626 303.7675 73.42462 73.18561
0 657.9323 381.75458 78.58893 77.72812
0 642.59985 228.6006 38.195496 67.93904
0 581.25665 185.62064 81.87628 69.793915
0 618.81226 504.51675 56.324768 64.7482
0 625.1579 630.90607 36.454895 46.13861
0 589.71234 287.80136 67.490845 76.76877
0 602.11 414.13837 48.763306 76.578735
0 557.8672 586.45703 64.23572 56.517944
0 560.204 347.05023 63.6427 62.183502
0 548.1669 241.30917 44.67865 64.44772
0 542.0046 401.893 73.21069 90.60837
0 527.3083 490.9492 84.10858 88.40506
0 469.56573 303.60965 66.59906 127.50244
0 459.31836 241.61067 51.588318 73.4973
0 468.82858 446.72598 63.384308 77.17166
0 414.9767 581.5699 83.28638 62.491333
0 388.4155 497.77917 108.8443 86.61444
0 415.54794 155.45795 75.08917 85.67929
0 369.42154 411.26657 76.216095 78.43329
0 327.0293 314.33463 99.00195 78.965546
0 315.90277 526.6268 52.058197 59.35547
0 277.73044 486.61075 73.20627 75.57541
