0 673.4905 188.50697 85.4259 74.375626
0 736.0183 98.73012 114.90875 102.10185
0 682.34784 278.2475 102.87036 99.16583
0 788.6189 198.27058 98.622986 88.34029
0 871.96826 23.57205 141.51172 124.20741
0 855.48663 131.88675 115.56891 122.37755
0 747.12683 492.26855 100.25543 109.765625
0 877.55743 274.10333 134.1192 125.362305
0 928.3026 238.33472 101.35547 75.40112
0 878.3212 409.94107 122.41406 102.02481
0 1006.98486 187.75644 134.04541 92.49689
0 1055.9584 106.23666 119.58887 108.357735
0 991.3989 314.3394 125.46094 115.039185
0 1151.4337 143.13835 122.600464 105.09851
0 927.7133 582.6585 99.618835 80.618774
0 968.99426 473.72833 143.65979 132.38953
0 1096.7394 265.3918 129.23572 109.07205
0 1103.5664 468.65826 98.34924 87.58453
0 1123.4427 432.17395 78.842285 57.155396
0 1084.6678 618.788 88.20422 82.8089
0 1223.8427 229.03517 90.75244 97.982895
0 1192.7812 343.54346 81.39636 90.51825
0 1189.6047 435.6124 54.55066 73.296906
