0 332.58721923828125 642.0817 73.9310302734375 70.11914
0 326.38134765625 542.9595 57.51513671875 65.11383
0 355.8487548828125 686.8685 81.58428955078125 91.44495
0 397.7467041015625 748.675 89.829345703125 94.638794
0 386.70458984375 562.88354 106.11407470703125 125.37549
0 394.44427490234375 506.29288 68.9644775390625 76.2236
0 438.4559326171875 688.15125 82.05584716796875 85.28076
0 511.1170654296875 780.5132 94.6512451171875 84.14319
0 483.15240478515625 700.7041 118.14044189453125 109.233765
0 388.48822021484375 414.89975 83.51324462890625 88.29721
0 507.2572021484375 617.1041 88.82025146484375 89.289246
0 492.73052978515625 514.21814 106.02484130859375 98.60199
0 608.8539428710938 686.9564 64.03399658203125 65.970764
0 607.8052368164062 648.6982 86.4666748046875 86.57074
