0 213.48355 -210.30774 107.63818 101.5877
0 -65.359314 -29.103788 104.78606 104.6018
0 118.623 -145.15424 102.52748 97.326645
0 57.188877 -8.495493 87.046616 82.43264
0 96.1661 -31.040771 62.839653 56.677364
0 -9.534086 86.8973 104.13496 95.57754
0 242.30168 -134.3342 103.345505 99.57863
0 178.00078 -69.84877 101.820206 96.57491
0 136.33214 -8.869087 108.71504 102.99498
0 296.6445 -55.353237 66.132324 68.62933
0 342.21014 -61.487473 108.33209 100.41579
0 120.03781 113.42238 81.90109 79.38321
0 56.053802 196.87457 54.877136 53.984543
0 277.8196 1.5468647 94.64804 92.21064
0 196.88521 78.763855 79.94371 81.356476
0 115.87513 206.51918 85.768 79.86543
0 271.06097 61.96485 87.70346 82.937904
0 373.33655 27.11416 70.73532 71.027794
0 226.2932 99.527565 109.29732 107.152885
0 172.02295 157.35168 118.65054 113.44162
0 346.34802 108.13741 121.54599 126.96256
0 441.76422 94.51103 81.270325 81.447556
0 279.57535 194.74702 96.49808 93.85695
0 228.29869 304.50864 108.50041 98.48639
0 271.54276 255.74907 141.29535 129.69243
0 515.80804 62.924088 104.30054 101.63991
0 384.80615 248.89171 105.963776 101.13829
0 468.01968 208.43088 127.56955 117.28555
0 391.4979 377.48444 75.4819 73.0694
0 419.33395 368.60294 102.66147 97.886566
