0 28.249267578125 366.39636 83.5142822265625 68.97867
0 46.8292236328125 236.60815 112.056396484375 96.487335
0 86.26806640625 451.80463 97.126708984375 93.96069
0 137.989501953125 313.0617 96.032470703125 83.73163
0 154.777587890625 90.05564 118.590087890625 113.306816
0 180.50732421875 201.1751 100.899658203125 120.89708
0 223.9525146484375 624.93726 108.3331298828125 111.47949
0 266.07904052734375 327.98248 115.325927734375 114.55557
0 282.87664794921875 276.48624 89.56707763671875 64.10901
0 314.0794677734375 468.51825 120.844970703125 94.167725
0 322.67071533203125 174.7878 130.949462890625 77.510864
0 343.9659423828125 66.0568 109.7281494140625 101.952614
0 370.36639404296875 302.5137 105.46307373046875 107.01315
0 440.09149169921875 44.954296 120.3990478515625 98.047134
0 411.0048828125 610.1844 106.16650390625 74.86755
0 431.5853271484375 467.67654 116.0028076171875 122.55295
0 446.80487060546875 194.88672 117.5836181640625 99.4093
0 532.6280517578125 393.69284 95.87591552734375 82.8457
0 535.2318115234375 352.24063 71.8245849609375 48.28183
0 583.0881958007812 541.6547 117.4974365234375 86.74451
0 545.3826293945312 86.62756 104.3602294921875 103.91019
0 566.5562744140625 217.80972 108.038818359375 96.80829
0 596.0147705078125 302.73407 113.377685546875 102.50058
0 651.7100219726562 120.27828 56.73583984375 85.46729
0 675.7649536132812 59.43565 117.514892578125 93.56723
0 695.3150634765625 446.56207 81.74722290039062 84.147705
0 731.2813720703125 599.1287 53.139404296875 59.464783
0 694.3797607421875 182.02141 102.66421508789062 100.71208
0 713.840087890625 330.46173 81.27975463867188 98.802704
0 779.5457763671875 538.9831 92.291259765625 75.489746
0 746.248046875 244.60864 107.3292236328125 84.91095
0 780.880615234375 120.37145 65.55279541015625 82.217476
0 767.6646728515625 310.29193 118.06893920898438 119.06467
0 787.4645080566406 418.20474 121.6231689453125 115.866974
0 871.8836364746094 183.33006 95.99148559570312 159.09312
0 897.5974731445312 110.1264 76.22802734375 93.96518
0 898.8328552246094 358.26233 88.52069091796875 99.11844
0 961.1099548339844 512.7844 115.99234008789062 84.57001
0 951.2057189941406 407.88245 155.8876495361328 117.0957
0 912.0446472167969 -7.1665816 118.66004943847656 114.34264
0 1009.7446899414062 302.8687 120.45091247558594 104.87607
0 1026.1472930908203 177.56615 143.36761474609375 107.00639
0 1137.180435180664 427.42642 75.52848052978516 77.19672
0 1163.0520477294922 380.5479 105.78192615509033 99.216705
