0 467.6854248046875 326.67023 76.794189453125 76.39459
0 418.80072021484375 220.10326 104.37042236328125 103.913956
0 545.4044799804688 345.61313 97.4815673828125 97.37894
0 515.4849243164062 231.58769 89.9478759765625 89.58409
0 405.71002197265625 64.17722 127.7347412109375 127.11216
0 488.4522705078125 138.5503 115.233642578125 115.55098
0 740.968994140625 386.18344 101.84326171875 102.26059
0 609.6753540039062 170.17264 125.04632568359375 124.75769
0 592.6717529296875 138.13345 84.4190673828125 83.43846
0 716.5311279296875 235.65355 107.67083740234375 106.918594
0 579.0665283203125 34.29676 107.88116455078125 106.299446
0 532.9850463867188 -31.14536 109.714599609375 109.32223
0 679.3074951171875 103.68692 115.81121826171875 115.45325
0 594.126708984375 -92.058235 109.35614013671875 108.71781
0 870.2715759277344 285.03842 86.36587524414062 85.65878
0 801.449951171875 176.72263 132.95614624023438 132.57242
0 674.28466796875 -1.5838301 114.38076782226562 113.640274
0 838.7235412597656 98.979645 89.43203735351562 89.04912
0 812.8126220703125 81.637115 64.88711547851562 64.06525
0 953.0101013183594 183.74504 82.42703247070312 82.25154
0 688.2821655273438 -93.08978 91.47119140625 91.79466
0 769.4048767089844 -14.139649 83.41558837890625 83.80969
0 841.4213256835938 44.504116 62.48931884765625 63.2516
