0 594.0927 446.72665 76.18823 71.57657
0 593.93823 339.4585 103.62372 98.490845
0 503.44754 487.9712 93.44949 91.766785
0 517.75336 370.5465 89.16174 85.04199
0 553.5582 193.02522 117.86792 114.01143
0 510.2694 276.12946 102.44214 107.88083
0 329.01462 567.0952 103.71588 104.58423
0 391.3994 333.4534 111.994995 110.8038
0 432.03714 296.19058 78.24451 70.65033
0 311.7837 416.5107 108.25751 100.07144
0 404.81992 196.31262 108.67514 93.22858
0 430.94693 117.30684 105.98575 102.32933
0 326.18628 281.89407 107.9577 105.89072
0 361.02454 67.922676 109.345795 102.32304
0 205.41595 491.78476 92.340576 83.04123
0 218.72987 379.8495 115.238846 116.001465
0 303.70346 175.58707 110.9263 104.09738
0 192.72478 298.58273 88.74446 84.43323
0 234.6662 274.78558 62.107025 55.028717
0 89.08444 384.0681 103.5587 94.30618
0 277.4919 68.76035 101.44037 100.4262
0 214.916 155.49835 103.356674 98.71135
0 157.5491 208.32816 106.549164 102.66257
0 225.22037 73.174286 65.34747 72.56377
0 182.50806 2.3530414 105.97632 98.55047
0 62.36005 290.63254 80.42909 80.37268
0 11.773593 399.32736 53.961636 55.19742
0 133.04494 90.309235 99.26584 97.86603
0 82.54496 200.71065 85.296776 89.29823
0 -35.44183 326.75156 83.935425 78.641235
0 75.82221 116.235374 96.59846 89.66981
0 121.90299 27.93762 69.683876 73.58992
0 15.608749 153.8171 117.62755 116.102005
0 -36.930946 226.67062 116.37891 113.794464
0 -15.678207 37.698303 115.66204 131.75584
0 25.02985 -22.5548 84.003845 86.918724
0 -70.37002 156.69385 89.90039 91.986145
0 -181.41682 238.33383 101.86308 92.4465
0 -178.23697 153.41931 138.10063 126.3696
0 19.107777 -126.93564 117.38756 114.08545
0 -156.56335 69.47577 112.678406 107.173096
0 -115.821754 -14.837586 100.36163 99.7155
0 -211.9546 153.10588 33.89592 41.06012
