0 269.18152 267.93567 72.078186 81.06409
0 236.95132 140.36136 98.26651 112.21289
0 343.3124 334.4352 89.188324 106.23566
0 323.17773 193.63365 84.61026 97.06035
0 244.17653 -32.726734 116.82097 134.15388
0 309.09683 70.815094 108.14624 134.90854
0 508.2061 462.19284 96.41281 120.51199
0 420.0237 169.55472 107.06467 128.74203
0 408.7138 121.33701 73.4646 78.35845
0 505.55322 285.06158 102.10828 112.39606
0 397.85675 7.335702 101.08783 100.45218
0 367.14273 -96.445076 102.884094 118.88077
0 482.13452 120.06861 108.18579 125.97915
0 427.92914 -139.50896 103.37848 115.658714
0 630.3929 397.689 86.64215 91.90369
0 582.84375 255.13177 110.54724 135.87042
0 490.05536 0.04186447 108.032104 119.9105
0 628.86743 169.25972 84.185974 96.260666
0 609.4662 136.90248 58.61548 60.73195
0 720.8249 293.13083 97.40375 105.09372
0 513.77313 -124.38637 96.98071 116.71556
0 579.02875 -7.8691373 100.43634 114.29435
0 638.51 69.166336 101.31299 117.76294
0 596.65594 -108.40932 64.014404 88.6623
0 596.3129 -181.9423 100.06433 111.02909
0 759.63025 187.65596 77.03949 93.82057
0 840.941 330.56628 51.9422 65.13745
0 658.2465 -68.928795 94.81653 113.50558
0 728.9864 74.8314 82.49658 106.45255
0 850.85 248.43036 79.37372 88.946625
0 718.0108 -25.569979 91.18506 100.934746
0 688.8599 -139.17125 67.520874 88.05799
0 757.8705 24.841383 116.22516 137.31487
0 817.4649 126.67068 110.984436 131.47061
0 779.60187 -102.05425 102.12158 151.12982
0 761.7876 -167.39336 54.72107 79.89975
0 868.3741 63.401047 67.194824 91.43269
0 969.55725 211.46283 35.442688 51.770294
0 940.247 151.42723 26.965393 38.887817
