0 784.2609 -9.24123 87.768616 83.58777
0 671.2156 -98.43406 119.421814 115.5378
0 795.77856 95.972275 107.8327 109.00896
0 670.9176 14.149982 102.774414 99.90665
0 499.92786 -154.75406 133.23596 133.12836
0 576.1185 -51.414288 115.55493 129.66866
0 812.6472 319.12396 121.62317 126.49036
0 585.2048 104.610596 129.28137 131.99565
0 552.1095 70.0566 89.99353 81.17199
0 638.9159 247.33485 124.62622 116.099594
0 432.81717 17.03352 124.78519 104.75534
0 364.175 -62.402534 121.02063 120.09448
0 503.3768 145.1423 121.56802 124.01523
0 279.5646 -20.26234 125.947174 119.30589
0 674.51764 418.57474 106.19525 95.241
0 566.8528 314.1019 133.11945 139.06525
0 374.5438 104.72149 125.975586 120.47927
0 460.4756 313.96228 102.292786 99.10034
0 444.78464 278.798 71.10208 62.54782
0 510.12128 466.57935 119.1651 108.75458
0 248.31825 72.79626 117.094864 119.65217
0 316.18027 192.29855 117.79312 115.25278
0 350.028 280.5749 122.86514 121.08179
0 229.96901 156.31523 75.80644 89.93471
0 134.05598 131.19844 122.03694 114.61804
0 397.85916 451.3853 92.88083 96.09711
0 490.9474 592.4858 62.375793 66.55316
0 212.27617 239.37483 114.56496 116.42113
0 311.44498 368.40723 98.69345 108.54413
0 395.37317 578.4432 96.67401 91.733215
0 213.9484 320.83572 111.23035 104.214386
0 136.6225 235.01978 80.6584 89.716064
0 238.67107 388.30112 133.56078 136.92862
0 293.40884 488.83728 134.27841 134.96375
0 106.354965 342.79416 134.3304 164.60315
0 46.32209 296.6102 94.89605 103.93451
0 201.29883 501.18158 103.92905 110.92731
0 240.60193 666.352 117.19302 106.44855
0 154.80806 581.5366 158.94221 146.0133
0 -66.91116 215.5314 133.26608 133.77191
0 69.6823 526.0762 129.86731 125.769165
0 -37.107967 437.69507 145.8898 133.69824
0 97.669655 696.7432 85.584785 88.31482
0 53.713654 679.8971 88.735565 96.263855
