0 312.19794 401.29788 69.01373 70.516266
0 243.77057 287.79092 90.313324 96.154785
0 296.21042 503.58832 81.134766 94.5639
0 217.75111 388.6779 76.864456 80.85559
0 115.06542 176.09773 114.25692 113.57811
0 146.15018 292.25595 99.7796 121.01425
0 245.33295 716.71063 78.2507 107.85791
0 115.91331 448.06534 103.51864 112.19461
0 102.70524 400.29208 78.5252 63.23477
0 123.63836 595.49725 95.17423 90.51703
0 18.191792 321.89877 107.041794 75.024506
0 -6.509785 224.27684 92.96161 102.04555
0 50.19215 464.0217 84.88689 98.43863
0 -5.014258 265.18253 17.64891 42.850983
0 128.04509 768.7575 66.68877 64.22168
0 94.0048 641.62317 53.60244 86.00189
0 28.347502 393.21045 26.24819 64.55063
