0 322.4644775390625 63.444233 78.47698974609375 76.67937
0 396.17645263671875 -8.180561 106.9298095703125 105.69583
0 289.84588623046875 156.45052 96.91558837890625 98.95549
0 407.22943115234375 92.33384 92.06048583984375 91.31835
0 536.1629638671875 -47.9837 121.49591064453125 122.36714
0 481.30291748046875 41.528896 106.92498779296875 117.10411
0 255.6630859375 354.84778 108.3382568359375 113.421844
0 456.53704833984375 179.44247 116.293701171875 119.617615
0 523.2116088867188 151.77187 80.12890625 75.23181
0 409.392578125 301.8554 111.25146484375 106.94849
0 599.19970703125 110.819084 110.48724365234375 98.44425
0 664.7537841796875 46.207222 109.42330932617188 109.93482
0 534.086181640625 222.81696 111.42889404296875 113.81793
0 734.2638549804688 90.2658 112.57546997070312 109.5601
0 389.58697509765625 453.95532 94.52001953125 88.371765
0 462.6585693359375 367.14777 119.99029541015625 125.53491
0 645.4033203125 195.07207 113.9354248046875 111.293076
0 585.2364501953125 377.55096 91.60296630859375 90.636566
0 628.0023193359375 347.84958 63.3780517578125 58.37677
0 520.8102416992188 508.92133 106.19390869140625 100.561584
0 766.6851196289062 176.59941 105.33920288085938 108.41637
0 701.9077758789062 278.04376 106.502197265625 105.85663
0 664.5741577148438 355.62698 110.184326171875 110.40491
0 817.2157592773438 255.50223 69.16171264648438 79.5538
0 861.6656188964844 237.4496 109.00418090820312 105.419876
0 643.4920043945312 506.51617 83.6480712890625 86.888855
0 583.7156372070312 627.18835 56.3375244140625 59.87549
0 795.7228698730469 329.7188 103.01327514648438 105.58896
0 717.199951171875 439.43317 89.38107299804688 97.157166
0 638.9236450195312 618.6059 86.43048095703125 84.219055
0 795.3051452636719 402.06488 99.33203125 95.89401
0 892.6282043457031 333.30396 73.12570190429688 80.15906
0 750.316650390625 459.7818 121.718505859375 125.037476
0 698.0350952148438 546.2777 120.62359619140625 122.638855
0 866.9500122070312 431.2363 122.96136474609375 144.90347
0 957.8189086914062 393.90552 87.47019958496094 94.155945
0 806.3262634277344 565.9385 93.85321044921875 99.77142
0 755.0957641601562 707.81274 104.39132690429688 98.50836
0 796.2124938964844 637.0411 141.71533203125 134.84723
0 1026.653091430664 327.09875 121.18373107910156 122.59213
0 898.6468811035156 594.77014 116.2923583984375 115.035034
0 980.2581176757812 523.43774 112.87031555175781 112.98309
0 917.1926879882812 746.46246 44.569305419921875 52.374207
