0 723.86884 331.7159 82.15747 72.71506
0 706.7093 216.43945 111.18884 100.58035
0 634.94855 389.19473 98.81128 95.06271
0 629.1909 262.6077 95.52814 86.989624
0 638.3546 63.332443 128.37433 118.65251
0 603.4835 157.15456 109.63129 117.19731
0 460.96948 500.64786 106.3913 108.67471
0 486.61987 240.35161 118.03772 115.16658
0 518.7979 197.52957 85.79724 70.459076
0 412.00516 342.9495 117.560394 100.915344
0 472.43616 94.90207 121.59558 90.62756
0 489.77905 3.4641993 114.21222 105.81519
0 401.86786 195.55948 117.40814 111.09207
0 404.17136 -37.021305 118.12686 103.7704
0 305.41302 441.75864 101.43042 82.658966
0 307.87207 315.7505 120.45947 121.42618
0 359.30035 86.986145 121.601776 106.57651
0 258.31747 236.87328 95.19504 86.27559
0 296.9701 207.65706 68.92755 54.507248
0 160.69002 345.38187 113.16463 94.443665
0 314.1497 -24.023582 106.86871 104.39631
0 258.94418 79.202995 112.109406 101.68458
0 205.97227 145.73047 113.64482 105.48506
0 256.1834 -10.394442 64.95615 78.88008
0 195.90295 -78.07442 114.7829 99.65282
0 114.89245 250.00005 84.363594 83.87752
0 76.63844 376.2788 55.97209 58.157257
0 157.81245 22.729078 104.774796 101.54722
0 122.30899 149.50949 87.4628 94.95506
0 13.721694 304.01706 90.62813 79.79831
0 97.385544 60.687927 104.71384 90.602356
0 133.72488 -40.84332 71.1387 78.51558
0 40.57328 106.66087 126.470024 121.625656
0 -3.0717387 194.90404 123.30863 117.67052
0 -6.7777786 -15.0125 113.32836 144.52177
0 18.149126 -81.900635 89.04657 93.099174
0 -53.34622 126.14602 93.23656 96.93011
0 -136.79692 244.73499 85.87508 76.94479
0 -147.79227 150.45615 128.21475 117.19498
0 14.885769 -181.40172 104.97121 106.56467
0 -105.07778 74.693665 66.5473 76.6956
0 -50.298252 -18.815466 23.014301 38.03878
