0 203.36409 260.4114 74.0096 46.618317
0 237.82684 167.3248 98.72281 65.67464
0 247.73639 332.11127 84.01999 65.12454
0 313.6664 231.61186 84.4404 57.10994
0 356.6612 64.05749 107.55734 78.62026
0 370.1445 150.03314 78.214935 85.87366
0 359.77136 476.66455 89.493744 77.79047
0 436.7511 255.57957 99.29053 79.69905
0 459.19525 216.2189 80.85547 42.16214
0 464.21924 366.6236 107.93927 62.975647
0 508.75183 146.28076 120.66022 48.76715
0 543.2913 62.9097 97.65485 70.33821
0 540.206 245.72678 95.75574 74.91879
0 639.1022 57.193016 106.90631 66.09898
0 541.38135 482.58838 96.02045 49.076233
0 577.37506 374.7757 98.77478 85.98215
0 625.56573 171.95529 107.04181 67.60275
0 686.0477 328.49506 84.415405 56.421875
0 691.95337 295.82568 65.83655 31.351562
0 714.042 447.77054 105.6723 57.408844
0 735.54626 96.04477 89.822815 72.30928
0 738.2971 198.45956 96.97229 66.43057
0 757.65326 267.5333 99.14441 70.319214
0 834.86554 126.93619 44.481323 62.31967
0 864.54083 89.78206 104.665405 62.82367
0 835.1063 383.1518 69.94653 58.83322
0 849.9584 500.44727 44.76288 42.018738
0 868.6789 183.04416 88.589966 69.943954
0 868.66925 296.61816 67.27368 70.513275
0 903.0039 462.2776 81.89862 50.93158
0 909.72 235.4116 95.6756 56.944687
0 960.54095 140.0869 53.876465 58.879913
0 922.5262 287.76373 103.625916 83.11539
0 928.98834 372.8902 105.4671 80.12659
0 1040.4417 197.80829 73.08203 116.94293
0 1072.002 143.30232 66.86047 67.34944
0 1043.6079 334.27982 74.52954 70.05734
0 1081.6753 458.86224 104.477905 55.820374
0 1086.0969 382.03955 139.89722 77.76108
0 1100.002 58.24312 106.483765 79.38101
0 1155.2008 303.83914 107.22009 71.575134
0 1185.8354 213.84717 115.26587 71.40262
0 1261.2535 407.71768 36.23767 45.076447
0 1293.824 382.295 16.919312 51.68466
