0 1477.1401 486.66525 77.23767 84.01883
0 1421.612 614.0933 81.90149 80.19409
0 1358.6434 727.5793 69.46533 70.65094
0 1262.8221 818.2753 97.32971 87.30029
0 1385.254 475.72742 104.821045 100.46088
0 1349.3445 574.28577 103.816895 96.40863
0 1295.5941 627.8732 110.889404 102.73724
0 1333.0554 482.48022 65.323975 72.47949
0 1277.0437 408.69 111.289185 98.673035
0 1211.9569 712.8415 82.90051 80.390076
0 1184.071 830.1419 55.26819 55.199585
0 1253.1925 504.0385 94.32495 92.90344
0 1220.9137 623.20026 79.543945 84.941956
0 1119.717 755.50684 87.979126 78.730286
0 1205.74 543.64575 89.51135 82.62872
0 1221.3682 439.9089 70.71863 73.55136
0 1159.4856 583.34283 110.18823 109.30597
0 1111.1815 654.07446 120.65503 113.853516
0 1092.042 455.8419 120.710815 135.15842
0 1121.1469 394.12958 81.312744 84.24829
0 1062.754 581.64325 98.576416 95.86902
0 961.8102 671.9642 113.04614 95.84009
0 958.5326 585.4326 145.60779 126.56268
0 1101.9537 292.883 103.48572 101.96628
0 964.28723 496.7963 107.48291 101.19089
0 952.4766 385.76898 130.96283 114.33038
0 871.99976 565.146 76.43585 73.93567
0 841.34985 516.5098 104.496155 98.07117
