0 554.4227294921875 170.31467 67.9202880859375 64.68648
0 599.3925170898438 49.63685 91.28082275390625 90.7497
0 568.0997314453125 273.46027 80.01824951171875 90.74054
0 647.5892944335938 144.76164 78.26947021484375 78.9052
0 708.9495239257812 -81.898506 108.49957275390625 109.235535
0 697.5175170898438 36.122818 93.1697998046875 119.77925
0 627.629638671875 486.04382 79.50555419921875 108.07489
0 734.0263061523438 193.80138 94.661376953125 110.12779
0 768.1768493652344 142.93222 72.33346557617188 58.24086
0 730.8375854492188 349.93616 97.9512939453125 86.99939
0 822.8653869628906 52.330883 104.96551513671875 67.3454
0 860.999755859375 -57.730267 94.7783203125 97.454765
0 818.3027648925781 196.01869 99.28924560546875 104.19231
0 942.3670654296875 -54.9427 97.7940673828125 91.31854
0 775.9107666015625 519.53406 85.680908203125 67.78955
0 815.9756164550781 370.98682 102.45916748046875 119.36563
0 901.6342468261719 104.79378 103.26666259765625 93.80118
0 921.6181335449219 325.47067 78.10568237304688 77.95386
0 933.9470520019531 283.93137 61.536468505859375 43.564453
0 913.9160461425781 497.72385 95.00527954101562 79.303925
0 1009.45947265625 9.88025 85.67898559570312 99.91683
0 986.5155944824219 154.67639 93.85433959960938 92.08675
0 987.5447998046875 251.92027 92.58244323730469 97.15889
0 1082.704086303711 55.59308 47.98088073730469 86.135666
0 1113.8008728027344 17.07029 95.33909606933594 86.79071
0 1025.5596313476562 418.9005 67.24842834472656 81.29779
0 1012.6091003417969 582.3609 43.95085144042969 58.066467
0 1097.6766815185547 145.63562 84.21556091308594 96.64729
0 1070.4554901123047 304.90637 67.59523010253906 97.448975
0 1060.2694702148438 536.2921 74.84437561035156 68.848816
0 1121.4535675048828 229.04164 74.34648132324219 74.645645
0 1176.527717590332 94.35429 42.91630554199219 83.92646
0 1111.3548278808594 298.15625 69.68901824951172 110.08203
0 1103.7635040283203 422.1157 53.107177734375 74.62085
