0 658.68085 112.89903 73.71857 74.41383
0 580.681 5.410386 99.40198 103.82275
0 640.174 222.48409 87.49573 100.6711
0 554.04596 110.1191 85.30524 90.02926
0 440.44058 -102.44189 118.243256 124.66745
0 472.8097 15.835703 103.26886 130.99748
0 595.6758 447.3849 90.15918 116.80188
0 449.2779 178.10408 104.148254 122.44145
0 432.85544 131.09346 77.85269 69.66913
0 457.4026 331.1813 105.97748 101.84149
0 338.66138 54.839005 111.84067 85.27632
0 299.7173 -47.209244 103.42462 110.77572
0 357.9541 198.10973 108.48328 117.9709
0 214.94635 -24.76781 106.103 105.78734
0 439.85266 509.35376 92.1535 81.43561
0 374.92462 372.07574 106.83615 130.97684
0 261.11954 124.62398 111.86633 109.285614
0 282.43433 348.29077 85.07468 89.11627
0 284.0203 305.6648 63.74878 53.157745
0 284.73196 516.2903 102.45331 94.09772
0 163.27516 52.556164 94.28157 111.04353
0 187.25414 190.43375 102.1234 105.624084
0 194.75125 291.67307 101.15851 110.017456
0 129.22722 118.76676 54.797974 89.99497
0 45.35134 85.784 103.29125 101.0715
0 194.39558 465.6531 74.18889 89.79715
0 242.95763 624.47296 48.81395 63.23462
0 83.57714 210.32199 92.56783 107.70749
0 139.82896 362.0979 75.61458 104.759125
0 156.05028 586.2492 81.37334 81.43048
0 61.181767 292.0241 94.28044 91.755035
0 25.493773 177.90742 61.29328 87.07817
0 56.179523 363.6469 115.55823 129.66489
0 83.74058 482.09604 109.23791 124.06296
0 0.25660533 283.24768 54.70935 138.28928
0 46.016457 468.31708 35.826073 78.811646
