0 318.18536376953125 38.49093 74.3797607421875 68.984795
0 382.4149169921875 -51.041836 111.60186767578125 100.01152
0 313.90240478515625 129.23203 98.341552734375 95.11891
0 425.03759765625 47.317963 95.79443359375 86.55002
0 532.306396484375 -108.83428 116.15374755859375 113.591194
0 500.16229248046875 -16.640966 101.5198974609375 116.22822
0 333.07257080078125 324.95667 113.1839599609375 112.47763
0 505.72674560546875 120.90057 117.21270751953125 115.37604
0 558.5335083007812 87.94245 87.1749267578125 69.298805
0 480.54449462890625 249.83342 118.7958984375 99.75212
0 637.9346923828125 33.945843 124.90777587890625 88.05803
0 700.760498046875 -37.051414 108.78231811523438 103.40025
0 607.361572265625 156.38576 103.45306396484375 105.807175
0 791.66357421875 -7.583419 119.02005004882812 102.847755
0 506.239013671875 405.5106 103.1505126953125 81.2139
0 571.9627075195312 305.58762 119.044189453125 122.0394
0 720.2158813476562 108.28215 114.34326171875 102.49864
0 705.9134521484375 296.611 95.521484375 85.79651
0 734.8399047851562 263.61093 69.01492309570312 52.862885
0 671.4713134765625 435.66876 114.75778198242188 93.063965
0 854.1409606933594 73.999344 106.11578369140625 104.6111
0 813.2677307128906 180.88963 106.32635498046875 98.80272
0 790.7723388671875 261.14975 113.6651611328125 105.16153
0 932.5264282226562 141.45912 62.20843505859375 80.55025
0 971.7020568847656 112.67768 115.83665466308594 98.642555
0 808.5773620605469 412.30692 83.5516357421875 84.19336
0 774.3899536132812 540.77435 55.061126708984375 58.617065
0 925.6320190429688 214.57812 104.15582275390625 101.67758
0 875.5510559082031 337.24036 79.15460205078125 93.70819
0 838.1539916992188 520.4857 91.28607177734375 79.10889
0 948.1708068847656 289.7399 95.33387756347656 85.72568
0 1030.6969451904297 202.17717 69.29803466796875 79.55904
0 922.743896484375 350.16092 112.63677978515625 116.69119
0 884.9893798828125 438.50003 122.85330200195312 117.64041
0 1051.2355041503906 297.31778 107.51006317138672 148.12439
0 1129.009765625 248.55157 79.80332946777344 90.96756
0 1008.4080505371094 439.3081 91.71109008789062 97.701416
0 988.888671875 589.7768 113.12196350097656 91.00293
0 1020.9317626953125 512.42114 152.56610870361328 125.11267
0 1184.0020294189453 178.3301 117.11067962646484 114.72017
0 1123.7429962158203 451.9794 113.19400024414062 105.81766
0 1192.6930389404297 372.20676 140.20254135131836 114.494934
0 1169.0598068237305 606.79846 77.10991668701172 77.339355
0 1208.0503845214844 579.04254 106.61235046386719 101.053955
