0 773.8877 236.845 86.73566 80.41879
0 669.1106 167.06119 117.84131 110.69528
0 778.9802 334.5067 106.09119 103.456696
0 663.3394 270.85117 101.36658 95.60016
0 498.2315 122.36035 140.47461 132.43295
0 557.3307 217.89467 128.3183 130.0041
0 781.458 543.93695 112.64862 115.07892
0 568.4459 364.11368 126.94763 124.8396
0 539.87024 335.44058 89.32843 79.14584
0 611.22565 488.91217 123.38275 112.27954
0 425.6818 293.64496 124.55466 104.09598
0 361.07755 227.23935 123.311005 116.95914
0 476.8209 413.44104 129.79489 123.83203
0 276.80267 276.79456 124.503174 114.893036
0 631.36206 651.2199 105.47461 93.015625
0 532.726 557.6077 131.59302 131.54718
0 358.78915 384.96188 130.69345 119.67615
0 429.08844 576.7539 100.922 94.90753
0 420.5382 544.73474 72.154755 62.285156
0 469.6231 712.7974 118.170044 105.7204
0 238.3968 367.67896 114.9724 113.143524
0 294.71252 472.6274 120.80243 113.05081
0 324.7894 557.0991 121.03424 115.47864
0 214.71538 450.97305 73.30711 82.26706
0 122.017685 435.86954 120.716705 110.608185
0 361.25494 714.70496 91.08618 90.59943
0 446.23734 839.6019 60.989105 62.303223
0 188.9628 532.8417 112.54697 110.232544
0 280.67822 647.82135 96.20792 100.923584
0 347.97772 828.3813 95.56113 88.308655
0 183.7121 608.7302 110.05856 100.635254
0 118.73243 537.68536 78.53649 83.209656
0 195.00739 667.0217 139.27863 134.50208
0 249.8632 759.76996 132.04042 128.11176
0 113.96979 645.11066 85.5262 113.545166
0 202.78505 787.4582 53.014526 66.73743
