0 730.8546 421.25854 71.79083 73.14261
0 681.1742 324.06805 98.409485 99.976105
0 812.3893 443.8041 90.90485 91.60153
0 771.2803 336.56927 84.88257 86.15869
0 660.8159 175.97778 117.60028 119.378204
0 737.31726 240.09032 112.91034 112.83748
0 990.20465 483.14227 99.699646 99.45709
0 859.9207 275.82214 109.41034 110.04773
0 840.34424 245.43892 71.703 73.786026
0 960.2768 334.46432 100.8371 103.15784
0 814.08057 146.86224 96.17529 100.25597
0 766.73553 79.622894 103.66113 105.08899
0 911.49304 209.30615 109.55109 110.91818
0 817.8572 19.06075 102.72119 104.76347
0 1096.944 379.1507 84.39856 86.94003
0 1028.2672 280.8628 114.713745 114.97247
0 899.9257 106.98816 107.263855 109.58232
0 1057.5599 196.98898 84.34424 85.66614
0 1032.7971 182.70294 56.9187 58.91028
0 1166.6267 256.87018 95.474 98.03778
0 900.98224 1.8829927 99.138245 99.700386
0 982.6866 68.46324 100.623474 102.309525
0 1051.3118 108.26589 102.15967 103.4336
0 978.5336 -6.961055 69.3631 67.81891
0 970.6383 -81.06305 99.11682 101.245575
0 1183.7349 164.07208 79.12622 79.39084
0 1282.5175 254.65173 53.977295 53.846344
0 1046.9739 -9.685445 96.72839 97.37722
0 1136.2761 84.999725 86.752686 86.0495
0 1280.6854 174.50412 78.917725 80.46207
0 1111.3455 0.2195826 90.23987 92.21956
0 1062.1448 -70.19384 71.31848 70.5897
0 1158.1843 21.415686 118.541016 119.70327
0 1231.3901 82.91018 112.74475 113.734
0 1156.2996 -57.274372 91.59619 86.49429
0 1267.6906 41.38078 54.562744 52.085026
