0 528.6113891601562 307.454 71.0003662109375 70.52637
0 495.955322265625 198.44519 96.80609130859375 97.30524
0 600.5120849609375 355.78622 87.91162109375 91.33765
0 581.60546875 236.3899 83.361328125 84.09277
0 507.95538330078125 52.185112 111.3670654296875 113.67277
0 568.6110229492188 139.15283 98.787841796875 109.593765
0 759.8421630859375 449.25366 97.57080078125 104.31464
0 675.7100219726562 207.5807 105.5404052734375 110.479904
0 665.5596313476562 168.39977 72.334716796875 68.966064
0 759.91162109375 298.60837 100.56060791015625 98.23535
0 655.9324951171875 69.36855 99.47039794921875 89.83843
0 626.8819580078125 -14.001279 99.71026611328125 101.71473
0 736.0306396484375 160.53972 102.45309448242188 105.991745
0 685.3709716796875 -57.91196 101.82745361328125 100.73593
0 879.5694274902344 383.8826 85.30648803710938 80.982635
0 836.4226684570312 267.5786 108.98641967773438 116.07721
0 745.751953125 55.45801 103.91384887695312 102.92665
0 878.8800354003906 189.14426 82.93508911132812 83.44812
0 861.7464294433594 163.12694 57.2879638671875 53.517822
0 968.8955383300781 284.13394 95.90921020507812 92.25293
0 769.6738891601562 -50.952507 95.59588623046875 100.13478
0 833.2153625488281 42.038063 97.06622314453125 97.914955
0 888.4176940917969 100.35427 99.83059692382812 101.75077
0 850.5216369628906 -42.02658 63.199462890625 74.06549
0 849.28125 -109.83072 98.5623779296875 96.87928
0 1006.6107788085938 191.75583 75.94876098632812 80.30209
0 1085.9033966064453 306.72226 51.21736145019531 55.42343
0 908.1806030273438 -17.416212 93.4573974609375 97.48506
0 976.2305603027344 98.56253 81.38699340820312 90.100174
0 1097.196044921875 236.13867 78.18405151367188 77.443634
0 966.2197265625 13.936479 89.80770874023438 88.112175
0 939.5268859863281 -79.02341 66.61474609375 74.37784
0 1005.7573852539062 54.982807 111.46449279785156 116.159134
0 1061.9570007324219 133.7073 109.38174438476562 113.15506
0 1026.350570678711 -61.349854 112.54255676269531 135.12686
0 1012.4717102050781 -123.49306 80.62931823730469 87.95436
0 1110.8170776367188 65.92869 85.34117126464844 92.37347
0 1210.0937423706055 157.94044 94.26864051818848 90.35095
0 1168.3010025024414 70.81215 128.02439880371094 123.75574
0 979.92724609375 -229.3676 110.84580993652344 113.738434
0 1163.2587356567383 -7.6947136 94.80872344970703 97.517715
0 1130.0691375732422 -90.67751 67.07968139648438 73.654076
