0 1171.0319 23.565851 82.1012 85.93117
0 978.9441 -73.54308 92.703125 90.73039
0 1248.2163 122.52981 82.07568 89.65182
0 1066.8666 -2.4071393 90.29785 89.42948
0 1143.1481 134.846 75.49109 74.81296
0 1127.8284 111.87533 51.484253 48.456352
0 1194.8379 231.41696 87.33862 83.73984
0 965.9896 -5.836494 86.97583 88.80691
0 1025.583 62.495655 85.13684 85.30003
0 1061.1326 124.10217 90.85852 90.905
0 955.8371 60.990723 57.433594 63.854538
0 884.8952 49.3855 89.729614 87.406784
0 1106.7142 239.69164 69.09729 71.048325
0 1188.7772 326.17947 46.590576 48.749542
0 954.4979 115.42425 80.388794 83.05541
0 1040.3867 197.0656 68.847046 74.8914
0 1115.2832 326.56723 71.17737 69.72745
0 970.9257 173.15442 73.24347 73.119385
0 895.5606 127.19664 60.57019 64.89409
0 994.02106 211.90826 92.644104 96.54971
0 1037.5165 272.24182 99.53638 100.69299
0 883.70404 201.43901 105.58905 118.341354
0 835.36743 179.98221 69.53375 74.33176
0 968.1268 293.59082 81.24164 83.95969
0 1011.9207 402.4382 88.87714 84.37857
0 945.08655 350.5829 116.5719 112.17502
0 752.49097 140.60231 88.74701 91.72394
0 877.2011 329.59122 88.92651 89.75012
0 787.41846 281.82397 105.44446 101.64847
0 907.18866 448.83316 63.648376 65.348175
0 860.8895 435.99805 86.03113 86.74707
