0 659.11945 240.11084 61.26837 44.608704
0 616.97156 155.99792 81.90283 62.711227
0 609.2652 306.16 70.17236 61.883545
0 565.4346 213.15756 70.1012 54.50232
0 520.0799 54.12659 97.19348 75.45651
0 515.34766 134.00134 80.425964 82.017044
0 504.78537 436.187 70.08908 73.27106
0 449.32266 230.70152 83.06485 75.65575
0 452.0944 194.0239 66.5004 40.64131
0 413.28964 330.3882 89.10193 60.42331
0 386.80115 127.724655 98.50754 47.598648
0 380.23965 50.073936 84.6644 67.26149
0 361.87497 220.65874 88.44861 71.853775
0 298.28036 43.39387 88.43787 63.280857
0 349.44904 436.69666 78.9021 47.345917
0 328.17435 333.77057 82.98071 81.438934
0 296.2768 150.26833 93.69397 65.08096
0 254.44861 292.56757 70.04642 53.86728
0 271.24094 263.3297 54.81662 30.419739
0 207.27657 401.91068 87.01564 55.24063
0 230.85966 75.92703 75.15489 68.63516
0 212.51869 170.61285 84.34596 63.67752
0 190.11328 236.47908 82.47354 67.00322
0 184.81578 102.80364 38.560043 58.435402
0 115.32557 68.97138 86.47903 60.211037
0 143.16878 341.8304 58.652298 55.775482
0 144.2431 450.8196 37.756897 39.72995
0 114.74321 154.97499 74.05388 66.427216
0 123.16515 261.92215 57.116203 66.48764
0 74.33231 409.88745 67.76522 48.749786
0 72.05974 201.7866 79.03531 54.594772
0 74.87648 114.36629 45.863823 55.468323
0 44.513084 248.00096 92.96172 79.40816
0 35.822742 328.6693 88.00258 76.18463
0 8.628126 168.2185 40.52742 98.883514
0 15.895175 116.57616 17.086674 50.26007
0 2.8590865 296.28787 31.610758 56.118042
