0 261.52893 -114.401245 80.31311 77.21717
0 339.3543 -179.80835 109.37686 106.15744
0 228.77818 -26.078007 99.04878 98.72482
0 351.83792 -78.108826 94.15796 91.64943
0 485.92715 -200.44386 118.90347 118.571846
0 427.01077 -120.15573 116.62283 120.70516
0 190.31659 164.16089 114.17282 115.14465
0 400.03522 10.812462 118.825134 119.16117
0 468.9011 -11.79746 82.08115 76.39915
0 350.04547 127.086555 113.885345 108.05425
0 548.4167 -44.480385 113.33777 101.15815
0 616.9632 -100.07647 109.5235 108.33355
0 481.27228 58.104534 107.98816 109.27025
0 687.85333 -52.927387 115.20178 110.40168
0 327.49078 270.6495 96.82199 89.82147
0 404.21185 198.05724 122.53436 124.61723
0 597.4421 41.773674 113.04999 109.49865
0 530.54565 212.56355 93.702576 91.02138
0 577.2182 187.42125 64.381714 59.12465
0 465.00488 335.86234 108.75244 101.93295
0 720.0536 35.382717 107.62482 107.98169
0 653.9718 128.53633 106.269165 104.27112
0 614.58093 197.64546 112.66235 110.57143
0 771.2092 116.08313 70.41846 77.53398
0 818.3583 100.10737 111.55817 106.36634
0 592.33246 342.78107 85.43982 86.37857
0 531.1799 454.73953 57.497498 59.245697
0 748.3752 183.75371 105.26105 105.25371
0 668.2911 283.06183 91.16992 95.71823
0 588.79834 451.38135 88.443726 84.84363
0 747.58624 255.36606 101.671936 96.79758
0 846.6235 195.96036 74.5697 78.84271
0 700.62384 307.9313 122.3869 123.152466
0 645.65356 385.40817 123.28479 122.45364
0 822.30786 292.34656 125.09473 140.59433
0 918.3232 262.26224 85.62567 90.312225
0 758.789 414.82492 95.80542 98.73215
0 704.01215 550.80225 106.92255 99.93646
0 746.2719 484.38196 145.1109 136.54309
0 986.5512 205.40562 119.65936 119.47603
0 855.3533 451.90427 116.6886 113.87845
0 941.2858 389.42606 133.17499 125.13168
0 864.4181 602.10626 78.714294 79.45032
0 898.3513 590.864 106.59265 105.49982
