0 577.4013 411.56082 82.8017 78.509094
0 574.0071 288.01736 112.52136 108.64642
0 478.8519 475.22876 101.22159 102.80432
0 493.2736 338.90482 96.792206 93.96954
0 527.76996 120.86689 133.0899 129.59885
0 473.89044 221.02621 120.3598 129.88806
0 290.47607 597.71 108.57889 116.72357
0 352.74643 315.20935 121.25354 124.57315
0 396.39957 268.71875 85.27182 75.94235
0 267.42615 426.478 117.78897 108.87021
0 365.731 158.28468 118.867096 97.46106
0 392.14822 58.318874 117.28668 114.96159
0 273.5273 267.00778 122.78534 121.63364
0 315.11267 16.079466 118.87213 112.01489
0 148.7458 534.6332 100.68262 89.08215
0 166.21823 397.20032 124.57245 131.41827
0 251.00754 150.67294 124.075836 115.96396
0 131.4826 313.63956 96.36636 93.18942
0 178.15335 282.39877 68.35449 58.856995
0 20.072178 432.65393 112.80884 101.83606
0 223.95534 30.34654 109.8076 112.925705
0 154.29672 142.59515 114.822205 110.527115
0 91.51629 216.4608 115.57902 113.9922
0 165.95207 45.483192 70.06459 85.63499
0 116.434235 -26.103523 115.252975 107.54379
0 -11.743909 330.39285 86.99922 90.75998
0 -65.429596 468.09558 58.260784 62.97876
0 62.155704 82.95077 107.488525 109.83779
0 8.072476 221.46642 91.91725 102.904465
0 -116.88796 388.7533 91.23968 86.142395
0 -1.0395472 124.513 105.0762 97.769684
0 49.97542 14.856392 75.03807 85.11193
0 -69.01228 173.24626 131.70316 132.66444
0 -123.32866 271.0235 126.09976 127.228455
0 -101.08122 42.654957 123.72713 157.00958
0 -37.527145 -19.25782 72.63436 87.24315
0 -150.40527 203.35413 85.48297 96.653534
0 -217.4388 348.0621 46.31743 55.492737
0 -186.86238 281.8167 46.945724 54.125244
0 13.620766 -103.75132 43.38964 65.30163
