0 490.64636 48.613686 73.763245 77.37195
0 379.01392 17.907822 101.52692 105.321686
0 534.1706 124.109535 94.693115 95.22747
0 412.16162 110.93206 87.679565 90.65186
0 228.40396 41.367393 116.957825 119.02828
0 315.23 102.14667 110.81665 103.94179
0 618.16254 292.18408 108.42377 106.53348
0 375.49414 214.42053 114.36157 114.19348
0 336.62848 206.34062 72.714905 79.217636
0 462.86978 301.49387 103.07822 109.80551
0 233.32382 200.9137 95.80841 109.64432
0 151.26593 174.7859 105.25293 107.437485
0 323.32718 282.8698 108.54602 108.95123
0 100.73094 240.58647 105.4366 111.01158
0 542.3592 426.73907 85.46106 93.47351
0 426.12012 387.61093 119.7796 117.65698
0 213.13324 300.12192 106.845 112.01245
0 342.1391 437.54776 87.05109 90.218475
0 316.8547 421.58212 56.533875 62.698486
0 431.786 530.305 97.10327 104.92859
0 102.830444 332.99814 103.64513 103.43179
0 193.6268 397.01157 101.45065 104.61737
0 248.60721 452.70435 105.878174 108.414856
0 108.20944 421.89767 75.12579 67.27927
0 35.038303 422.52496 101.53003 107.53998
0 335.12592 577.4624 82.976746 82.073425
0 448.29404 658.27576 57.022797 55.169373
0 126.9367 481.34665 100.990166 101.18063
0 241.64185 549.3032 92.30948 87.37384
0 374.1896 674.4618 81.03714 85.221985
0 154.69727 542.7233 92.375916 98.01062
0 62.319473 520.59503 76.08913 71.433044
0 194.81906 583.74475 119.29791 119.14111
0 270.28915 639.84186 117.40875 118.55298
0 74.25013 613.45184 136.4946 119.3537
0 11.949501 603.1483 89.2911 85.183105
0 198.32042 698.2058 95.028946 91.91467
0 284.58878 801.67926 95.16229 103.17352
0 196.41304 759.45856 130.13173 139.9779
0 -95.976265 573.06085 117.177864 118.77637
0 108.03337 761.09674 110.48796 114.53699
0 7.794849 729.0544 113.80249 119.77399
0 189.10652 898.2026 56.09166 51.361816
0 159.9101 905.7583 53.693665 42.539307
