0 465.85772705078125 253.37213 76.91009521484375 68.8439
0 516.973876953125 145.3384 103.2886962890625 96.27965
0 483.12255859375 356.5188 89.7467041015625 93.743866
0 570.5458984375 244.2924 88.53338623046875 83.548416
0 647.8274536132812 41.58081 115.8341064453125 114.31114
0 637.0137939453125 153.33617 90.7034912109375 119.97456
0 545.4362182617188 568.4347 96.04290771484375 110.3761
0 671.9871215820312 305.65326 106.62905883789062 114.28784
0 711.2078857421875 259.71234 82.27529907226562 63.988037
0 671.9844970703125 453.9696 111.161376953125 93.9754
0 772.6302185058594 184.81882 119.91510009765625 77.38614
0 820.5720825195312 85.281204 104.08538818359375 102.27763
0 769.6630249023438 318.58722 104.52044677734375 108.1485
0 910.61669921875 102.148476 110.84439086914062 97.84112
0 716.02001953125 620.5029 97.49441528320312 74.716064
0 767.5963134765625 490.73312 107.41647338867188 122.258575
0 867.6949157714844 245.54686 112.51870727539062 100.0302
0 885.9626159667969 458.57755 88.37265014648438 82.665375
0 904.77294921875 417.2121 66.588623046875 48.331146
0 879.7501831054688 618.8594 107.97589111328125 86.57391
0 987.0765380859375 173.71301 96.49577331542969 103.66705
0 963.9904479980469 305.65955 102.79698181152344 97.21881
0 963.3772583007812 399.5665 104.60456848144531 102.27191
0 1072.0334777832031 234.53886 53.09934997558594 85.23628
0 1108.4475860595703 198.645 108.14213943481445 93.37343
0 1006.4768371582031 564.1494 75.64753723144531 83.94794
0 993.1369323730469 716.07355 49.27943420410156 59.318665
0 1086.9405670166016 317.79898 94.89424896240234 100.47806
0 1057.0894470214844 461.95114 75.54879760742188 98.5524
0 1049.5425567626953 681.35657 84.97451782226562 75.33069
0 1113.89453125 394.97302 98.75680541992188 84.73578
0 1183.8078079223633 283.20218 60.986568450927734 82.00696
0 1105.7141723632812 464.92664 112.81790161132812 119.504944
0 1090.4520874023438 575.9183 112.34241485595703 115.60138
0 1229.0006980895996 377.03268 90.15849304199219 158.6528
0 1282.4728755950928 314.47302 76.10318946838379 94.75598
0 1207.1504516601562 552.5087 82.09202003479004 98.874756
0 1212.3818817138672 721.6436 106.56930923461914 84.40521
0 1231.6567611694336 627.21796 143.29945373535156 116.86261
0 1327.3525085449219 214.57706 114.61451721191406 115.072205
0 1314.203899383545 542.9878 112.22864151000977 104.883484
0 1367.9325866699219 436.35074 79.07510375976562 91.67032
