0 263.62261962890625 438.34622 67.1494140625 66.771454
0 353.5712890625 583.19495 58.353515625 65.00226
0 337.62530517578125 457.75537 66.43798828125 69.664734
0 277.85052490234375 290.32056 91.94549560546875 95.72824
0 319.18597412109375 361.34793 99.27783203125 105.44992
0 460.04156494140625 652.95874 105.372314453125 105.29437
0 413.1160888671875 420.9607 108.84832763671875 108.29895
0 410.26300048828125 383.41266 76.6365966796875 69.23227
0 484.51043701171875 505.46082 105.83551025390625 97.997986
0 416.8209228515625 278.71805 106.90191650390625 91.52292
0 405.59027099609375 203.02231 100.05792236328125 97.98648
0 491.388671875 374.05298 97.08599853515625 98.28909
0 472.95703125 148.63794 106.78753662109375 100.16498
0 599.4991455078125 578.6456 90.4912109375 81.39679
0 576.0333251953125 467.33237 111.808837890625 113.30893
0 514.9696655273438 263.26755 103.56109619140625 98.76108
0 633.7385864257812 382.34845 86.55157470703125 82.61606
0 620.0320434570312 360.52618 60.1575927734375 53.44577
0 709.8995361328125 470.40094 101.37454223632812 92.40314
0 559.4417114257812 154.34198 98.56805419921875 98.135376
0 609.6011352539062 239.44989 97.20159912109375 94.22031
0 655.5338134765625 294.2438 103.79046630859375 100.40823
0 646.1305541992188 156.37036 62.79266357421875 70.68945
0 646.0697021484375 87.015144 103.5526123046875 96.490654
0 765.5379638671875 376.63235 78.08807373046875 78.52356
0 831.3907775878906 484.5512 52.2764892578125 53.89154
0 693.7704467773438 178.76572 95.33413696289062 94.884796
0 752.6104125976562 292.3886 76.0072021484375 82.875946
0 852.4127807617188 409.7983 81.96295166015625 76.979706
0 753.4437866210938 209.67123 83.73944091796875 80.75931
0 737.32470703125 115.7114 67.30014038085938 71.78532
0 786.3717346191406 248.06732 104.13885498046875 106.74478
0 826.1104736328125 315.02698 113.21646118164062 111.24707
0 822.5298767089844 128.91585 111.68252563476562 128.82347
0 819.9159545898438 66.48887 77.3326416015625 82.22126
0 886.5605163574219 245.13237 88.00433349609375 90.41255
0 976.0141296386719 327.74783 100.50027465820312 91.08649
0 944.5211181640625 243.15709 135.1350555419922 123.79607
0 804.0602111816406 -29.116238 106.89593505859375 106.526794
0 956.2301940917969 159.84862 102.450927734375 99.951126
0 937.162841796875 55.28619 123.67860412597656 113.18913
0 1081.1327514648438 228.55014 71.97310638427734 72.22122
0 1083.633056640625 171.21283 97.97514343261719 95.82486
