0 681.29956 -28.85555 83.68152 83.06268
0 564.39966 -88.26306 114.55469 113.91872
0 712.0981 63.943085 105.21234 105.174484
0 583.78723 16.874489 98.765625 98.27268
0 396.68982 -103.86836 131.15704 130.82207
0 481.81052 -19.617586 119.55789 120.86806
0 768.7788 265.0129 118.84302 119.27872
0 522.09717 118.16377 126.63379 126.73779
0 484.30145 96.795876 84.09949 82.945564
0 597.5148 234.871 117.85962 116.68317
0 369.23315 68.04434 113.640564 111.14731
0 289.3046 15.037339 118.00461 117.65633
0 452.8685 175.97063 120.98721 120.951126
0 221.10805 72.15774 119.84981 118.887596
0 659.8187 387.49533 99.04065 97.61612
0 542.4956 314.41812 131.58722 132.05518
0 329.96286 165.55879 121.477295 120.57329
0 444.5224 343.05176 98.17474 97.645386
0 423.08 316.88327 66.02362 64.91861
0 519.86017 468.02417 111.83246 110.44946
0 207.54057 168.01147 114.73445 114.839935
0 291.37552 261.20374 114.35263 113.818695
0 339.45743 335.568 118.696045 118.295166
0 201.9828 257.58218 79.00401 80.50079
0 115.34371 246.29616 115.75611 114.711105
0 411.84003 487.0865 91.45856 91.67828
0 520.9374 599.9788 62.192627 62.571716
0 204.5486 331.4016 112.01082 112.04004
0 317.40784 431.6811 99.61957 100.58978
0 433.00388 601.45337 92.06088 91.33978
0 221.26831 404.74884 105.409454 104.42789
0 132.31093 350.77307 81.79686 82.70514
0 254.97403 459.7409 132.4708 132.5523
0 325.15253 539.9673 130.72012 130.58374
0 124.35398 454.37872 141.9809 145.23303
0 59.94172 425.72824 97.0843 97.87619
0 240.64282 578.05554 103.61801 104.25366
0 308.83228 714.39185 109.78229 108.36365
0 217.73262 650.51056 149.52443 147.7893
0 -55.412273 369.58224 131.05675 130.8146
0 127.66023 623.8792 124.622055 123.944885
0 33.66148 564.137 121.53989 121.109924
0 202.11974 781.2837 51.398132 52.551636
