0 990.0079 329.2282 70.12933 66.20172
0 952.21686 199.41043 94.21588 92.83209
0 928.6247 416.74683 81.93793 90.933105
0 888.25397 279.34692 80.762634 80.60327
0 860.80225 60.040176 96.59601 109.01854
0 855.9987 170.94954 79.96625 117.11302
0 803.27563 596.6029 93.85083 108.57031
0 768.3106 301.66922 97.363464 111.00293
0 777.4464 250.54686 74.940674 60.985703
0 723.7515 445.6259 101.32184 90.0665
0 710.3706 150.87822 109.12921 72.7077
0 711.1885 43.625675 90.93591 98.216446
0 692.96497 281.79337 85.321655 103.16525
0 622.19763 25.66388 101.06421 94.02315
0 652.8612 590.68005 88.80835 71.15039
0 628.40515 450.01755 98.14618 119.088776
0 620.4229 176.60197 96.52539 95.152176
0 563.3131 377.84283 80.61041 79.711426
0 582.6477 335.99567 59.64441 45.670105
0 502.33124 529.45026 98.38275 82.685974
0 547.799 72.86763 88.11951 100.68973
0 527.27203 203.81752 89.22119 93.04088
0 497.61273 290.29367 95.450134 98.86081
0 499.3617 108.347725 48.704285 84.14828
0 432.0624 50.17805 98.5748 89.60669
0 440.54022 437.17978 69.10278 81.67392
0 432.68466 589.73456 45.057617 57.916748
0 427.82193 174.16435 86.64975 97.54387
0 427.98523 323.00507 67.19327 96.24243
0 360.8534 530.34607 77.4794 72.41016
0 381.2563 240.43625 86.825165 80.75162
0 389.39893 115.727165 55.818542 80.45045
0 353.68896 306.57516 97.38483 115.06146
0 333.11627 414.43457 102.55435 112.04932
0 282.78226 181.25653 82.80142 157.07446
0 281.01428 104.935425 64.38071 91.794266
0 268.0643 356.59384 75.038635 96.5556
0 193.37384 517.1496 97.09326 80.54791
0 169.3295 413.24872 130.58286 111.740845
0 239.13094 -2.3486226 97.36412 110.180664
0 155.51833 305.1822 97.0287 100.236206
0 120.15108 184.3154 120.074326 102.05997
0 84.442055 439.5425 63.83082 74.903046
0 39.087215 388.2111 89.15588 95.88501
