0 370.099853515625 1002.5993 78.57379150390625 77.17084
0 110.6346435546875 726.8271 100.0556640625 97.65033
0 183.7479248046875 802.7317 100.35662841796875 101.02435
0 249.9852294921875 834.3295 102.9091796875 102.53284
0 187.50341796875 710.0439 73.40118408203125 66.716
0 178.7596435546875 622.7392 103.51708984375 107.04187
0 380.07830810546875 879.90515 83.09228515625 81.578
0 473.47528076171875 975.806 56.7813720703125 54.808716
0 249.27880859375 703.84656 95.43402099609375 92.74109
0 336.47772216796875 802.65546 86.4949951171875 80.34985
0 479.8349609375 886.9988 82.4688720703125 84.820984
0 313.58941650390625 722.3184 86.0982666015625 86.9718
0 270.29296875 632.40533 75.19891357421875 70.9162
0 354.34014892578125 747.92346 112.5733642578125 109.08472
0 420.698974609375 795.9959 118.20269775390625 117.89154
0 353.82501220703125 613.9719 136.9498291015625 123.93561
0 335.814208984375 558.4235 86.1776123046875 81.44861
0 452.1917724609375 711.5378 99.32647705078125 97.44379
0 573.6607055664062 757.8589 101.5799560546875 107.87268
0 516.9334106445312 681.26654 133.24432373046875 139.38489
0 296.8392333984375 460.4144 104.55621337890625 101.58609
0 503.10614013671875 600.67554 104.99835205078125 104.831726
0 453.48321533203125 494.34668 120.15771484375 125.346436
0 638.1876831054688 629.2899 76.4517822265625 75.167114
0 626.0792846679688 577.5437 101.9085693359375 101.96039
