0 374.91537 204.3664 66.26575 65.419495
0 352.0844 89.945305 85.5856 88.81283
0 313.2522 283.88797 75.92288 86.328735
0 288.8473 160.19116 72.84 74.060715
0 269.7277 -44.01756 110.18921 104.327286
0 250.90721 57.56542 93.60475 110.835785
0 173.04985 436.88275 71.06256 98.50061
0 158.7497 172.24023 97.717865 102.7305
0 174.44151 125.82268 76.64784 58.129395
0 107.45398 296.66644 91.29834 83.01367
0 155.48601 42.4173 75.524 62.36202
0 165.6215 -51.018677 59.697495 80.44944
0 126.79766 168.7651 46.463707 76.112656
0 82.799164 440.9947 29.422455 48.441742
