0 829.98444 150.38425 60.081543 54.054703
0 765.9346 70.47002 81.01416 75.36348
0 815.2499 229.61128 71.51544 73.37541
0 743.8257 146.70093 69.529785 65.35307
0 651.75616 -9.484248 96.3869 90.50976
0 679.6769 76.44581 84.34766 95.366005
0 779.7591 393.81482 73.11774 85.16226
0 659.88855 195.65692 84.99365 89.03003
0 646.5147 161.45863 63.36078 50.43689
0 668.14026 308.13113 86.304565 73.822754
0 569.09485 104.403435 90.91492 61.53733
0 537.7393 29.667437 84.313965 80.44241
0 585.84216 209.42566 88.45422 85.696106
0 468.40405 44.544792 86.43652 76.73119
0 653.3122 438.18085 74.98126 58.930695
0 598.64435 336.99283 89.13922 95.77078
0 507.0665 154.73128 91.11417 79.24132
0 525.2109 318.39307 69.33917 64.69125
0 526.2151 287.86264 52.52826 38.597443
0 528.04663 442.12598 83.40088 68.15457
0 426.66183 101.03436 76.938416 80.75058
0 447.27063 202.6363 83.22406 76.65895
0 453.7047 275.63007 82.47955 79.910645
0 399.4303 147.1934 44.915344 65.70569
0 331.45544 123.038025 84.13107 73.287415
0 453.8554 402.72375 60.560547 65.3251
0 494.05762 519.3858 39.87915 46.04309
0 362.67792 214.5866 75.52722 78.302414
0 409.03723 326.40448 61.827057 76.34192
0 424.6946 493.4871 66.29285 59.0679
0 344.80157 274.21643 76.78787 66.52582
0 316.14786 189.10098 50.13388 63.47603
0 343.47607 327.04822 92.34653 93.349396
0 373.13815 414.5218 78.95007 82.29288
