0 1032.685 330.24576 21.722534 30.83377
0 1038.8308 162.08034 65.63574 83.58682
0 1026.9344 375.06516 52.066284 81.91223
0 960.4534 237.17113 63.720154 73.62126
0 923.32776 27.514975 85.437256 100.12797
0 912.8184 130.36365 85.47418 112.09889
0 894.47656 537.83014 98.484375 103.286804
0 832.01733 256.4203 102.27057 105.5708
0 835.93774 206.97871 80.24298 57.713486
0 795.0401 393.31528 108.01581 85.359375
0 751.461 109.782234 117.84369 68.53962
0 743.53955 9.409538 95.859436 93.345825
0 740.46783 243.04861 89.25568 98.18625
0 640.65063 -8.523686 107.4801 89.172485
0 720.8046 533.5929 95.15076 67.31287
0 686.86615 397.79266 102.64404 113.34558
0 655.24194 139.38882 102.319275 90.320435
0 602.18286 330.4246 85.43353 75.667114
0 623.4739 291.63324 64.0448 43.18344
0 550.16095 478.37073 105.17993 78.292725
0 565.3176 39.180817 92.54663 95.76497
0 552.60126 162.14613 94.25922 88.385605
0 526.3387 250.61159 100.88202 93.905655
0 511.46982 71.777176 49.373688 80.36717
0 436.74643 18.236185 104.97464 84.955025
0 474.56323 391.64368 72.41614 77.712585
0 477.50952 537.9506 46.92151 55.170593
0 442.0188 139.43333 89.85376 92.579895
0 455.295 286.54636 62.918488 90.90793
0 393.64948 480.9336 82.366516 68.677734
0 401.7882 204.08943 81.67645 75.16753
0 393.19736 80.91235 57.58304 76.71132
0 375.23187 268.34937 94.17444 108.43222
0 355.39447 370.36478 108.026886 106.5087
0 289.33752 149.82716 83.961395 150.24455
0 278.37796 75.19058 66.478 87.51863
0 283.37927 315.09665 79.10541 92.08914
0 211.33311 467.65784 104.67717 76.348206
0 176.41528 369.62537 139.48044 105.83557
0 223.53305 -25.922792 100.666016 104.23487
0 157.43623 267.15192 98.67146 94.690796
0 105.759186 153.20808 127.89461 96.61261
0 86.601105 400.4941 66.91495 71.2626
0 35.620754 348.3984 94.007095 91.11383
