0 1180.0996 -66.732796 70.14636 63.92861
0 1210.8478 -4.842445 70.14685 113.73204
0 1306.2391 421.5941 63.299072 93.678925
0 1178.6646 136.87823 93.186035 106.8457
0 1159.6735 85.498116 71.17822 57.076927
0 1184.9323 283.95093 96.39551 85.0014
0 1062.1309 3.9649215 103.261475 66.54598
0 1027.9071 -99.31057 86.910034 94.17522
0 1097.6688 142.57892 81.7948 99.69324
0 938.258 -93.495155 96.24567 89.092476
0 1174.3334 443.60645 84.30408 66.4837
0 1102.3788 314.04456 94.098755 115.10693
0 994.0719 55.685 92.045044 90.59833
0 1012.24286 266.38464 76.87445 75.91559
0 1013.2825 222.94893 56.577393 42.475143
0 1015.4802 427.21982 93.49097 77.629486
0 897.60406 -29.684452 84.34381 96.93376
0 924.84863 100.714615 85.19562 88.979355
0 928.6036 198.50507 91.128174 94.496124
0 860.6749 22.910767 47.265686 82.89963
0 782.4478 -19.481415 93.82727 84.736496
0 927.9667 357.2565 66.20361 78.80731
0 974.76965 509.73398 43.27533 56.19461
0 826.3261 102.81152 79.50543 93.44597
0 881.81744 253.4724 59.34076 93.38484
0 890.9115 468.43466 73.78363 68.63864
0 813.6822 181.00064 73.721985 75.59042
0 766.55145 58.95398 53.80603 78.55521
0 816.3517 249.65762 86.6875 110.33859
0 830.6429 358.53555 98.043335 107.52902
0 712.9572 148.4573 83.11749 155.61053
0 675.21826 78.64119 62.036804 89.57938
0 754.06555 321.2164 74.71942 93.94443
0 741.3398 493.10394 94.451294 75.754944
0 688.0038 395.70596 124.135315 105.08713
0 601.9961 -17.259703 88.542786 104.39316
0 638.88306 299.8349 88.749084 95.39157
0 562.15894 190.90991 113.01807 95.81851
0 620.0864 453.50012 61.140503 72.23944
0 568.33594 411.4197 85.199585 91.91104
