0 655.70386 475.66187 78.74579 77.124695
0 551.8117 412.4873 106.84888 105.18268
0 665.5415 558.99414 99.01593 99.43408
0 553.1742 511.6757 92.03186 90.77725
0 393.8415 378.72836 130.57935 128.21332
0 461.63232 471.4478 114.84912 118.30731
0 685.1515 763.35046 102.473694 106.12268
0 478.66742 600.6856 127.12506 126.62103
0 449.27213 577.1655 87.74301 82.651184
0 533.3 718.9359 110.843445 107.40161
0 343.15033 550.8929 112.38275 103.95203
0 283.70135 492.56775 112.146484 110.93097
0 403.35474 661.22235 118.257935 117.31903
0 213.7867 545.9689 112.3094 109.583496
0 565.939 880.21326 89.81018 86.28107
0 461.73163 796.9714 135.19708 134.38617
0 296.6287 641.4636 117.62558 114.32849
0 380.9252 820.88513 91.54947 90.17218
0 367.59326 791.6278 67.58777 63.256897
0 443.46048 947.93524 94.512115 92.26776
0 194.63916 638.4855 101.74902 102.82068
0 265.93445 731.803 93.90347 95.16791
0 317.54324 810.0954 76.19833 80.573364
