0 1488.4243 274.508 45.990234 73.69299
0 1392.6703 229.53221 106.595215 72.74443
0 1496.64 579.7811 64.097534 68.62677
0 1523.85 719.13824 41.749756 49.183044
0 1426.7302 336.97205 77.44519 81.33182
0 1459.7109 478.69247 57.72705 82.60666
0 1427.4661 679.30237 77.40515 58.8714
0 1397.2339 410.4135 82.02698 65.45865
0 1354.999 294.0662 55.385376 69.31958
0 1388.3428 469.2741 92.3407 96.7254
0 1375.9922 570.8744 107.74634 93.50366
0 1266.0691 366.65408 85.278564 138.82281
0 1238.3082 303.00705 64.04797 79.009094
0 1285.5638 527.0113 86.62537 82.51355
0 1229.8002 682.91516 114.83203 64.60388
0 1191.4675 589.3169 142.37329 89.77411
0 1169.5482 206.89337 84.40527 88.72864
0 1144.8479 497.4567 95.635376 82.78134
0 1072.8132 390.31934 126.70996 81.76929
0 1085.1702 623.64984 66.198 63.085022
0 1038.0146 589.53906 93.92456 79.832886
