0 272.29758 721.7982 100.41333 96.498474
0 339.4632 802.7843 97.515686 94.360535
0 397.43256 836.73663 101.91394 98.46515
0 354.91965 705.38965 72.908936 68.42786
0 352.75504 618.2598 109.38406 107.594055
0 522.4636 885.5702 85.60803 82.65265
0 605.33105 985.94763 58.027832 55.679077
0 414.96805 702.53076 97.613556 93.871155
0 490.62167 805.47107 86.792694 82.1181
0 620.8678 897.59937 86.911865 85.326416
0 476.65994 724.27356 89.92801 87.718994
0 448.6536 630.83954 75.99454 72.30115
0 513.0472 752.08966 115.25226 110.74573
0 571.73505 803.7796 122.70569 119.14545
0 532.7267 616.55505 135.91034 127.37024
0 524.35754 559.4678 87.18683 83.01587
0 617.5634 719.46136 102.449646 98.901306
0 730.66815 772.21313 108.91748 108.15997
0 681.54254 693.3079 141.60846 139.86511
0 496.92902 459.46494 106.8501 102.74704
0 683.8311 610.2558 109.00256 105.87512
0 645.7823 501.56677 127.458374 125.76019
0 818.6173 644.18164 78.81543 76.13385
0 811.06854 592.53906 105.95294 102.99536
