0 742.7043 178.79437 84.0437 75.25325
0 807.6653 89.2922 113.401855 103.68571
0 740.8378 273.58334 101.66345 99.956665
0 851.5546 190.97746 97.401306 89.71913
0 945.36127 15.557096 136.36188 124.82405
0 929.09656 123.68212 104.04175 119.572365
0 778.84753 489.80685 101.42346 111.87692
0 925.14886 266.06207 131.3421 123.432465
0 980.00415 229.7482 98.545166 76.39572
0 912.369 405.16794 120.127075 103.526886
0 1063.5342 176.97223 125.42102 91.894745
0 1114.441 97.34981 118.23242 110.063644
0 1031.953 304.53595 124.175415 116.86621
0 1207.9341 129.58893 120.60498 106.683075
0 946.449 571.6763 103.82239 84.37085
0 1002.1356 458.98126 137.5321 132.55627
0 1138.7401 255.40266 126.95886 110.695206
0 1133.2383 456.67114 97.07947 88.94562
0 1154.8986 425.00867 76.50476 57.88794
0 1100.05 607.49384 115.75012 96.62891
0 1273.95 215.24432 108.662964 108.3121
0 1227.4098 334.31995 116.41528 105.69882
0 1215.2113 416.59933 115.78833 108.975555
0 1347.3191 285.45474 65.38989 83.13904
0 1391.6814 257.37503 60.447998 63.81732
0 1233.6082 584.563 73.82422 78.84955
0 1200.182 721.5613 48.505615 55.03888
0 1353.2859 380.01004 49.691406 60.097534
0 1299.4952 499.85913 54.19751 78.03186
