0 417.6529 320.83643 78.70349 76.40439
0 308.9627 243.92332 107.167755 104.71858
0 438.431 410.04102 99.95816 100.01474
0 320.24557 344.65433 92.39493 90.502045
0 149.49141 189.61565 129.88847 126.74483
0 224.52774 291.1649 114.0134 118.66928
0 481.5558 620.74835 105.46301 109.38129
0 258.7552 426.55978 127.02896 125.57059
0 225.33469 396.5032 86.17938 79.69989
0 327.09872 555.6147 110.33426 105.73755
0 117.847435 356.84363 108.21172 97.94565
0 50.356342 287.31686 112.74255 110.81198
0 188.94145 476.1117 119.05458 117.43024
0 -15.629503 330.4129 112.16672 108.42294
0 373.31128 720.2615 90.900635 85.797485
0 261.0861 622.3269 134.83652 133.66217
0 80.46006 441.28726 117.25936 112.80777
0 180.56349 632.7126 91.847275 89.809265
0 165.20169 601.8436 66.18295 60.701416
0 248.08363 771.5587 104.72679 99.305115
0 -30.23869 419.86478 107.2516 107.74942
0 42.320557 525.1872 109.65225 106.90271
0 86.96055 609.51843 111.01473 109.50098
0 -26.560438 497.99194 45.06958 49.041626
