0 308.99344 30.339218 73.548004 70.11198
0 307.44955 -78.711266 96.80078 95.10216
0 226.3893 88.70615 87.5085 90.108
0 233.50728 -30.45997 81.86705 79.323616
0 253.66217 -218.99225 122.7399 113.96765
0 210.58066 -131.55501 109.4552 115.06875
0 53.45351 195.51585 85.23749 98.605576
0 97.7847 -50.455208 110.62326 109.19069
0 132.62831 -90.997475 81.48685 67.19191
0 47.246044 59.650185 80.34993 78.53022
0 152.12738 -161.60367 62.582962 61.58152
0 180.1468 -238.34799 47.855286 63.647385
0 93.59306 -46.56228 35.487076 57.553654
