0 292.54626 191.82304 89.76807 89.843765
0 319.67783 71.427734 119.923645 120.27588
0 176.32741 222.31471 111.64003 112.58281
0 222.06392 91.51118 102.09941 102.36617
0 306.00284 -106.638664 147.77328 147.75671
0 223.1964 -20.120655 138.86134 140.40971
0 -54.734707 271.6468 115.43758 117.536224
0 69.37391 20.932444 142.99118 143.90721
0 137.48306 -15.805384 95.689804 94.57096
0 -32.658024 97.1933 122.150314 121.791016
0 126.80781 -133.96008 125.46902 123.14114
0 180.44084 -208.89958 124.53923 124.975204
0 0.9872865 -50.539482 131.47989 132.05998
0 154.26253 -231.60133 75.819626 77.01903
0 -179.25377 166.5979 101.494736 100.773254
0 -137.61955 52.479137 133.025 134.91441
0 50.428436 -132.20183 90.978714 92.712494
