0 1001.3402 -130.34148 69.84595 79.3176
0 902.83765 -144.50746 116.617065 108.46115
0 1170.5566 89.91991 81.61194 84.34839
0 1265.4402 193.64192 55.227417 58.386322
0 987.01843 -65.463455 97.874756 100.69405
0 1088.3943 35.58436 83.103516 91.95476
0 1169.6053 196.61098 87.474365 83.40871
0 1002.74866 4.3743124 94.11572 90.75056
0 907.97095 -48.33621 75.145325 80.58665
0 1028.3984 48.932064 116.58447 119.869354
0 1072.9329 125.52713 127.097534 124.98634
0 880.14026 39.709503 130.51813 148.74916
0 822.4407 16.88084 86.366516 92.30496
0 978.8859 151.5042 105.57135 106.127426
0 1018.1529 286.5206 119.275085 106.26346
0 939.2693 221.18224 152.34875 139.18733
0 718.02563 -30.278677 106.71124 109.81077
0 853.792 199.98006 112.71338 110.77437
0 740.54565 140.61774 136.45215 125.313385
0 874.14813 344.05835 80.68976 81.12369
0 819.87616 328.98703 110.01959 107.66461
