0 641.00543 149.53767 91.086 86.0959
0 642.5433 19.634321 123.477356 118.00214
0 533.1647 195.4422 112.56775 111.76663
0 547.56335 54.01411 106.23242 101.918564
0 595.6974 -158.79482 148.51624 142.01779
0 537.8916 -60.751778 119.81824 129.1311
0 316.277 291.99863 115.55066 121.88071
0 394.85315 12.868296 143.90509 139.52461
0 443.9186 -31.994915 103.63791 90.841644
0 301.18564 116.63883 129.11441 119.61512
0 411.62796 -152.67845 130.4766 111.06105
0 445.16437 -242.78484 129.26129 124.702995
0 306.5559 -50.89848 136.09805 132.05562
0 361.5439 -304.6106 130.36148 122.43381
0 158.99213 199.42317 110.22571 99.02217
0 171.84692 58.58344 151.57083 148.92313
0 286.8757 -173.18373 136.79953 127.51103
0 149.43283 -27.445602 105.75375 101.17445
0 196.417 -49.79529 80.07863 69.310844
0 20.592375 80.77109 123.57466 112.58824
0 255.47604 -303.15814 120.71173 120.719635
0 175.86986 -195.23573 126.560165 120.50419
0 110.36812 -135.11017 126.90639 123.13861
0 196.21121 -296.4668 77.440125 87.97804
0 208.59355 -346.39194 68.10332 70.19809
0 1.0064253 -22.224321 83.41667 86.50903
0 -66.11301 106.41097 55.671776 59.598732
0 135.00557 -232.82121 58.025192 64.22572
0 49.741917 -118.94537 66.623276 80.70798
