0 36.54566 117.925835 78.00368 75.035835
0 108.23355 0.17585486 58.50386 81.004814
0 0.6439617 196.70366 80.468636 93.48781
0 -29.909395 279.5477 91.25699 111.04382
0 109.51648 83.15835 107.9498 160.93665
0 192.55553 26.693077 73.377426 93.81007
0 56.466984 253.79697 88.561676 100.0423
0 25.799166 420.28708 113.23581 86.75424
0 61.89741 324.8406 137.60512 116.64584
0 261.28986 -60.94434 92.140656 105.09803
0 174.53041 248.078 99.93483 102.58859
0 247.90187 144.30858 123.63609 105.96365
0 210.07866 397.59567 71.06847 77.2395
0 231.55713 367.90836 97.075836 99.051605
