0 535.90955 259.8512 57.97986 60.7623
0 502.8417 139.90361 77.60562 84.45845
0 484.48264 338.83212 67.879425 85.27414
0 447.8884 214.0995 66.47061 73.39229
0 420.50867 1.0571995 95.12396 101.95748
0 413.69107 112.52841 71.26306 109.66893
0 371.4724 513.6563 63.82843 100.06726
0 337.08658 239.28407 89.26413 105.221756
0 344.7549 190.10951 71.267426 55.810562
0 300.51 374.22397 83.97006 81.37521
0 286.68243 100.588394 94.6579 64.4841
0 291.81995 -1.5809585 80.35501 90.571075
0 257.54514 226.48402 84.04819 96.75423
0 215.88463 -11.678256 83.53752 85.21945
0 227.626 519.222 70.28656 63.33307
0 202.97382 384.2826 94.99707 111.4996
0 204.53319 131.62595 88.38777 87.64598
0 154.62827 326.52686 66.38405 72.53781
0 171.1994 289.36215 55.71753 41.514893
0 100.58189 475.75922 81.783226 74.40015
0 150.50757 37.392254 71.85985 92.422485
0 131.05775 162.9416 73.86397 85.2614
0 121.40605 252.10684 56.05391 89.14725
