0 1229.5585 237.6691 64.01221 57.986755
0 1194.4863 128.81198 39.237183 65.80571
0 1242.4174 290.55142 56.575073 91.54605
0 1233.872 381.20853 68.33899 88.950775
0 1136.3364 197.56976 67.151 131.67868
0 1106.9664 142.3868 48.89978 75.27699
0 1165.6398 348.58258 63.59326 78.96454
0 1139.0424 493.78354 87.57898 63.213898
0 1104.6887 408.04556 105.10498 87.14679
0 1048.2427 58.88261 63.22119 83.30904
0 1057.8143 329.862 71.85669 79.55472
0 994.01105 233.69962 93.75592 79.326996
0 1025.2606 451.70523 50.205933 60.48575
0 989.8361 423.8135 70.30487 76.756165
