0 740.9827 305.96976 80.22858 60.782593
0 662.35345 221.0672 107.70398 84.46988
0 706.71844 391.63055 93.97601 81.99243
0 617.6089 305.70874 92.31665 73.22125
0 513.3019 140.09955 127.977234 101.39725
0 541.11975 231.868 109.03668 105.747635
0 629.1428 572.3713 93.24579 94.3913
0 491.3795 363.20944 111.157074 99.11621
0 478.64624 327.94748 85.797 57.11795
0 485.72876 484.94385 115.925354 83.193054
0 376.39014 268.1405 125.084564 70.55029
0 345.63754 189.8616 111.72452 90.03528
0 383.99048 382.02722 116.971466 95.8288
0 244.05469 208.9146 115.5896 86.26323
0 441.8379 627.5547 101.67328 66.80646
0 378.80447 520.263 118.91516 107.09125
0 281.30856 326.6663 122.14624 89.20261
0 280.83777 504.64 92.14996 72.503174
0 287.40054 472.75702 72.70404 44.185303
0 264.23514 638.84424 112.609314 77.04181
0 175.85199 273.91885 100.60336 89.89148
0 188.79988 383.1382 110.783615 85.983246
0 186.06659 460.9947 109.07013 89.35901
0 131.37108 325.55597 55.324066 72.02051
0 37.626904 301.21066 112.762955 82.49155
0 165.83414 600.2284 78.8643 72.6131
0 204.49754 725.87726 51.369095 51.00885
0 66.80663 399.7721 98.93769 87.23392
0 114.81008 519.9243 78.742775 84.291016
0 110.53173 698.30115 88.611824 66.390015
0 31.55965 466.56595 102.987625 74.90738
0 9.893851 374.75793 60.819115 68.58362
0 48.994022 523.1945 94.38345 97.25549
0 75.288925 617.99176 75.73332 73.77008
