0 819.5447 308.0778 63.097168 52.838287
0 775.82556 204.70184 84.31586 74.121124
0 768.0069 387.00815 72.49591 74.095215
0 718.8341 274.8534 72.15906 64.44516
0 675.40015 84.80082 100.04755 89.21743
0 675.2807 180.77283 82.62244 97.78668
0 658.0059 547.68445 69.762634 88.22394
0 600.7207 301.07086 85.41016 89.92209
0 603.3322 258.33264 68.54547 47.591583
0 565.8845 425.34024 91.79199 71.07507
0 534.05316 177.11972 101.64288 55.06627
0 529.3993 85.21734 87.137634 79.59226
0 509.66968 291.62485 91.019165 85.09152
0 442.86725 76.710464 91.08002 74.59546
0 494.58185 554.9882 81.34564 55.39679
0 467.77454 430.30142 92.424805 97.46481
0 441.95947 208.29385 96.50958 76.62805
0 397.71106 382.52405 72.107635 63.669434
0 413.5962 349.4508 59.071564 35.61093
0 348.42615 518.9954 89.67438 64.79755
0 371.56192 120.088974 77.2753 81.58423
0 353.65637 237.4461 86.84766 75.21518
0 331.31448 314.45468 84.87039 79.3475
0 326.00775 149.44531 39.45282 70.28923
0 254.04027 111.72374 89.076675 70.90073
0 281.1735 443.7688 60.288513 66.37732
0 282.15466 576.87 38.777405 47.402954
0 251.96968 216.39821 76.153336 78.91676
0 260.33267 347.3282 58.60724 79.54303
0 211.53227 531.982 69.8376 56.24237
0 219.87726 280.3393 68.58096 60.966675
0 226.65324 168.33385 34.416824 68.48018
0 217.30133 336.37634 59.20514 89.8439
0 215.56493 437.14874 46.29149 60.911713
