0 1182.772 -5.6603994 83.59607 88.593834
0 1233.8922 58.192585 82.38135 89.326645
0 1083.9342 -44.852146 73.48413 80.38424
0 997.9665 -61.224934 108.74603 105.51004
0 1295.7738 193.28056 85.57544 87.32631
0 1409.655 306.52112 58.115112 60.252502
0 1091.5798 24.231411 97.08899 100.26759
0 1207.0709 131.84944 87.27661 93.673096
0 1323.3749 303.5131 86.44739 84.32779
0 1123.5819 96.66426 89.63513 89.004
0 1019.69476 32.917023 76.29669 80.79676
0 1158.166 144.9438 115.36316 119.17189
0 1221.0549 226.50908 122.4624 123.10811
0 1018.5683 121.60524 137.48456 150.74644
0 957.0272 91.92218 87.513306 92.49315
0 1137.743 243.72925 102.9021 104.90262
0 1210.5837 385.67908 108.3667 102.21866
0 1124.6732 314.61905 140.60791 134.83725
0 851.1958 36.391727 105.970276 109.45628
0 1034.4644 282.1246 108.62012 109.137024
0 918.9038 214.3689 126.38562 121.59833
0 1084.9832 427.86496 78.779175 80.281494
0 1033.9033 409.65094 105.70032 105.93457
