0 1000.31287 471.81888 68.53235 59.556244
0 958.69824 354.97406 91.875 83.49515
0 943.7207 550.9078 79.431274 81.81854
0 896.6772 427.6907 78.71649 72.50839
0 860.7968 229.50783 93.55676 98.10478
0 845.9177 327.61642 92.03174 107.76239
0 824.73773 713.1513 90.77344 97.70599
0 777.2158 447.38745 94.24756 99.89221
0 781.8308 401.07117 73.7016 54.835724
0 735.9874 577.3706 99.27496 80.99982
0 711.35187 312.52292 108.06781 65.33569
0 709.9912 214.67058 88.281006 88.36717
0 702.0545 427.79312 82.3139 92.83957
0 620.1432 199.4609 98.82562 84.56732
0 672.9904 708.10815 87.369446 63.959167
0 643.0741 581.9418 94.66528 107.16974
0 622.87054 334.40894 94.1355 85.5939
0 574.9233 516.9166 78.60303 71.70471
0 589.6699 478.50537 58.785217 41.05664
0 518.6249 652.8865 96.61957 74.35205
0 547.65845 241.40607 85.28754 90.602295
0 531.8619 360.49423 86.772766 83.70465
0 505.41364 436.95377 92.86255 88.93936
0 500.1221 274.40994 45.79831 75.766205
0 428.4187 221.7026 96.49017 80.59064
0 453.01492 569.485 66.75424 73.496216
0 450.31055 707.069 43.306915 52.125305
0 430.02133 332.4626 83.9324 87.7587
0 435.75494 465.20294 66.07507 86.92102
0 376.17545 654.2243 75.73773 65.127075
0 383.11017 392.39087 88.1467 73.107025
0 388.4894 281.1005 53.240356 72.41882
0 360.72543 451.6867 96.4628 103.891235
0 345.66483 549.5061 99.49988 100.815186
0 286.0957 338.70224 77.20169 141.44379
0 278.19736 270.6927 61.453888 82.628815
0 275.76508 497.79373 72.118256 86.900604
0 206.49387 643.4517 95.4028 72.42694
0 180.24438 549.386 128.14886 100.48291
0 232.82596 173.55144 94.29413 99.14186
0 159.87192 451.86328 95.49133 90.33502
0 120.334045 342.4356 117.868835 91.78604
0 93.38273 571.6364 61.68682 67.40228
0 46.23032 526.98663 86.57228 86.2688
