0 1125.3612 320.6914 45.4375 87.04538
0 1055.5079 695.05927 65.22119 61.65973
0 1064.5631 343.24683 73.4729 77.84027
0 1058.7025 445.60147 77.07373 72.757416
0 1030.981 510.64523 82.45178 77.33725
0 1022.50116 368.59192 42.2099 64.377686
0 960.3564 322.96793 85.09906 70.63214
0 985.3927 617.98315 59.734253 63.460205
0 989.81854 735.63715 38.968323 44.826233
0 967.59033 414.91922 66.96472 74.42651
0 972.59985 532.48425 53.161865 73.17383
0 923.1859 690.54584 66.89575 56.98053
0 938.08167 469.81082 66.716736 61.951935
0 924.87317 370.87115 48.31122 61.966858
0 918.02155 516.6515 78.09125 88.2135
0 897.61926 597.53516 88.61267 87.40503
0 841.67993 420.03152 77.52405 120.94083
0 838.1167 364.09695 55.71753 70.73505
0 840.3656 551.6818 71.07123 75.93445
0 781.6615 671.1056 88.953125 64.87665
0 762.27795 591.12683 112.70245 88.41858
0 800.0398 278.8582 73.382324 81.638794
0 743.4614 510.88995 78.99707 77.48309
0 706.46094 416.151 101.0285 80.293915
0 685.95874 607.3655 55.174805 58.21942
0 653.3696 572.5786 77.0293 74.85779
