0 406.97125 -29.20016 68.79892 90.83242
0 271.2132 148.36034 88.428406 106.16687
0 211.77596 224.11299 104.05397 126.26549
0 364.69745 52.148624 136.1629 178.72536
0 474.37866 11.849214 88.69403 107.72644
0 293.0737 211.10785 101.83798 117.294495
0 224.84903 377.30582 122.52988 115.081116
0 276.8773 289.905 150.582 149.12662
0 558.8623 -59.00632 108.92346 124.11708
0 407.0838 241.77652 114.575134 124.5224
0 504.03473 154.02994 136.02649 135.2547
0 413.96957 408.9711 82.53964 92.33304
0 438.84232 385.32288 110.73575 120.1947
