0 315.98523 222.78568 78.4198 68.25687
0 303.6842 120.95851 106.14072 94.091644
0 386.4821 267.79318 94.40857 88.15466
0 393.06873 155.4447 91.19861 81.298615
0 346.1667 -22.616005 126.39795 112.61719
0 401.41895 55.51018 112.92297 111.29054
0 549.59875 352.8422 99.17328 98.64673
0 507.93314 123.2685 112.776215 106.572365
0 506.40335 86.519745 81.80722 66.89531
0 581.16656 206.7078 112.151245 95.15021
0 514.2253 -8.010039 115.8186 87.43931
0 502.30066 -87.73817 110.75604 99.51633
0 589.1395 75.045135 116.38129 105.430695
0 580.83606 -130.21402 112.7229 97.499466
0 702.3581 284.8109 96.691345 78.56198
0 677.0657 173.89767 115.155396 111.882355
0 622.4794 -24.145628 118.58795 101.48116
0 749.4133 99.63444 90.875305 80.687355
0 735.0702 76.85479 66.12305 52.293373
0 827.23846 188.48213 107.922 89.43858
0 677.83014 -126.7463 102.11505 96.59382
0 727.39355 -40.238216 108.922 96.062195
0 780.1716 16.026316 108.52069 98.311615
0 773.70874 -120.15809 62.2735 71.02934
0 783.54785 -184.2859 109.5163 93.79754
0 897.08936 100.62953 80.633484 77.42819
0 962.7407 209.55708 53.53479 53.380325
0 832.702 -98.25221 100.107544 94.06701
0 885.84357 12.423773 83.70154 86.655334
0 988.004 138.47394 86.48462 74.95003
0 891.7048 -70.45421 99.90509 85.322975
0 885.4085 -156.52629 68.096375 71.50605
0 925.6452 -35.316025 123.97418 114.40516
0 973.5105 41.47743 117.79138 109.23828
0 982.0377 -129.81415 81.393555 109.29477
0 976.50604 -180.06798 37.96289 54.00331
0 1050.8508 -5.8249893 54.545776 65.82295
