0 672.0188 -40.678726 85.86615 83.55508
0 751.98816 -83.46869 117.01813 114.05444
0 635.43854 46.066895 106.14618 103.93675
0 763.0792 18.028297 100.755615 98.251854
0 903.9648 -76.83135 135.05084 131.88733
0 844.448 -1.9013906 120.08978 118.662224
0 598.1457 237.33853 117.37036 115.4176
0 817.2102 127.28092 127.40033 124.88189
0 890.25214 113.06958 87.57526 84.75302
0 765.72 230.2829 121.66638 118.12573
0 972.8727 97.72299 120.62512 115.934555
0 1044.2406 59.162968 120.69531 117.86836
0 901.0322 195.68959 124.28699 121.59981
0 1120.0807 125.81909 123.15076 119.77043
0 744.1068 374.5147 103.29193 99.90759
0 823.574 318.0359 131.50073 129.22168
0 1022.0815 202.0032 126.00372 122.55167
0 957.3172 364.07535 100.2486 97.72281
0 1003.27515 342.19162 69.464355 67.04666
0 885.93414 474.38742 116.09381 112.48361
0 1155.3644 224.43506 115.395386 113.12399
0 1083.8796 303.4672 117.57788 114.64438
0 1043.014 371.271 120.62146 117.79233
0 1210.3975 318.6277 75.99243 75.76654
0 1258.455 315.2591 119.22595 115.852325
0 1019.36566 513.4485 91.655334 89.97211
0 953.3781 611.3011 61.760803 60.831726
0 1186.7164 388.49823 112.84216 110.55563
0 1100.0854 473.4341 98.05444 96.90799
0 1014.4746 621.6535 94.55249 91.97284
0 1186.3182 458.13577 108.64209 105.54178
0 1291.8024 421.3951 80.24011 79.403564
0 1136.7809 506.48074 135.00928 132.2349
0 1079.3962 576.30316 132.0979 129.26886
0 1264.0361 524.39325 135.1997 135.32227
0 1362.8506 504.77866 97.62695 96.25003
0 1197.4332 629.5397 102.9082 101.36401
0 1141.8074 750.9574 106.111084 102.92877
0 1185.7279 698.15784 154.05334 149.4126
0 1438.4508 463.3009 127.56018 124.90503
0 1297.1968 687.2957 101.77869 99.90387
0 1400.4612 644.1098 64.151 63.680237
