0 461.61166 338.6237 80.23831 73.44711
0 384.20465 242.94308 105.00296 99.95831
0 441.73782 437.32953 94.03995 95.18121
0 352.84973 343.47925 89.040344 83.24771
0 234.36414 162.448 134.55396 119.03146
0 267.40646 266.48526 117.119995 121.80463
0 378.90457 648.5545 89.28436 105.337585
0 229.00021 414.506 119.888 114.82431
0 213.86302 374.44946 91.13994 69.15408
0 261.0831 553.28784 87.24573 82.49335
0 178.11395 312.2092 67.86511 64.73706
0 147.8669 236.01404 48.356934 68.796265
0 219.39839 454.59958 33.646606 63.082977
