0 310.53118896484375 23.81762 75.3328857421875 76.4656
0 397.01190185546875 -27.840885 103.5391845703125 104.744446
0 250.0814208984375 105.518684 96.1365966796875 96.35267
0 381.55206298828125 70.38655 89.367919921875 90.31731
0 535.7564697265625 -28.05396 115.12042236328125 115.31629
0 455.60150146484375 41.79483 118.300048828125 117.17828
0 156.2510986328125 283.24445 112.2950439453125 112.121155
0 394.79058837890625 162.77129 116.0111083984375 116.02724
0 474.97998046875 146.69989 74.6805419921875 76.68796
0 319.42340087890625 266.3557 105.515869140625 107.60886
0 557.0195922851562 125.68439 99.1300048828125 103.36592
0 630.6506958007812 82.93582 105.3907470703125 105.891556
0 458.03765869140625 217.36958 105.9375 105.57106
0 684.1817016601562 136.09235 107.74703979492188 109.493256
0 260.72998046875 399.27585 87.82305908203125 90.2941
0 343.03265380859375 342.76047 121.22540283203125 120.654785
0 572.7637329101562 215.5215 106.5670166015625 107.858536
0 463.98272705078125 369.31604 88.75762939453125 89.765594
0 521.156494140625 349.2067 57.79541015625 59.63623
0 367.81884765625 479.0025 99.60784912109375 102.029175
0 686.7528076171875 224.9455 105.12631225585938 105.121765
0 600.3798217773438 305.25412 101.46588134765625 102.23459
0 542.9892578125 366.37238 107.76959228515625 108.59796
0 713.1425170898438 307.55432 75.11685180664062 72.78992
0 762.2698364257812 297.73325 103.83868408203125 105.71323
0 483.36077880859375 501.33643 84.0540771484375 83.82965
0 398.65252685546875 599.4406 57.59051513671875 57.063843
0 671.0625610351562 369.50424 102.48989868164062 102.605774
0 567.9028930664062 454.515 92.95751953125 91.52014
0 451.5361328125 603.7007 82.79888916015625 84.11084
0 653.280517578125 436.95447 94.50518798828125 96.26184
0 760.9235229492188 392.43924 76.541015625 75.17862
0 587.732421875 483.1659 119.8607177734375 119.73566
0 515.1962890625 549.9127 119.2724609375 119.68677
0 696.5503540039062 486.50262 136.07443237304688 130.97491
0 807.8706665039062 465.15878 87.6866455078125 86.19656
0 614.574462890625 591.47363 95.97149658203125 95.08606
0 528.2840576171875 713.32825 97.67083740234375 100.14795
0 581.2130126953125 656.6102 133.3985595703125 136.44983
0 883.6495666503906 420.3871 116.06356811523438 116.21936
0 693.7951049804688 638.34454 110.70455932617188 111.73816
0 791.6567993164062 589.3558 122.2601318359375 125.121216
0 662.4837646484375 781.6865 77.319091796875 77.15588
0 694.2998657226562 775.7151 102.7796630859375 103.264465
