0 -39.4354248046875 94.31038 83.1820068359375 70.71599
0 16.7509765625 -21.303867 111.6446533203125 98.98038
0 -19.6612548828125 199.89806 96.8341064453125 96.542404
0 77.735595703125 82.62227 95.6771240234375 85.909
0 163.918701171875 -126.40802 118.90960693359375 116.53355
0 149.2332763671875 -12.103995 98.7554931640625 124.17778
0 45.8551025390625 418.78668 107.5726318359375 114.54718
0 186.089599609375 144.68384 114.984375 117.74045
0 228.9541015625 97.15947 89.1624755859375 65.572525
0 185.864501953125 300.26688 120.329833984375 96.45184
0 297.19329833984375 18.855919 130.2420654296875 78.98726
0 350.65087890625 -84.56747 109.66156005859375 104.74927
0 293.412841796875 155.05278 105.91680908203125 110.1501
0 447.81439208984375 -69.26627 119.91143798828125 100.49489
0 231.452880859375 470.76733 105.666015625 76.554016
0 290.6456298828125 338.6921 115.70379638671875 126.05469
0 402.2532958984375 79.0811 117.59429931640625 102.03049
0 417.82427978515625 299.93878 95.5167236328125 84.98901
0 440.9444580078125 257.07327 71.555419921875 49.35266
0 412.43865966796875 466.00647 116.96722412109375 88.76929
0 530.9596557617188 5.1415133 104.0526123046875 106.80229
0 506.616455078125 141.67365 108.00225830078125 99.42529
0 503.93072509765625 236.07646 112.9803466796875 105.21971
0 623.0587158203125 67.23419 56.7447509765625 88.21927
0 663.0557861328125 27.296549 117.0260009765625 95.8696
0 551.0524291992188 406.22614 81.52301025390625 86.52527
0 537.1826782226562 563.51465 53.03094482421875 61.194214
0 637.6783447265625 150.67844 102.3524169921875 103.49576
0 605.7095947265625 298.85873 81.1488037109375 101.78281
0 598.5757446289062 528.6743 91.9075927734375 77.37744
0 666.8408813476562 231.08029 106.87945556640625 86.991486
0 744.0703125 114.340195 65.46261596679688 84.724075
0 658.1638793945312 303.90634 117.7301025390625 122.39792
0 640.191650390625 417.16217 121.23291015625 119.024475
0 792.4650573730469 211.04108 96.0947265625 164.33914
0 853.208984375 146.92119 76.67953491210938 96.90143
0 768.1527099609375 392.07584 88.31463623046875 102.01648
0 774.5984497070312 570.0436 115.46038818359375 86.51367
0 794.6579895019531 470.4637 155.19644165039062 119.86392
0 902.1155090332031 44.31178 118.82147216796875 117.57028
0 887.8758544921875 383.06458 120.6529541015625 107.715515
0 945.209716796875 270.0833 142.72569274902344 109.51245
0 970.4921569824219 541.4738 75.3179931640625 79.37097
0 1005.6653137207031 510.39917 105.43507385253906 101.91144
