0 1145.2302 515.5807 53.565063 62.15039
0 1149.1802 346.265 84.662964 89.688446
0 1108.888 415.79233 102.993286 106.07645
0 1014.6767 712.00256 113.62421 105.555176
0 1006.3648 477.08575 117.67706 108.539795
0 1027.538 437.9274 87.413574 68.97409
0 946.83655 563.2333 119.16638 97.78693
0 958.85016 333.40656 125.21698 90.85483
0 964.71704 255.58139 109.19165 98.1124
0 917.4731 430.3891 103.86969 98.61182
0 865.2518 202.70644 119.40289 100.03038
0 854.3386 640.93146 103.43042 81.057434
0 831.8703 526.9737 119.53601 113.68219
0 851.6013 319.11447 114.73016 98.72427
0 767.3927 442.8963 95.84558 82.5943
0 801.3371 419.79453 69.20166 53.188263
0 688.25555 533.7724 115.09503 92.111694
0 782.2936 210.58607 106.52081 98.35747
0 748.47095 298.16443 106.70441 94.28357
0 703.32166 354.447 114.06677 100.46365
0 722.2995 213.99467 62.54413 71.32143
0 657.02313 144.76988 116.19104 96.31586
0 627.6364 439.57285 83.88263 78.74698
0 608.17523 550.1568 55.295532 54.121765
0 639.4329 238.15076 102.14038 94.64993
0 625.0148 353.82202 77.45892 83.48627
0 532.64886 476.1105 91.58075 76.88248
0 590.80896 271.42065 92.193665 80.7887
0 602.3247 175.14415 69.62317 72.22836
0 547.15424 311.02975 110.53613 107.15314
0 508.804 379.88104 123.308075 111.412384
0 472.98767 190.93901 109.8808 130.46935
0 487.23654 128.05222 80.17435 82.71423
0 448.43488 310.27432 93.99591 91.13089
0 352.05386 396.6598 115.01871 91.04596
0 331.60544 311.23105 153.02188 123.445435
0 449.2591 31.532442 114.20166 106.02405
0 331.29886 226.51881 111.82025 99.94371
0 301.07034 120.79762 139.83127 112.71782
0 239.79358 297.86053 77.41351 72.417755
0 196.30486 241.6568 107.0016 95.948456
