0 911.41345 152.09204 61.0412 52.532898
0 933.40076 46.488636 81.50934 73.24121
0 952.3197 225.90918 70.501465 74.184784
0 1001.9531 115.3639 69.75745 63.693443
0 1013.8225 -73.9819 99.20386 88.32963
0 1042.9626 24.766102 69.57947 96.13052
0 1069.2917 387.51312 65.2782 87.94699
0 1095.8473 142.5752 93.206055 90.43796
0 1110.6172 98.32347 76.18933 47.58673
0 1133.317 265.59424 88.81506 70.20093
0 1154.8662 19.81292 100.69458 54.41066
0 1171.4581 -71.149796 84.224976 78.671196
0 1190.0958 133.78995 87.96277 84.11473
0 1252.548 -78.691574 88.09717 73.697426
0 1218.8411 396.44064 76.277466 54.535706
0 1228.8723 274.95007 98.05286 96.93359
0 1249.6888 51.19198 93.36609 75.69466
0 1317.3824 226.25542 69.71301 62.923782
0 1313.2379 194.0058 59.703735 35.27739
0 1350.0223 362.74203 86.79932 63.978485
0 1335.7401 -33.000786 74.61401 80.69388
0 1345.1987 81.505165 83.974 74.32812
0 1369.7513 161.84966 82.020386 78.43666
0 1418.2582 2.307454 22.47461 43.34605
