0 139.85646 261.12256 87.66438 77.19095
0 50.981243 167.04541 116.05496 104.94183
0 114.12521 358.29556 103.928406 101.51837
0 13.552006 273.65872 99.168274 89.560974
0 -113.57219 88.55658 145.23714 126.90822
0 -72.81727 201.11331 126.20894 128.48453
0 44.375683 578.221 100.258545 111.862
0 -117.970085 350.54886 135.99193 130.7106
0 -134.44543 312.49997 102.06336 75.89401
0 -110.74976 490.1471 123.16391 103.162476
0 -246.59608 259.00146 138.91913 94.216675
0 -277.1774 170.19633 120.23802 109.899124
0 -223.47383 390.77112 126.12893 116.72366
0 -350.93005 204.69989 99.50258 100.01898
0 -133.2809 666.8591 99.28281 81.06824
0 -223.15381 552.20886 145.13809 134.6164
0 -306.2107 338.30057 106.95839 101.37048
0 -243.69522 545.42975 24.07222 38.558044
0 -257.18848 505.69357 24.502274 35.64328
