0 736.3477 270.84692 76.42157 66.12802
0 789.0163 177.05437 102.75513 91.56435
0 748.51337 360.56842 90.8266 89.512665
0 841.70984 268.7639 88.144775 79.3667
0 911.8489 89.632484 123.08618 110.15026
0 911.3835 193.25798 88.979614 110.01524
0 812.04504 556.8713 88.60266 102.48981
0 934.0778 332.06876 107.06842 107.377625
0 973.89777 295.87305 80.99701 61.97174
0 924.56213 464.52243 109.939575 90.22122
0 1038.3612 229.46658 116.98584 76.62149
0 1079.7223 146.69243 106.79675 97.58443
0 1027.2572 352.9096 111.9458 103.85559
0 1171.5586 165.27974 109.90369 93.53157
0 975.2412 618.9518 95.905396 72.47858
0 1019.57684 502.82507 122.18585 118.0423
0 1121.2322 293.5073 115.97107 96.72949
0 1138.8192 486.05887 87.93567 78.5914
0 1152.4849 454.2541 70.953735 48.685883
0 1125.7844 633.1834 106.4729 83.57214
0 1244.1956 238.02823 96.91626 97.37384
0 1214.1364 357.15378 105.61633 93.209595
0 1213.0071 437.32086 104.38428 96.84393
0 1321.0466 295.91013 55.22534 77.91791
0 1356.3011 265.27353 67.20911 68.01456
0 1249.543 590.5911 76.15906 78.65485
0 1233.0625 729.86896 49.930054 55.228638
0 1335.0991 383.038 57.358643 65.84729
0 1301.5535 505.51166 58.114014 80.80615
0 1288.2957 701.5468 20.568237 40.856262
