0 39.900684 568.63324 77.603165 79.5556
0 119.62986 661.958 67.46566 68.60254
0 140.9948 697.47546 89.545044 90.1535
0 105.20172 575.44366 77.56648 79.33978
0 184.04854 746.9549 110.1429 112.46063
0 253.09142 810.73035 117.47493 118.99939
0 187.253 589.10254 142.38805 146.79315
0 174.81372 524.389 88.913574 90.90173
0 282.09247 725.3678 104.87048 106.16724
0 404.42877 820.1037 107.93683 107.26196
0 347.38895 727.96857 139.18875 138.95178
0 139.84854 413.1975 104.241425 106.112915
0 342.10843 630.97015 108.39923 109.48334
0 294.33017 508.98376 124.65048 124.57117
0 477.43658 698.0193 79.24994 80.29736
0 466.4606 650.829 105.86319 106.82507
