0 1106.5712 391.88367 84.6637 82.11392
0 1108.9989 279.24228 115.23511 112.21158
0 1005.15106 416.4837 104.1275 102.55725
0 1022.9865 292.69678 99.18231 96.69614
0 1066.8612 116.36002 129.1399 126.7474
0 1018.61017 196.90475 112.352844 113.78519
0 809.7235 460.86118 117.1402 116.29355
0 884.3752 226.97565 124.85913 123.30002
0 930.6618 191.51534 86.7511 83.00865
0 794.51904 294.5662 120.18988 115.92288
0 902.19135 78.689415 120.14618 113.025444
0 932.78845 4.4824705 117.046875 114.69919
0 816.06793 157.12173 117.96985 116.40372
0 856.2985 -66.254074 121.485596 117.66459
0 676.7461 348.09702 102.36493 97.81479
0 691.3953 236.94112 128.60583 127.78322
0 791.87836 35.870487 121.880005 118.29759
0 666.60266 139.52885 98.70343 96.14613
0 713.38916 119.915886 68.55823 65.20458
0 549.8555 205.59007 114.879456 110.240555
0 763.5531 -83.84705 113.08856 111.702896
0 693.61145 -6.58606 113.93945 111.24271
0 629.3638 35.881203 118.586 116.02314
0 706.0 -92.490555 73.40344 75.59962
0 660.84955 -179.23494 117.69849 113.752106
0 522.5573 99.58548 89.71698 88.91182
0 464.57816 200.95241 60.288605 60.24919
0 604.816 -95.37206 110.62964 109.11284
0 546.9176 10.177614 95.43182 96.17198
0 413.0309 114.182945 93.26083 90.36567
0 541.4721 -83.02075 107.272156 103.6122
0 593.45056 -166.55284 78.008484 78.86321
0 474.7281 -51.988342 129.41138 127.88769
0 414.38358 11.257899 129.64267 127.49525
0 440.4073 -179.56487 130.15387 135.3446
0 488.33347 -240.57703 92.18796 92.737915
0 378.83582 -72.66963 100.44183 100.38409
0 253.69783 -14.027595 112.97035 108.28267
0 259.25693 -100.90729 153.23196 147.28305
0 483.28558 -351.67593 129.06439 126.83821
0 283.6996 -187.71254 125.30969 122.05184
0 302.82465 -294.3302 140.64557 135.10272
0 185.68004 -136.70706 73.796005 73.65236
0 179.2705 -174.50517 72.62741 74.14394
