0 237.37587 357.7749 81.16954 96.396454
0 260.60254 309.06393 69.73447 50.81375
0 235.33253 488.97543 104.146255 76.627716
0 319.08258 226.32994 103.609985 58.4601
0 363.25958 130.27522 81.46817 85.02136
0 330.50854 351.75558 74.85654 90.38934
0 449.50427 131.81114 92.503174 79.89052
0 281.14526 636.35516 82.76218 59.1344
0 332.28693 512.3669 86.231964 104.38733
0 415.69138 271.50858 87.65521 81.466064
0 440.35913 466.76425 73.170715 68.2731
0 450.39343 425.72476 55.865143 37.6857
0 442.07327 616.1772 91.194855 69.23932
0 515.85406 188.44952 78.230774 87.71951
0 502.96152 309.92145 80.3627 80.21146
0 507.40143 401.17938 86.06073 85.159515
0 601.04407 234.7058 39.545227 75.97191
0 628.86224 194.46335 90.5069 75.896576
0 555.6987 547.06396 60.99591 71.39935
0 548.5094 689.1748 39.16748 51.053406
0 616.31445 308.1516 72.8761 84.593414
0 599.8672 448.84537 51.25476 85.345245
0 601.1878 649.286 70.8736 61.563965
0 643.7795 380.28906 69.75116 68.08981
0 699.5912 264.97495 47.39392 71.642
0 641.5425 443.82098 78.784546 100.1983
0 629.22943 545.6539 91.71051 97.12323
0 748.651 346.176 68.46295 142.8446
0 792.5427 280.19724 54.793457 81.6806
0 728.93243 507.63715 68.52954 85.2995
0 743.00696 667.20215 92.903564 67.46283
0 758.1579 575.8573 120.78424 93.82306
0 831.2416 189.43813 80.99017 94.346176
0 834.659 484.36514 83.16284 86.083954
0 874.99567 381.50052 109.75983 85.5444
0 903.2234 624.4355 56.412476 65.431335
0 928.70386 584.95465 79.925964 82.95172
