0 165.9674072265625 299.44022 30.85791015625 57.889465
0 191.361083984375 265.1966 73.34588623046875 56.21689
0 141.876708984375 541.5844 43.641357421875 53.587402
0 135.9014892578125 651.7801 28.3421630859375 38.46814
0 185.948974609375 349.9393 52.758544921875 63.485718
0 174.0513916015625 461.90872 38.9168701171875 64.798065
0 179.1109619140625 621.617 53.1483154296875 45.630066
0 202.015625 408.67944 56.26458740234375 50.796997
0 252.3795166015625 316.98135 37.5230712890625 54.270233
0 199.9234619140625 455.50372 62.9105224609375 75.497986
0 195.8924560546875 536.3229 73.76641845703125 72.703125
0 292.32440185546875 375.88275 57.1785888671875 109.072784
0 327.79315185546875 325.83377 43.41339111328125 61.842194
0 274.7652587890625 502.88712 59.1697998046875 64.2861
0 291.1378173828125 627.46826 79.26953125 49.62024
0 300.41009521484375 553.751 98.10137939453125 69.21338
0 363.43109130859375 250.59087 57.49847412109375 69.26076
0 367.45916748046875 481.55936 65.4788818359375 64.3624
0 398.08807373046875 397.62534 87.27398681640625 63.086853
0 427.485107421875 582.6213 45.21630859375 49.14984
0 441.6968994140625 556.2525 64.33477783203125 62.04425
