0 164.76806640625 33.914974 80.4180908203125 79.94469
0 249.3809814453125 -38.547092 110.07366943359375 110.08411
0 114.443359375 128.29758 101.093994140625 102.800705
0 245.8875732421875 67.0148 94.9012451171875 95.08249
0 396.001953125 -70.48106 123.07958984375 124.85503
0 323.49725341796875 17.919132 116.6241455078125 122.44833
0 43.8221435546875 330.61856 116.142822265625 119.19757
0 276.49652099609375 157.91255 121.674072265625 124.19331
0 354.27386474609375 131.50575 80.82171630859375 78.69054
0 210.7490234375 282.87866 113.258056640625 111.645355
0 437.5792236328125 92.57456 109.2265625 103.44662
0 511.12261962890625 29.44354 112.076416015625 113.28175
0 349.50482177734375 204.21432 112.969970703125 115.55963
0 574.61962890625 76.12869 115.1666259765625 114.254684
0 167.165771484375 436.61743 95.173828125 92.4646
0 249.5311279296875 353.41653 126.41986083984375 130.15796
0 468.40228271484375 180.60281 114.769775390625 114.42758
0 376.7965087890625 364.8434 94.3341064453125 94.391846
0 430.191650390625 336.2249 63.14166259765625 60.911957
0 290.91363525390625 497.91882 107.470703125 105.111206
0 591.3483276367188 166.83675 110.24078369140625 112.56105
0 510.926513671875 268.6273 108.4144287109375 109.007935
0 459.85992431640625 344.7247 114.0487060546875 114.86188
0 630.3006591796875 249.48459 75.88116455078125 81.90573
0 679.54541015625 231.08653 111.23480224609375 109.9944
0 415.39910888671875 498.99194 87.8687744140625 90.138916
0 338.283203125 620.6037 59.7403564453125 61.99652
0 595.57421875 322.99158 107.618408203125 109.65286
0 498.9073486328125 432.1802 95.69720458984375 100.44241
0 393.69775390625 614.7655 88.4559326171875 87.81287
0 585.0454711914062 397.63535 101.29278564453125 100.0701
0 694.2291259765625 330.59073 78.57437133789062 82.81766
0 525.8781127929688 455.89053 125.5501708984375 128.42264
0 459.33990478515625 541.29285 125.59686279296875 127.44098
0 642.4065551757812 431.21002 136.35931396484375 148.9342
0 749.2633666992188 396.63437 90.80752563476562 95.40637
0 566.9771118164062 565.79553 99.54443359375 103.318726
0 493.8359375 711.46063 105.50146484375 102.99579
0 543.6666870117188 639.3535 143.69061279296875 140.8905
0 827.4578552246094 331.50696 123.57888793945312 125.53137
0 655.1856689453125 601.1478 119.34884643554688 119.479004
0 752.227294921875 529.6096 131.76593017578125 129.07648
0 645.035888671875 758.06195 80.88177490234375 82.888855
0 676.2154541015625 746.44507 108.38751220703125 109.73682
