0 1190.8639 -201.46786 98.04614 113.943596
0 1253.6503 -72.08732 97.808716 106.82823
0 1270.9264 17.589735 101.61401 112.54173
0 1155.8809 -128.49606 64.6239 92.429855
0 1055.6459 -159.36243 116.72278 109.47847
0 1286.6093 188.47446 85.12195 94.88098
0 1369.8527 336.75366 56.313843 66.35788
0 1129.0962 -46.53867 95.566284 110.39203
0 1216.0421 97.18387 79.5741 106.1259
0 1267.5156 316.27936 92.08887 87.95291
0 1132.4225 40.711937 93.006226 94.36939
0 1049.696 -60.088993 71.27551 90.55793
0 1148.5745 103.98595 112.48303 130.85979
0 1181.4083 210.71278 124.71741 131.99776
0 1005.30927 40.322372 119.71698 173.40549
0 952.3786 -11.459534 82.03876 103.50212
0 1085.2146 204.18254 101.82178 113.61528
0 1100.467 380.97324 120.33203 102.94656
0 1028.8353 286.3757 153.40979 138.33344
0 853.67816 -95.759636 104.582825 120.87642
0 951.39984 219.56357 110.930725 117.04852
0 845.13214 121.42161 137.56293 125.27471
0 951.7254 386.54422 78.52557 87.12015
0 895.8523 357.21805 108.15741 113.2861
