0 205.6270751953125 203.08667 71.34814453125 52.873306
0 246.0240478515625 112.15807 95.30230712890625 74.21226
0 238.611572265625 285.58972 81.4498291015625 72.871124
0 310.73712158203125 189.91278 81.548828125 64.45393
0 366.07196044921875 21.13439 105.37860107421875 88.41306
0 370.24554443359375 112.206 78.17486572265625 94.580956
0 328.7977294921875 454.20786 86.2235107421875 86.3978
0 422.75567626953125 234.06018 96.3544921875 88.99841
0 450.29296875 195.16013 77.6346435546875 48.532867
0 438.4395751953125 354.8632 103.87225341796875 71.832855
0 503.10205078125 131.0319 115.3026123046875 57.52246
0 542.265625 47.404736 95.04327392578125 79.11948
0 521.0481567382812 239.25017 94.28277587890625 83.93617
0 633.257080078125 56.271324 103.01593017578125 75.068565
0 500.6337890625 487.76688 92.13507080078125 56.5961
0 542.1355590820312 379.46567 96.11151123046875 95.58862
0 608.6490478515625 174.89621 104.05426025390625 76.74963
0 651.2747802734375 347.06738 81.48876953125 63.72699
0 661.2838745117188 312.7755 63.22564697265625 36.403564
0 665.1300048828125 477.52637 101.5330810546875 65.84601
0 719.4805908203125 110.3263 87.17507934570312 80.74174
0 711.9493408203125 218.72516 94.33294677734375 74.97821
0 723.3665771484375 294.70596 95.8701171875 79.11481
0 810.4130859375 155.29935 44.150482177734375 67.894
0 841.8834228515625 124.0516 100.78671264648438 71.505226
0 785.1787414550781 426.17804 67.97772216796875 65.52655
0 788.3208618164062 550.4125 43.66448974609375 46.533264
0 836.3005065917969 221.81595 85.92788696289062 78.18884
0 824.7543334960938 340.29977 65.89520263671875 77.687805
0 841.3478698730469 519.426 78.92916870117188 57.818665
0 870.5595397949219 283.23788 92.11209106445312 64.85501
0 927.2529602050781 188.69273 52.861663818359375 64.75314
0 875.3182067871094 340.24854 101.61911010742188 92.920685
0 873.2763061523438 431.041 102.1807861328125 89.7648
0 992.902587890625 261.83786 73.07681274414062 126.87149
0 1030.8069152832031 208.90631 66.461669921875 74.43997
0 985.3646240234375 405.95248 72.70414733886719 77.57913
0 1009.1955261230469 543.436 100.35203552246094 64.131165
0 1019.8135070800781 465.3749 134.47209930419922 89.03519
0 1064.7740173339844 125.411026 104.127197265625 89.139786
0 1091.5954895019531 392.4094 103.51374816894531 80.850555
0 1130.1129913330078 302.97632 85.70289611816406 80.604065
0 1184.4905624389648 512.0085 17.68115234375 42.120422
