0 692.9247 546.85815 75.949036 78.5802
0 699.5096 414.14392 103.5014 108.946594
0 600.2113 616.0609 93.88446 103.63843
0 620.71606 472.75925 89.115845 94.292816
0 667.06525 251.46106 114.51129 125.53946
0 616.27673 358.01437 105.64148 127.69092
0 421.67645 754.3094 107.10364 121.373474
0 498.44562 459.56503 112.675354 125.71738
0 542.4542 410.20718 77.474976 75.48291
0 415.12436 583.3996 107.618256 108.674255
0 520.6566 297.13895 106.708496 95.895386
0 550.7312 193.52866 104.55859 113.4487
0 442.08698 416.6543 104.44171 117.252625
0 484.4989 152.65298 108.928406 112.040924
0 308.56314 703.10767 91.3707 88.466064
0 323.28824 561.7841 116.29532 132.98444
0 423.6917 295.99896 108.161316 112.849915
0 307.14587 474.14053 88.66797 93.4711
0 350.26193 437.5018 60.91751 57.779633
0 199.26979 602.54004 102.6924 101.37225
0 401.26486 175.69203 102.06146 113.98384
0 336.40335 296.66058 101.53812 108.534454
0 277.21152 371.99133 106.68436 114.57327
0 350.1997 196.33751 67.18994 87.79588
0 313.4697 121.68959 105.45828 107.45734
0 178.9753 496.7148 81.05855 91.73953
0 123.37233 641.2954 54.6174 63.875366
0 260.1735 239.0035 99.79312 110.786026
0 204.28293 382.2367 86.70871 104.706665
0 79.920654 567.40375 83.62494 86.17615
0 202.63983 287.56244 96.096954 97.65646
0 252.7868 169.41351 70.95413 86.70395
0 141.6625 345.70493 116.07602 130.29807
0 85.177505 444.76526 116.83098 128.17535
0 113.80355 209.3209 119.53191 161.45857
0 161.38083 135.55534 82.21184 99.55936
0 56.233715 371.73242 90.9978 106.46594
0 -59.007805 502.08688 100.94165 99.115265
0 -50.733288 396.46335 137.05681 136.28464
0 160.29335 12.229511 114.858444 126.406906
0 -25.62977 291.50668 112.14068 118.3775
0 -4.7731047 163.32458 125.76674 124.717896
0 -124.02166 393.9791 74.670166 84.27069
0 -153.31595 339.51483 100.99011 110.10196
