0 425.68118 261.83167 75.839294 66.078156
0 343.85257 187.62865 102.15085 90.92473
0 405.34552 343.39084 90.987274 87.273285
0 312.47662 276.27618 87.681946 78.64096
0 200.24614 129.43127 122.82066 109.4536
0 239.32637 221.75737 91.66072 103.52498
0 357.9213 530.43286 89.74875 97.06537
0 208.63127 343.63043 118.029526 108.05914
0 190.9227 313.8168 89.922424 67.73984
0 222.47203 462.2436 108.740005 91.12897
0 92.04263 271.56317 114.89595 81.8255
0 57.062817 205.4251 106.336975 96.410934
0 114.94195 380.33405 111.575066 102.30176
0 -33.033104 236.29816 108.94153 93.74863
0 196.46953 606.0653 94.41072 74.56195
0 120.65933 511.95718 123.31366 115.87143
0 17.058187 341.81653 114.81634 97.36487
0 38.184517 514.11646 87.43221 77.98871
0 39.299828 487.31754 69.93025 51.42032
0 42.07683 642.3327 105.041245 85.23767
0 -87.435936 312.2201 97.127594 94.4939
0 -59.160843 412.6287 104.92774 92.73047
0 -52.222466 482.84604 104.03877 95.39432
0 -118.29534 374.90524 56.935738 71.63513
0 -152.92628 352.07336 53.730972 55.49759
0 -39.70996 627.3565 65.543976 68.52716
0 6.5472846 743.468 42.79297 47.682922
0 -114.80864 455.93756 43.52655 51.902588
0 -76.58811 557.14154 46.42209 66.87738
