0 849.7622 335.1582 73.75482 48.191772
0 790.3495 237.09467 98.33423 68.150665
0 795.4739 417.64786 83.58508 68.19565
0 730.0026 310.8135 84.10632 59.318085
0 661.57904 128.96555 110.477234 82.07291
0 674.6156 223.42706 81.99963 91.42917
0 678.2614 583.27167 86.677795 81.93463
0 590.1711 344.77756 98.75879 83.626495
0 586.2602 301.6705 80.67438 42.957672
0 553.87933 468.3608 107.623474 64.74228
0 497.29007 229.49088 120.53531 48.473083
0 484.86444 138.2498 98.72992 73.353165
0 486.22693 340.49606 99.045044 78.51593
0 380.17612 138.25848 106.55206 68.24109
0 486.75934 600.44434 95.80493 49.926025
0 449.79892 482.52487 98.18155 90.58481
0 391.8539 264.38748 108.94171 69.911255
0 353.63135 438.71075 84.088745 58.558685
0 367.4091 402.2993 66.09091 31.687958
0 304.8083 572.9567 105.410065 58.691345
0 300.37643 185.06657 89.33911 75.87547
0 289.04114 298.74664 98.28598 69.06601
0 267.67407 377.18518 98.71585 73.255615
0 245.7606 222.35036 43.94783 66.87764
0 155.51514 187.2279 104.33957 64.72185
0 219.1147 507.46918 69.54198 61.87616
0 229.67949 636.5321 44.45555 44.426086
0 166.34032 289.3687 88.12842 73.32645
0 187.76683 414.1636 66.73001 74.90677
0 139.15204 597.80756 81.62395 52.603638
0 117.537384 349.66846 95.383026 58.628967
0 109.92123 245.5814 53.414406 62.652145
0 94.42359 407.94766 105.89492 87.214966
0 88.01134 503.07922 104.9521 83.81091
0 9.291965 314.00095 72.04416 125.96417
0 -17.515728 255.21562 69.19759 71.44606
0 4.1677403 465.28195 74.02838 74.075836
0 -54.169514 605.8408 94.96936 55.208557
0 -102.24849 523.29816 138.11848 79.878784
0 -77.0788 165.67116 100.44884 81.9523
0 -106.21938 441.84848 77.29104 68.63318
0 -103.59214 343.7622 40.38331 52.726288
