0 81.56459 329.44406 91.285355 84.23859
0 -25.557755 267.9806 121.47515 113.02463
0 82.98761 420.5112 111.24106 105.88992
0 -35.31841 378.00076 103.63669 96.34393
0 -201.77914 243.1702 150.79315 138.72656
0 -136.81535 335.46338 137.03012 131.98605
0 70.53977 638.0459 111.779106 110.775024
0 -140.61911 478.81494 145.06764 137.5238
0 -167.64894 455.89606 101.27725 88.91675
0 -98.73295 600.10486 126.04467 114.581116
0 -285.96024 433.0248 135.40312 115.72098
0 -340.3946 372.93384 126.08899 117.63733
0 -232.22981 548.9955 132.74286 124.30652
0 -388.8368 437.51328 90.634705 87.80557
0 -76.05397 767.2103 100.9133 91.04889
0 -178.0304 685.48267 141.61241 135.16199
0 -314.6202 532.5612 102.373795 99.46979
