0 494.17676 319.79324 91.65399 92.68158
0 367.76334 269.39636 125.38147 126.41617
0 528.9161 417.43384 115.986755 115.914734
0 389.07294 384.16254 108.13757 108.92822
0 181.3751 265.95062 149.8213 150.93192
0 268.88074 351.92664 143.3093 141.96582
0 593.1894 638.39264 125.92633 124.35626
0 322.876 504.3088 139.0839 138.74124
0 283.05777 486.58688 91.65582 93.68295
0 407.79074 620.62756 128.71017 130.73785
0 157.03809 465.224 123.332886 127.7923
0 69.35137 417.68604 132.02081 132.80975
0 244.25433 579.7671 139.48718 140.12817
0 -3.746198 491.32788 131.01624 132.6466
0 472.91498 789.5161 107.91162 110.418884
0 341.57672 717.0395 148.64795 148.05121
0 115.41265 580.663 136.86725 138.82098
0 240.77867 768.9889 107.46831 108.32678
0 220.70096 741.90924 73.92096 76.09924
0 327.49316 896.54614 121.968445 124.38483
0 -18.413874 602.2883 126.005844 125.67462
0 74.22108 694.0795 128.23608 129.40686
0 128.79861 773.15717 130.06772 130.66498
0 -25.993753 703.32745 87.572136 84.71942
0 -116.25372 699.98267 126.467575 128.25458
0 208.69307 935.2568 100.52019 100.006165
0 330.30682 1048.421 68.476105 67.70422
0 -21.133549 787.57996 122.9729 122.78546
0 105.046936 888.1775 109.903885 107.99701
0 234.31625 1056.2401 100.64041 101.85864
0 -2.2700412 867.61993 115.15384 116.8371
0 -95.86831 817.03705 88.99945 87.17212
0 41.987488 921.43976 138.61137 137.74872
0 132.33385 1005.9321 114.33571 113.71924
