0 647.7246 330.22092 59.67102 65.680756
0 678.56464 219.59972 77.354065 89.74199
0 672.72833 427.45508 67.94464 88.623535
0 732.21173 314.3705 66.02057 75.41922
0 764.7562 108.34966 99.38849 105.64196
0 770.02405 219.8267 82.665405 113.60539
0 764.18317 628.4512 62.378235 101.76373
0 820.75757 367.5499 88.289795 104.80072
0 842.34375 320.82266 71.11127 58.105347
0 842.79785 508.50238 83.56329 83.99603
0 885.0947 243.5237 99.04968 68.277176
0 912.01514 148.32025 79.0412 95.377396
0 904.5658 379.2927 71.18103 92.23447
0 983.6949 184.72375 10.564209 41.07057
0 892.1972 673.11365 58.402283 59.63495
0 921.3319 549.4434 40.43695 81.56183
0 967.7562 308.50558 15.556152 61.884705
