0 1168.4452 20.816916 98.256714 115.23403
0 936.0507 -143.73123 109.324646 117.665924
0 1266.2678 167.74077 99.190186 122.60597
0 1044.6187 -31.688982 106.75903 116.69492
0 1144.0459 166.09277 89.26538 97.654205
0 1123.7361 130.22322 60.21826 61.527893
0 1212.6871 308.36432 102.55066 107.41681
0 925.2699 -56.82757 103.5177 117.67493
0 1000.5585 46.956196 100.90979 111.96631
0 1047.157 137.45102 107.65881 119.23859
0 916.8616 26.473087 69.697754 88.008194
0 834.37177 3.6919224 105.71167 113.07453
0 1108.4598 298.84213 82.36658 94.46716
0 1210.6824 428.44684 55.75476 65.364075
0 920.4137 103.35195 95.92853 110.688774
0 1026.8536 227.40668 83.12317 102.23068
0 1125.3492 418.84506 83.956055 90.47168
0 944.0375 184.34616 86.744995 95.80209
0 851.1035 105.16969 72.87433 87.97589
0 974.3599 241.91702 110.76703 129.20892
0 1030.4971 333.17752 118.22571 132.81277
0 843.35425 205.40176 128.37988 163.67249
0 784.4085 165.65257 83.61615 100.667404
0 949.6511 346.10342 96.95215 111.90878
0 1010.1605 504.27975 104.14197 107.65561
0 928.5669 424.74387 136.9801 144.17398
0 684.74994 99.49966 105.91101 122.26266
0 845.7162 378.69278 105.56964 118.24133
0 737.4758 300.4923 123.95117 130.76996
0 888.9116 541.9472 75.84625 86.82495
0 834.29724 518.6526 102.11157 114.23163
