0 972.2279 659.7881 60.81543 61.4964
0 966.6006 544.64014 99.31445 95.83215
0 882.9021 696.88116 89.649475 89.46796
0 893.7355 576.9535 85.46655 82.770325
0 927.63696 406.21094 106.25879 106.56018
0 884.5362 484.58722 98.40997 105.54242
0 721.2227 782.29016 104.09534 105.12549
0 778.83887 549.37946 107.463806 108.074524
0 816.5441 512.60626 74.89154 68.532776
0 708.4126 637.96094 103.68268 97.21393
0 786.8878 408.77054 103.88251 90.13483
0 807.3039 332.7972 98.62134 97.668
0 717.65234 505.75974 96.05249 98.23453
0 738.72736 280.80487 104.75946 99.47568
0 604.39056 713.16974 88.37427 80.53168
0 614.85187 602.49274 110.63141 113.25513
0 694.7933 396.4429 101.77118 98.21335
0 588.36774 518.2436 85.06848 82.17078
0 629.22156 495.68707 58.672974 52.816223
0 493.92587 609.1105 99.148224 91.536194
0 658.566 287.989 97.33801 97.95618
0 606.35986 374.62634 95.69055 93.82965
0 553.7157 430.78094 102.16205 99.980225
0 610.8176 292.06775 62.92273 71.217834
0 574.83594 223.75821 101.51416 95.771515
0 467.12613 516.416 77.19705 78.4375
0 422.0634 625.30896 51.82846 53.93872
0 529.96045 316.61505 95.24011 95.43622
0 485.58673 430.93134 76.63153 83.81378
0 376.38202 551.5855 80.41754 76.458496
0 480.70486 347.72934 83.65982 81.233795
0 519.5365 254.2957 66.993164 72.036575
0 425.07562 387.6697 104.101074 107.40018
0 374.77026 456.75873 111.633026 110.91638
0 388.66394 269.52567 111.46216 129.47711
0 430.04883 206.28995 76.95026 82.48901
0 343.9282 387.74976 86.34729 89.890045
0 240.11034 473.80576 97.505905 89.696686
0 239.9087 388.52438 132.2368 122.68948
0 420.65384 110.980316 107.20773 107.586426
0 265.53055 304.3019 101.65256 100.07062
0 269.17307 200.00264 121.37979 112.41115
0 169.86166 376.66006 71.134735 72.12979
0 143.37074 318.47995 96.55997 95.51114
