0 438.73694 307.65808 59.856445 61.767914
0 381.52515 205.58235 80.26361 86.31972
0 410.28574 401.3914 69.76907 85.12799
0 345.31717 294.36362 68.77051 74.957214
0 270.9447 99.21063 95.33899 103.78389
0 289.4931 203.46129 80.61221 111.33415
0 346.40884 595.8813 68.811646 99.895325
0 248.05202 346.3101 82.45656 103.216675
0 239.53421 303.21176 64.262024 56.72464
0 240.22026 483.94797 86.63649 83.766205
0 163.62569 228.4422 94.09386 67.64154
0 142.72299 134.50438 83.18295 92.39696
0 166.19836 356.04013 87.03964 98.58862
0 65.26885 144.94215 86.28007 87.44246
0 202.97673 638.47174 76.18144 66.17865
0 158.30547 511.23584 88.17787 111.672
0 90.03783 282.68353 91.236435 90.09012
0 84.74229 480.15732 68.664986 74.12845
0 90.71158 443.40582 54.589752 43.078064
0 68.19056 631.92224 84.27842 76.90625
0 11.893415 208.53026 74.621895 93.6367
0 18.47856 334.4998 82.58738 87.7204
0 14.189341 421.67426 81.16006 91.933105
0 -22.975891 256.70828 40.316628 78.226135
0 -93.5886 225.16896 84.22313 83.33687
0 -4.946522 573.1822 58.42872 75.94299
0 20.852768 716.57074 37.93992 53.85907
0 -74.238556 337.8407 73.423645 90.702545
0 -41.23299 476.4573 57.963047 89.77988
0 -49.691406 678.7905 66.13464 67.3418
0 -102.878426 409.95755 76.935684 75.599915
0 -116.36236 299.05295 44.658485 73.4617
0 -91.2194 474.14062 69.59663 103.14111
0 -73.95593 582.4466 55.980328 77.70935
