0 1176.0865 -49.625088 71.85144 86.248825
0 1186.323 38.73062 76.34155 103.82338
0 1233.9788 431.35632 71.44495 91.291504
0 1115.211 169.60455 99.553955 95.78
0 1102.4786 120.65366 81.45361 50.000755
0 1092.0839 306.5228 108.61243 74.98624
0 994.8998 41.465828 121.76636 57.192604
0 973.7406 -56.630337 94.044556 84.161446
0 1011.2068 170.33565 86.070435 89.64851
0 858.0394 -55.622593 107.512085 78.856
0 1043.4617 453.35406 96.73279 58.154877
0 980.5543 329.46826 98.937744 103.52817
0 897.6782 85.02887 101.62988 80.50603
0 875.6153 280.06027 84.824524 67.47269
0 886.6621 239.3159 65.371216 37.012436
0 845.02264 429.94522 106.40076 68.185974
0 792.1351 0.8529386 90.057495 86.90535
0 798.92065 122.862366 92.93732 79.35077
0 783.13873 213.59769 99.55878 84.23514
0 734.9996 45.40061 44.164185 75.6768
0 643.43146 4.498322 105.277466 74.87599
0 749.0041 359.25107 70.088196 70.78311
0 776.3272 501.66736 44.782104 50.675964
0 673.3744 119.27915 84.77295 83.887764
0 712.5069 260.4047 57.80548 84.916565
0 677.5507 460.39777 82.35779 60.772583
0 640.39886 190.57817 80.73114 67.33739
0 607.2524 74.101875 53.763794 71.220024
0 628.8308 254.73268 90.185425 99.43031
0 623.6291 356.7312 105.82074 96.16055
0 519.2197 154.97386 75.25061 142.3496
0 486.1476 87.74884 62.207184 81.188736
0 534.4713 317.01056 77.732056 84.598724
0 480.92584 476.4304 107.86206 66.356964
0 432.82516 384.9722 140.83286 92.4353
0 412.57846 -3.3706105 94.40485 93.81921
0 391.69196 291.78796 96.30011 85.212524
0 316.5189 188.43523 128.293 84.284225
0 335.4205 431.9022 64.84729 64.85925
0 277.5125 391.06506 92.29593 82.11771
