0 360.00793 163.17789 78.04132 74.78807
0 376.76996 53.173714 102.86609 100.086494
0 263.5534 214.43495 94.64041 94.850876
0 295.44278 93.99494 87.01169 84.18444
0 351.188 -95.42059 127.97067 121.18329
0 288.9062 -9.281136 118.3421 120.15501
0 68.552185 305.06476 96.28673 102.478546
0 161.78375 62.28292 118.18979 115.549934
0 211.71634 23.419243 82.99884 73.25654
0 73.17421 155.06021 104.81802 97.92038
0 216.83572 -63.90878 92.56647 81.58205
0 254.13214 -143.38326 89.4375 90.74332
0 130.56656 38.29396 79.56317 85.44514
0 -9.161778 269.24796 53.33371 55.276
0 49.87943 172.44809 41.594715 53.45639
