0 167.469970703125 587.82336 69.0255126953125 84.84387
0 199.4053955078125 619.683 144.30670166015625 169.11975
0 215.0394287109375 540.4693 94.41741943359375 103.07239
0 266.04345703125 796.1429 100.64715576171875 105.21356
0 358.7320556640625 910.3945 132.03131103515625 114.82086
0 328.35009765625 803.9588 159.48944091796875 146.00574
0 209.5299072265625 422.14032 117.8551025390625 120.17676
0 366.71630859375 688.59204 122.66680908203125 121.18579
0 354.40692138671875 549.0077 145.0667724609375 132.93243
0 503.717041015625 781.2172 88.23651123046875 89.4436
0 505.38201904296875 727.5637 117.6678466796875 116.480225
