0 97.9935302734375 15.997811 61.7713623046875 60.338043
0 42.04345703125 167.95433 49.71435546875 62.78305
0 126.68359375 84.47279 59.0704345703125 65.0394
0 208.1458740234375 -56.274395 82.13739013671875 88.99713
0 172.7369384765625 19.299019 87.50079345703125 99.19088
0 25.2613525390625 308.0677 96.6402587890625 95.447784
0 177.186767578125 134.46834 100.09466552734375 97.901
0 223.448486328125 105.30311 74.4620361328125 58.520317
0 155.8150634765625 243.71916 101.47515869140625 84.35863
0 293.4063720703125 59.31779 106.73907470703125 74.14006
0 348.3662109375 -1.9934279 92.9014892578125 87.67133
0 266.6385498046875 165.2394 88.31591796875 89.83292
0 427.6488037109375 22.930635 101.6573486328125 87.02411
0 175.325927734375 375.24103 88.12335205078125 68.57846
0 235.623291015625 291.0804 101.64361572265625 103.62573
0 364.41021728515625 122.584236 97.6636962890625 86.80131
0 350.92633056640625 282.94196 81.57958984375 72.65738
0 374.78533935546875 254.04852 58.9619140625 44.60251
0 319.48931884765625 401.35165 98.0302734375 78.631134
0 478.34600830078125 90.24945 90.604248046875 88.75079
0 442.4886474609375 181.28273 90.8001708984375 83.73137
0 423.224365234375 251.95828 97.0682373046875 89.11215
0 547.0596923828125 147.99736 53.0743408203125 68.66014
0 580.3695068359375 123.3103 98.94158935546875 83.438614
0 437.76190185546875 380.2296 71.33660888671875 71.464935
0 406.47802734375 489.71268 47.00439453125 49.805695
0 540.6629638671875 210.60152 87.649169921875 85.7932
0 496.5091552734375 316.71326 65.7725830078125 79.11975
0 461.7445068359375 472.19064 77.9686279296875 66.941864
0 558.5369262695312 274.6325 78.4586181640625 71.52408
0 630.8323364257812 198.92789 59.14544677734375 67.687836
0 536.1153564453125 325.91394 93.98394775390625 98.30997
0 502.72515869140625 401.3319 104.90606689453125 99.75632
0 645.099853515625 279.3966 92.63800048828125 126.710175
0 712.741943359375 237.58089 68.113037109375 77.38484
0 606.765625 399.94714 79.3056640625 83.384125
0 589.4818115234375 528.1572 97.480224609375 77.18213
0 618.0736083984375 462.21655 130.32452392578125 105.737305
0 762.3916015625 177.80315 98.202392578125 96.39769
0 707.3717041015625 410.41003 95.33868408203125 89.20618
0 767.0347290039062 341.99762 119.33941650390625 96.60733
0 744.21484375 541.7378 65.83743286132812 65.6413
0 776.4538269042969 517.06866 91.0369873046875 85.66547
