0 53.359455 186.54613 71.47069 69.24266
0 125.366325 105.03529 97.35938 95.936554
0 24.37484 275.44455 88.18582 91.08505
0 135.91254 199.48305 83.81052 83.00758
0 255.85757 52.628506 104.584625 108.74791
0 203.65358 139.85263 96.86153 110.72513
0 -14.36553 462.0657 102.52398 107.644684
0 175.03636 270.73367 105.800095 110.45032
0 236.10097 239.97272 73.02034 66.67087
0 126.94072 393.21237 101.34343 95.84863
0 311.02853 190.09851 100.7883 85.01044
0 372.81693 122.96332 96.925934 99.05333
0 247.69917 304.74985 94.73711 101.199646
0 438.08704 152.44563 102.52527 98.743454
0 109.80431 540.6354 86.13453 78.15485
0 177.64696 447.5056 109.11922 116.72284
0 351.9186 261.5482 99.76129 98.321594
0 293.7717 440.23444 83.3981 82.296326
0 332.88074 409.29993 57.12979 50.912323
0 231.05276 571.8921 96.76398 89.493286
0 464.67276 230.65887 95.83298 100.13339
0 406.09558 332.08575 93.962494 94.69739
0 366.97403 407.53412 100.29004 100.80197
0 511.22775 296.2288 62.765167 76.70694
0 550.9774 269.64847 99.28485 94.74017
0 344.9346 551.54865 76.0809 80.552
0 289.06232 673.14575 51.21106 56.01886
0 486.00778 365.38928 93.72647 97.34955
0 413.99658 480.45813 77.58359 89.76758
0 342.5771 655.0309 78.70508 75.94263
0 487.62442 437.0108 84.46713 82.87195
0 574.80365 355.58957 66.434326 75.92233
0 444.5014 493.94965 104.539246 112.05469
0 392.82928 577.69244 109.759735 112.67639
0 550.9468 446.29385 111.526245 140.91733
0 639.1303 401.1451 76.28198 86.82086
0 493.32373 580.76434 85.32153 93.36951
0 443.00955 723.7002 95.133026 87.529724
0 482.44897 650.3057 129.11938 120.27765
0 697.9459 334.90005 105.51886 109.82825
0 581.1576 594.52136 100.65338 101.62506
0 657.1253 519.40326 118.49713 110.09125
0 582.14777 741.7815 70.091 74.00183
0 616.03357 716.72626 94.89087 96.80304
