0 1134.0605 351.79755 72.031494 71.61624
0 1140.053 238.42653 98.15552 98.74373
0 1046.8016 398.70572 88.99048 92.50488
0 1064.8788 275.86902 84.50476 85.31143
0 1108.0956 93.619606 107.27246 111.41946
0 1056.5536 176.02498 103.752075 113.40956
0 878.13965 491.53717 102.35773 108.044495
0 949.52094 247.31384 106.79852 111.84613
0 990.56226 207.48251 73.51099 70.19202
0 870.9415 340.297 102.08563 99.84256
0 968.97296 105.65881 101.30438 91.73656
0 997.2706 22.963165 98.559326 101.42737
0 897.4381 200.746 97.57739 103.13995
0 934.03235 -24.337301 103.31433 102.30938
0 771.3548 426.08124 86.699524 82.44144
0 783.55756 309.38675 110.20947 117.41266
0 878.12244 91.15505 101.71686 101.97675
0 768.6012 226.74213 84.08246 84.66968
0 808.7169 198.81985 57.668457 54.125854
0 666.9653 320.91705 97.429016 93.84726
0 855.1766 -16.664711 96.73407 101.36636
0 795.03827 77.798096 95.62201 97.42079
0 739.6983 133.6382 101.15253 103.16551
0 806.9606 -7.6421843 63.598206 74.54858
0 772.0327 -79.47783 100.022644 98.42398
0 647.3075 225.38046 76.82318 81.25473
0 595.39276 340.53174 51.74939 56.011627
0 722.72186 15.307028 94.59375 98.71416
0 670.89435 130.9071 82.13281 90.94289
0 554.0715 268.82098 79.32123 78.64758
0 667.63354 47.06903 91.152405 89.53122
0 715.3192 -46.43939 67.20264 75.044785
0 611.2324 90.53935 110.01105 115.69493
0 558.9513 167.51372 110.754456 114.633804
0 583.5369 -29.55002 113.105835 135.84883
0 628.39075 -91.59471 77.15662 85.90824
0 530.25885 97.750534 86.22656 93.35243
0 421.3839 191.78427 95.77716 91.931885
0 429.11737 103.12283 130.02533 125.85779
0 626.64685 -196.62181 107.864136 112.24086
0 453.71005 13.863369 105.14334 106.360306
0 470.84088 -94.57904 119.322266 115.290215
0 359.7379 87.049706 70.77026 74.704765
0 332.71594 34.317238 95.73682 98.65743
