0 1237.9275 483.0135 82.712524 80.28638
0 1251.0243 373.8491 86.1803 102.18524
0 1182.8994 597.18616 92.75256 109.645386
0 1169.6357 321.97116 108.93237 108.18381
0 1110.8533 886.2702 70.17285 74.673706
0 1093.0115 744.0558 112.85425 129.26782
0 1141.1521 471.52182 105.40149 107.988556
0 1048.0055 651.6006 88.08618 90.399536
0 1085.3464 612.7358 61.79004 55.289917
0 962.8991 785.73804 103.79266 97.608215
0 1095.2653 350.41388 99.73938 110.63049
0 1055.0134 468.62854 98.72034 104.251526
0 1003.204 554.2622 105.44043 110.94098
0 1042.4149 372.5776 62.375854 85.97778
0 992.25354 301.2005 105.71472 103.68866
0 922.41187 680.2522 78.905334 89.12042
0 892.2022 828.11334 52.639954 62.183167
0 964.8691 420.7316 92.02655 104.89377
0 932.3309 570.44617 75.87689 98.96564
0 833.3391 754.9996 83.59497 83.223816
0 918.6229 480.26294 85.10632 89.03192
0 938.5716 353.59595 67.41962 84.603546
0 871.88934 537.0913 104.94055 122.69287
0 825.4286 634.36896 114.771484 124.27881
0 813.2635 399.7898 113.693665 160.25677
0 843.0212 324.38116 77.50769 96.712555
0 781.84485 562.8732 92.09961 105.656555
0 683.9829 699.05835 105.85321 97.09485
0 680.0373 594.3751 138.2702 131.29071
0 825.17975 209.44571 101.74292 116.08548
0 689.7993 488.27982 102.81366 110.57388
0 680.3419 361.06262 125.10437 119.27829
0 599.86816 599.1111 72.74817 81.85089
0 570.1307 544.12695 99.388855 106.71283
