0 1185.9594 134.36777 49.29883 45.07077
0 1097.0461 43.125465 102.75537 65.72952
0 1133.1598 204.91862 88.08557 64.979385
0 1045.8643 112.53921 87.95386 57.137413
0 958.2636 -40.64124 103.602356 78.00362
0 980.66766 40.37305 85.69476 85.331375
0 1047.52 357.01382 100.322876 77.815674
0 923.88715 150.92416 104.28412 79.47931
0 911.7113 115.324036 83.371826 42.449432
0 914.22687 262.25632 111.74225 63.219208
0 803.5208 51.582424 123.41443 49.48827
0 777.06885 -21.737503 98.089294 70.04561
0 825.9397 157.56746 90.630005 74.15097
0 665.5297 -19.73967 110.92853 66.26274
0 860.56494 383.73923 98.92755 49.446014
0 806.5579 283.13535 104.21149 85.6163
0 714.24896 91.25024 105.26959 67.383705
0 696.99066 247.1269 87.881714 56.463303
0 706.9222 216.1263 66.69629 31.588425
0 675.19904 367.9968 109.10394 57.735474
0 595.9376 31.139647 94.354614 72.106346
0 608.24896 126.889336 96.660095 66.180504
0 602.5524 197.8603 103.493774 70.283615
0 547.1303 66.90099 48.545166 61.66413
0 457.86243 34.59176 108.46185 63.022568
0 578.11646 316.44855 73.648254 58.616425
0 609.5814 429.68423 47.43164 41.789215
0 490.3222 127.96603 92.96448 69.76438
0 537.00006 239.9098 62.56726 69.46242
0 510.87506 397.00754 85.00012 51.050964
0 459.35446 184.26402 83.85538 56.22194
0 425.80557 92.779724 57.658875 58.431015
0 449.65543 237.1068 95.34085 82.069565
0 451.1612 317.32956 110.45923 79.97815
0 341.83826 160.36432 80.757996 115.563446
0 305.18808 106.48208 66.62933 66.6309
0 362.75482 288.81506 78.97955 69.67316
0 318.01825 415.76987 107.80728 56.17163
0 262.41513 344.3423 144.54922 78.15625
0 227.13416 36.25858 104.398224 78.84172
0 220.42905 271.32703 101.40732 71.01758
0 141.2058 191.227 133.01564 71.34889
0 173.18037 388.13968 68.097824 53.7312
0 109.1312 353.89532 96.22239 68.36157
