0 1416.6136 313.4901 87.949585 99.339386
0 1323.862 464.3339 87.09375 94.77103
0 1225.9421 598.6996 75.694336 83.50836
0 1101.7216 706.1976 97.95569 103.12274
0 1329.0594 300.79773 109.95911 118.70914
0 1263.4562 417.4441 106.76428 113.90265
0 1191.8342 480.9461 113.871826 121.378174
0 1277.3569 308.93097 75.36792 85.70328
0 1246.2451 221.82579 111.20911 116.549484
0 1084.3932 581.6533 87.61401 94.99811
0 1023.3598 720.454 59.52289 65.2395
0 1189.6619 334.62515 100.68237 109.79367
0 1118.8258 475.61417 89.47681 100.42258
0 981.58105 632.3584 88.41809 92.99835
0 1133.6108 381.6033 91.70947 97.61923
0 1181.4355 258.88998 78.18677 86.94568
0 1067.6932 428.62952 118.154175 129.1828
0 997.88086 512.3995 125.33362 134.52399
0 1031.9758 277.98978 140.11987 159.82407
0 1094.6067 205.00899 89.67676 99.58885
0 975.63763 426.8903 104.37372 113.29147
0 850.8626 533.9801 109.922 113.17529
0 869.77356 431.6383 143.74377 149.47565
0 1105.9298 85.325935 110.4884 120.50442
0 905.3518 326.81903 111.48926 119.561035
0 929.8658 195.56465 129.6308 135.03206
0 796.25275 407.90564 80.6532 87.36975
0 777.7951 350.45615 108.177795 115.87308
