0 1283.6556 222.58849 76.11597 75.644455
0 1033.6206 -42.933796 96.08423 96.44025
0 1101.4675 32.32358 100.56238 96.15903
0 1126.3547 98.2011 101.677246 98.80154
0 1011.0279 29.461935 63.79608 71.66144
0 921.3616 18.621967 107.58606 98.66127
0 1159.7748 226.06393 80.451416 80.00018
0 1247.4462 320.78653 53.701294 54.842285
0 996.74835 90.26531 91.10394 92.05956
0 1087.6707 179.31326 77.532715 84.1236
0 1156.0051 323.69122 85.090454 78.685
0 1008.4466 153.76788 86.683655 82.44124
0 924.428 106.14658 68.84845 72.940605
0 1029.4031 194.95708 107.04126 108.65065
0 1069.8417 262.40067 116.95227 113.46225
0 896.0877 187.17378 118.29303 133.8043
0 843.32367 166.21053 79.14337 83.55641
0 983.36847 287.82468 96.070984 95.64368
0 1015.6849 409.15326 109.426575 96.2894
0 943.4244 351.1148 140.66241 126.696686
0 748.12695 124.104996 99.78528 100.86282
0 866.749 331.89594 104.036804 100.76706
0 763.8287 279.3512 126.372986 114.31781
0 883.11487 463.4524 74.16968 73.58667
0 831.1628 449.98535 101.26575 97.762146
