0 1225.7666 205.0134 101.56055 82.79071
0 1225.376 529.9011 91.64502 94.079834
0 1227.0775 320.92087 96.02649 80.18863
0 1162.8239 457.48138 81.77832 67.61188
0 1187.8265 428.17078 62.621338 42.11902
0 1098.4285 560.1156 101.67847 73.70709
0 1152.6725 226.25836 94.92444 84.31485
0 1134.0299 317.331 95.4657 79.44562
0 1097.2834 382.59192 102.081665 84.542786
0 1101.2559 243.7428 54.53003 65.55057
0 1033.2042 189.19965 104.52832 79.00769
0 1034.5461 478.67734 74.63562 67.923676
0 1029.0328 592.05054 49.00305 47.388977
0 1030.876 280.13773 85.65381 79.61142
0 1026.1868 394.58026 67.951416 75.446075
0 954.14624 536.75024 82.29443 63.413696
0 991.33215 326.5153 82.543335 67.84619
0 986.7862 229.35287 61.336853 64.4931
0 960.0003 369.67587 98.06244 93.517
0 929.1827 444.1434 110.10187 94.71225
0 877.9217 264.74432 99.17456 122.43149
0 883.03894 207.66615 70.673096 73.7231
0 866.9396 389.7077 87.52557 80.798645
0 787.4106 494.19238 107.33099 74.20276
0 768.47046 414.25552 137.95197 100.02872
0 844.2738 119.57666 94.35693 87.79028
0 755.69293 333.282 98.54895 84.17499
0 720.5347 235.84096 124.308105 90.76485
0 679.5827 417.34827 68.902466 62.38266
0 641.59235 376.70108 95.604004 81.31592
