0 1190.4257 377.80075 33.19568 52.61862
0 1217.3778 220.00745 65.75989 79.5737
0 1175.1604 290.00882 87.30713 97.31897
0 1077.6324 587.04535 89.11011 91.63397
0 1087.1084 361.63354 98.21643 97.052795
0 1109.5756 322.56128 71.57886 59.10492
0 1032.6062 452.52194 98.01868 84.76279
0 1060.1694 230.8067 101.56201 75.7887
0 1069.4712 153.48346 90.83374 87.16341
0 1017.6243 327.74802 87.039246 88.80771
0 991.6772 115.77296 98.4588 87.21755
0 953.7277 540.3957 84.62164 69.319214
0 939.27136 431.32532 100.19055 102.42218
0 971.6342 229.41368 94.918274 86.71474
0 894.8364 360.44278 79.30908 72.57544
0 925.8817 334.8316 56.49341 45.21637
0 823.37286 457.95438 94.39038 79.2623
0 923.7588 133.68365 88.93207 87.989685
0 890.0565 222.91966 88.57367 83.39949
0 847.9808 282.66608 94.64618 88.790955
0 874.02625 145.22887 53.844116 66.80809
0 825.3401 87.01285 95.68762 83.7292
0 780.2638 374.7401 70.184204 70.72641
0 757.5715 484.74344 46.533997 49.09854
0 804.1197 178.6245 84.83594 84.523056
0 783.6359 291.80032 66.09973 77.326416
0 700.3894 423.00732 75.53601 67.07367
0 762.8168 218.0327 76.44794 71.30684
0 778.3813 123.40647 59.07611 66.36613
0 722.7614 260.32422 92.898926 96.97955
0 686.3065 331.7496 102.650635 99.11917
0 667.6957 152.28082 95.55145 123.276245
0 687.14185 92.71509 67.973816 75.910355
0 642.2375 272.96915 79.359375 82.64072
0 557.94055 369.51437 94.51727 78.22626
0 546.5731 288.88315 125.611755 106.47531
0 662.6801 4.0141616 94.73541 94.567924
0 552.2954 207.589 92.83472 88.615555
0 535.39557 109.61705 114.618164 97.13161
0 473.19916 288.50067 64.740845 64.986145
0 441.12543 239.97923 88.9884 85.196396
