0 724.0662 44.026947 67.44971 69.84085
0 625.8058 12.737377 92.68115 95.19058
0 759.3736 114.71755 86.043396 86.37994
0 651.47974 96.484665 79.99432 81.95952
0 487.64963 24.421967 108.32663 110.27969
0 561.9086 84.35471 102.408264 98.656166
0 825.9889 271.63614 96.946106 95.26358
0 611.8495 189.77034 103.81604 103.67793
0 578.19794 179.86185 66.87445 71.200745
0 684.76196 272.04828 94.46582 98.93387
0 484.9486 170.69647 88.789 98.00131
0 412.875 142.4353 96.677734 98.37865
0 560.5328 249.65086 100.677185 101.58617
0 364.69742 200.59212 96.45642 100.15489
0 749.62646 390.0451 78.638794 83.96838
0 647.1807 347.51785 108.47742 107.036804
0 461.7889 259.46487 98.92868 102.752686
0 570.68005 390.50226 79.44922 81.54468
0 550.31976 373.41064 52.346252 56.512512
0 646.00995 478.5659 89.17743 94.381256
0 361.84833 283.6479 94.073425 93.90906
0 439.21594 345.72385 93.45972 95.85071
0 486.6635 400.43057 96.460266 98.13086
0 363.436 363.4758 67.17557 61.924347
0 296.64926 362.7377 92.96805 96.954254
0 558.79266 516.5031 75.21808 74.597534
0 657.3403 594.05206 51.532166 50.279846
0 375.86606 420.61127 91.7157 91.82141
0 476.5693 487.26022 83.17148 79.85605
0 587.4301 605.19916 74.12201 76.89789
0 397.04883 477.71085 84.60617 88.34732
0 317.8233 451.7189 68.47421 65.35043
0 428.83273 516.275 109.83951 110.203186
0 495.3489 571.63464 106.74704 107.48578
0 321.68106 537.4922 121.68582 110.21661
0 265.8418 523.6206 82.0831 79.82123
0 428.9415 620.1651 85.87149 83.77283
0 508.8507 717.6807 76.54059 79.77222
0 427.11722 676.2785 114.70175 119.53967
0 177.93622 493.55328 99.2063 98.65466
0 368.82092 671.3965 74.82687 72.493286
0 297.83624 639.95874 42.955658 38.689392
