0 1390.1084 -67.478035 76.26074 97.48614
0 1450.1896 94.090096 72.60742 91.215675
0 1467.1815 280.16168 67.32361 77.04645
0 1464.2982 239.98836 61.329224 45.21556
0 1456.1869 442.17725 99.93701 81.85565
0 1315.8502 -7.4508667 99.47339 101.78725
0 1353.9036 121.80656 101.13806 94.0825
0 1351.6279 217.23618 108.23096 99.97073
0 1274.1039 50.559174 53.626465 84.93666
0 1173.6903 12.227229 112.378174 90.672325
0 1340.6787 377.84964 77.87622 82.54401
0 1396.1726 528.844 50.557007 58.51477
0 1226.8105 128.46826 87.71912 97.09279
0 1287.9016 276.87827 68.107056 96.19379
0 1292.2694 495.53607 88.214355 73.25769
0 1210.7354 211.10995 87.62146 80.03961
0 1150.1039 95.83507 62.218384 81.24863
0 1212.9191 275.87186 101.44238 115.062195
0 1223.611 384.6383 116.009766 113.28018
0 1080.6642 186.53662 97.81897 159.5857
0 1037.9033 124.07653 71.80945 92.70832
0 1127.5074 356.36172 92.118286 98.72095
0 1103.6844 529.8621 117.6604 82.52075
0 1046.5841 432.35046 149.18347 113.10437
0 951.8929 30.093252 96.28949 106.7122
0 984.97516 346.41553 103.621765 100.41724
0 893.742 239.5742 133.87042 102.82799
0 952.3382 499.6157 71.96063 75.703156
0 897.1977 464.82144 100.92584 96.94504
