0 47.6751708984375 256.57602 65.4273681640625 61.989044
0 87.634765625 125.776405 87.2952880859375 87.5283
0 80.1690673828125 356.13177 74.3125 87.29492
0 150.747314453125 217.89587 74.6678466796875 76.154816
0 205.806640625 -7.355036 87.2974853515625 104.91489
0 206.235595703125 108.43962 68.99462890625 116.31464
0 157.750732421875 561.375 84.406982421875 104.837036
0 249.652099609375 258.15927 87.8243408203125 106.973694
0 275.0111083984375 204.85023 71.47308349609375 55.539078
0 260.78778076171875 415.06845 95.42730712890625 83.42966
0 328.7657470703125 108.884026 106.620361328125 63.23809
0 369.15484619140625 -2.4834368 82.8912353515625 93.92031
0 345.051513671875 250.63646 76.01953125 100.18602
0 454.10980224609375 -9.336221 94.5213623046875 87.80303
0 320.41204833984375 577.6945 84.87652587890625 64.58887
0 361.71881103515625 432.14862 87.39031982421875 115.70184
0 427.85833740234375 149.58717 89.43878173828125 89.72293
0 464.30487060546875 367.30673 74.64434814453125 75.200714
0 474.14453125 322.15497 57.32855224609375 41.060913
0 475.63330078125 535.08575 93.4146728515625 75.786255
0 533.947021484375 51.19556 79.450439453125 97.064896
0 527.2265625 189.88412 81.85479736328125 88.50827
0 532.5535278320312 286.06723 87.676513671875 93.947205
0 618.43896484375 94.327484 39.397216796875 84.86052
0 644.9630126953125 43.448223 92.5362548828125 83.33943
0 588.6231079101562 447.83798 61.874267578125 79.08157
0 591.158447265625 608.69794 39.60552978515625 56.671814
0 636.5424194335938 174.5518 78.35699462890625 93.81584
0 627.6375122070312 331.49716 55.45947265625 95.26535
0 642.5616455078125 556.0258 72.411376953125 67.67291
0 672.1473388671875 250.401 77.83001708984375 75.30011
0 720.8618774414062 117.83326 47.68560791015625 79.73937
0 675.218505859375 323.18268 84.7080078125 111.32657
0 667.8598022460938 438.39468 93.27838134765625 107.326996
0 785.07177734375 201.37398 64.75778198242188 159.6241
0 823.2347717285156 122.54896 55.158111572265625 90.878914
0 773.9488525390625 386.93286 65.94277954101562 94.49194
0 794.9950256347656 564.8311 92.36740112304688 73.625916
0 805.8756408691406 459.7337 123.67303466796875 102.77313
0 853.3748168945312 16.779676 87.96417236328125 106.06075
0 876.9303588867188 348.90552 88.04168701171875 95.1814
0 913.3941955566406 228.49818 113.82972717285156 93.74815
0 956.7153625488281 501.61832 57.23931884765625 72.45694
0 986.5668029785156 452.2021 81.33317565917969 91.62158
