0 1008.0327 372.66086 53.71118 96.05716
0 1001.16895 325.53693 57.413696 52.315918
0 1009.6941 493.279 59.35022 76.05176
0 927.3073 230.83167 85.30774 61.00464
0 907.6284 143.41707 67.06879 86.305435
0 941.21735 355.63388 61.278076 91.30737
0 827.0319 144.64217 76.15698 81.65402
0 979.09845 633.58484 62.81183 60.361694
0 930.49805 517.21326 70.98743 105.4823
0 860.0612 280.47775 72.17267 83.03223
0 851.82916 473.88968 60.239624 69.57486
0 857.25793 433.1023 45.987244 38.943634
0 836.0042 621.2069 75.08185 71.15259
0 783.76855 202.63585 64.40234 88.84102
0 793.4605 320.72116 66.159546 81.5452
0 785.92865 411.7109 70.85065 86.60135
0 746.50146 251.04604 32.548218 75.95839
0 680.9931 212.5815 74.513916 77.66365
0 766.88885 556.93884 50.213318 72.21875
0 791.65924 696.7053 32.24243 51.483948
0 706.6821 323.46796 59.295593 85.52188
0 738.28033 461.54657 42.180542 85.56763
0 721.93024 659.8056 58.349487 62.90857
0 687.2061 395.99496 57.42383 69.27554
0 658.4169 284.53082 39.01233 71.981995
0 682.07446 458.0574 64.86377 101.11099
0 681.61255 558.1597 75.50055 98.542786
0 601.1415 366.0723 56.85205 142.66718
0 576.1535 303.04257 45.103516 82.094696
0 618.2097 524.36194 56.95935 86.18469
0 587.0318 682.26294 76.93915 69.516174
0 551.96564 592.5578 99.44269 96.31818
0 522.6276 214.6779 65.748474 95.11061
0 519.07874 505.56232 68.279236 87.388
0 463.6505 405.3558 90.134094 87.78198
0 484.8625 645.17676 46.440247 66.20007
0 445.24548 608.01855 65.79968 84.23059
