0 1352.9486 299.47107 71.697266 58.963715
0 1283.5028 183.45497 95.80249 83.10051
0 1312.2218 394.24054 81.966064 82.45026
0 1232.3506 273.86603 81.98584 72.25925
0 1153.0927 71.90299 96.374756 99.013985
0 1176.6421 178.06645 76.71655 108.81984
0 1224.6135 590.38416 93.28308 98.8562
0 1113.6697 320.06406 96.99133 100.91669
0 1102.2324 272.7062 77.91919 53.270233
0 1097.8148 465.75162 104.332275 79.620026
0 1005.2034 190.8831 115.60492 61.50325
0 984.41846 90.79367 91.31702 88.80676
0 1025.1573 320.2886 84.19922 94.31439
0 881.81866 92.89248 103.50824 83.59507
0 1052.2118 619.9412 92.47644 62.008728
0 1000.26825 490.50055 96.81061 108.90735
0 918.97845 236.10228 98.14508 85.18196
0 903.6711 439.50378 81.930115 71.38458
0 909.32104 398.14792 62.38739 39.545685
0 876.0328 595.06 101.942505 72.55194
0 814.6493 154.98032 87.752625 91.56067
0 823.501 282.5151 90.03888 83.815125
0 814.19946 370.83765 96.41437 88.98102
0 768.84174 201.62643 44.696777 79.04675
0 681.62787 158.71846 101.239075 79.439575
0 786.68726 523.9693 68.4527 74.509705
0 812.53674 671.5052 44.01123 53.236206
0 709.7694 277.5316 86.48474 88.56995
0 747.93445 419.65558 63.2229 89.190765
0 721.39923 628.962 79.30914 64.41492
0 673.6514 350.64746 87.133606 71.68811
0 651.07715 232.78606 53.360535 74.635086
0 665.8687 417.81393 95.14325 104.88754
0 668.9086 523.5466 102.812744 101.43494
0 566.2948 315.29877 74.117065 148.37408
0 533.4867 246.32411 61.67865 85.08882
0 582.6574 485.38202 73.28247 88.76056
0 537.7324 651.99927 100.74719 70.548706
0 490.1029 556.9377 135.04175 98.28595
0 463.48587 152.43108 97.11154 100.09656
0 448.0344 460.52673 97.43924 90.16968
0 378.60077 353.47964 124.26706 89.70053
0 400.59998 606.49695 63.3024 68.28638
0 341.71786 565.3068 89.5842 86.66034
