0 714.2895 327.51917 87.1853 70.64249
0 769.8596 250.10127 113.28992 94.68129
0 725.81146 415.95532 101.24213 89.986206
0 825.42255 344.50787 96.342896 79.59366
0 899.6744 191.92555 144.53363 114.32863
0 885.789 283.34888 124.923706 114.13266
0 808.35895 610.8402 96.548584 97.76318
0 928.8295 419.1031 129.56842 109.361145
0 973.45886 387.46005 99.507324 68.601746
0 936.5731 541.2783 119.829346 92.25348
0 1039.5688 339.95462 111.10669 76.38605
0 1088.9141 273.90134 94.48096 86.18942
0 1036.7189 457.5387 78.95288 81.578735
0 974.4936 688.9563 55.0849 52.605957
0 1033.8751 604.24146 31.787964 51.77893
