0 1027.8252 478.81464 73.008545 69.21167
0 1004.9806 345.42407 98.56641 96.92532
0 955.69275 566.91364 86.994385 94.62427
0 934.49243 425.78125 84.61621 84.11334
0 930.9765 199.80032 103.30853 113.50479
0 899.1514 311.1039 101.628784 123.88953
0 810.2234 747.16064 99.820496 112.78693
0 811.69196 444.38913 103.74072 115.4382
0 832.1045 391.82007 76.80731 64.078064
0 752.5877 590.19904 104.78943 94.34424
0 779.50793 289.27225 109.84161 77.00415
0 790.82495 178.34937 96.43939 102.32678
0 743.5075 419.87662 92.229126 107.242096
0 708.51447 158.38104 105.04205 98.34326
0 671.3552 736.4426 90.87207 74.79883
0 657.93604 592.41254 105.4541 123.63733
0 686.3833 311.52087 101.35065 99.42322
0 609.9339 516.7642 84.368225 83.217224
0 636.16095 473.63394 60.82898 48.106354
0 531.77124 669.2167 101.15863 86.77911
0 630.11115 203.54291 93.91101 104.70529
0 594.7471 338.06573 94.25037 97.04025
0 554.9074 424.21866 100.45459 103.06888
0 580.25134 239.3914 55.437317 86.724014
0 521.3535 177.64717 102.194214 93.793686
0 483.11374 572.7738 73.978485 84.848816
0 459.2156 728.65936 48.818207 60.057922
0 501.2703 303.26553 92.156586 101.451355
0 482.66772 454.12653 75.84454 99.93048
0 396.11664 666.86914 80.56967 75.72626
0 448.63934 369.47534 93.26233 85.10397
0 472.4777 243.27223 61.552216 83.19911
0 410.91907 436.301 106.465454 120.005035
0 379.39078 546.7969 108.65427 116.64465
0 353.00223 306.46634 95.98596 161.63165
0 367.69858 229.50539 70.87027 94.95189
0 324.00012 486.17957 81.308624 100.10327
0 234.64122 648.52966 99.698715 84.562195
0 221.92513 541.26294 134.51424 117.19885
0 338.8055 116.56941 104.06244 114.68422
0 220.41026 430.75006 103.59975 104.83215
0 203.03848 305.11685 123.60718 107.081696
0 138.85335 563.6265 68.267624 77.82886
0 98.71711 512.46924 94.26974 99.86066
