0 966.4188 263.36014 59.2843 81.95468
0 972.6087 408.4058 56.42926 76.666565
0 942.43243 563.32904 52.25183 64.67767
0 953.97485 529.8439 47.364258 37.666565
0 894.5332 696.48065 77.25787 68.33685
0 896.83 297.71805 77.09076 85.30652
0 894.71375 412.0463 78.29224 78.72696
0 869.3987 489.90515 83.776245 83.64404
0 855.30066 329.90536 41.842957 71.57504
0 789.2985 282.51535 86.862915 75.67511
0 825.69403 614.61725 60.380066 69.216125
0 833.65985 747.4264 39.244934 49.1286
0 800.0053 386.25677 68.050415 81.46747
0 809.6807 518.7737 53.031677 80.96326
0 763.1433 700.5547 68.204895 61.175232
0 770.621 450.05884 67.81506 66.95508
0 754.0887 339.07205 48.384094 68.32193
0 752.16364 504.28375 78.72266 96.57843
0 733.974 597.06354 89.85504 94.8681
0 671.2939 399.62796 76.36865 134.51993
0 663.6801 336.95892 55.83258 77.94754
0 672.6406 549.093 71.43262 82.79468
0 615.3417 688.13635 90.82886 68.667175
0 592.538 598.8525 115.2431 94.27716
0 621.0632 243.2813 74.70038 89.54042
0 570.3475 509.29288 80.25281 84.08536
0 528.32385 404.86948 103.42639 85.73477
0 513.476 622.9165 55.788086 63.472717
0 478.32526 584.96716 78.15674 81.16608
