0 754.55322265625 336.27298 86.41000366210938 81.214874
0 818.7416076660156 232.27054 116.6116943359375 112.6286
0 754.54833984375 447.51828 103.44699096679688 108.42697
0 863.4976196289062 343.71716 100.1363525390625 97.557465
0 961.500244140625 137.63518 138.80117797851562 135.10033
0 933.6392211914062 254.6185 122.41914367675781 139.134
0 794.4806213378906 682.71277 105.89434814453125 123.86139
0 956.1809387207031 424.1908 122.94465637207031 131.07379
0 1008.9710998535156 380.88727 90.71142578125 77.10095
0 937.3548583984375 578.8039 123.86073303222656 111.64343
0 1082.4789428710938 309.30435 129.51099395751953 96.61783
0 1138.0744171142578 212.62007 121.49385833740234 119.83006
0 1055.4564056396484 454.68622 127.53646850585938 127.3999
0 1232.9770278930664 243.63383 124.21465301513672 115.42912
0 969.5452575683594 763.8218 107.31838989257812 90.27887
0 1029.5053100585938 630.9367 130.40702056884766 141.03644
0 1165.9374084472656 390.47003 130.84002494812012 119.55206
0 1163.6324768066406 618.7999 99.82941055297852 96.654236
0 1188.191047668457 578.17993 75.49667167663574 59.94507
0 1133.5859832763672 788.96716 119.50196647644043 103.75781
0 1302.3067932128906 331.48987 111.29461669921875 118.834656
0 1259.2922229766846 468.6903 119.75090599060059 114.72937
0 1247.6064453125 568.9132 118.92222595214844 118.79846
0 1384.0317993164062 404.0326 66.0670166015625 93.38617
0 1425.8484344482422 375.15753 120.81935119628906 110.54367
0 1272.832995414734 749.22546 87.71010303497314 95.82776
0 1240.24320602417 908.07715 57.935340881347656 67.01611
0 1389.261329650879 499.60477 109.19994354248047 115.41519
0 1337.5262985229492 650.49005 90.11254119873047 110.311035
0 1301.4949436187744 878.0449 95.26895713806152 88.80762
0 1410.346450805664 585.64246 110.25239562988281 100.42328
0 1492.1435089111328 474.5742 71.75471496582031 90.49478
0 1385.9010620117188 657.82947 120.28524780273438 132.77423
0 1361.3434982299805 777.20984 99.62805938720703 109.129395
