0 162.2059326171875 122.65051 91.026611328125 97.85979
0 188.6207275390625 84.13343 84.9219970703125 64.54592
0 128.3172607421875 219.346 93.18701171875 84.19942
0 270.3822021484375 23.968714 122.06854248046875 82.59873
0 334.579345703125 -32.98779 105.395263671875 95.438446
0 245.1614990234375 131.91023 99.356689453125 97.104126
0 429.12908935546875 -3.7543051 115.6588134765625 95.36867
0 133.5308837890625 346.06006 93.6749267578125 73.10181
0 203.8968505859375 266.38757 115.02764892578125 112.257385
0 357.62542724609375 97.30905 110.996826171875 94.873505
0 339.84332275390625 265.3236 92.711181640625 79.4028
0 368.44049072265625 234.5459 67.29315185546875 49.345245
0 305.23443603515625 387.75766 111.7281494140625 86.58618
0 484.85223388671875 66.21242 102.67181396484375 96.39026
0 442.94635009765625 159.38373 103.08392333984375 91.288864
0 423.37493896484375 235.96417 110.21478271484375 97.18442
0 565.7344970703125 133.52727 59.523681640625 73.41968
0 606.554931640625 110.93673 112.61572265625 91.53835
0 442.83819580078125 371.7858 80.7767333984375 77.50104
0 404.50323486328125 484.57245 53.12396240234375 53.83008
0 563.5316772460938 198.81157 95.4462890625 91.71037
0 510.5008544921875 307.4995 73.9757080078125 84.91055
0 468.3983154296875 471.41638 88.70025634765625 73.34534
0 577.693115234375 267.08353 89.1033935546875 78.04001
0 665.4090576171875 193.50562 66.65966796875 72.838715
0 551.9569091796875 318.09793 106.26702880859375 106.33441
0 515.1723022460938 396.93823 118.986328125 108.54019
0 680.25634765625 277.80783 106.426025390625 136.18906
0 758.15234375 239.1558 76.79074096679688 83.3156
0 633.063720703125 401.20993 92.6768798828125 91.30444
0 613.8284912109375 536.1462 113.656982421875 86.02643
0 646.132568359375 467.2068 148.49032592773438 116.33392
0 820.0148010253906 179.14688 105.90249633789062 101.91495
0 752.42822265625 420.4012 107.18069458007812 96.78305
0 821.2014770507812 350.64554 134.70843505859375 105.825836
0 796.3024291992188 557.9465 74.56149291992188 71.206604
0 827.9270324707031 535.44684 103.2923583984375 93.28119
