0 -9.130231 407.69058 62.030914 75.141205
0 15.693945 507.6926 60.964317 81.97366
0 115.54981 809.3858 33.23461 54.99231
0 33.71365 563.5304 76.95407 75.42969
0 58.067738 448.0282 58.65585 72.490234
0 49.560223 616.59033 84.57695 101.785095
0 75.03063 700.4609 103.85165 105.80591
0 118.73592 491.91046 100.11079 139.60425
0 139.906 429.6108 67.52275 82.83902
0 143.67465 638.02484 86.177246 91.62164
0 204.96138 763.01587 101.64577 82.793335
0 188.30116 671.6522 127.21361 110.46118
0 152.57542 328.10925 82.458496 94.66266
0 235.67285 579.7682 90.99338 93.330444
0 238.49452 467.71863 113.15163 99.722595
0 333.45438 675.5463 64.838135 69.67743
0 337.95483 637.0916 89.41968 90.567505
