0 572.63257 -250.66103 63.138367 63.42389
0 659.811 -333.77896 105.352234 109.74933
0 502.98355 -190.14365 92.372406 93.49273
0 645.27106 -228.33897 85.28735 87.514984
0 805.14514 -331.889 112.42584 114.31145
0 718.0556 -262.50653 116.24072 115.792175
0 391.10132 -20.827183 115.540955 117.99469
0 644.56195 -141.37671 118.79236 121.533
0 728.93994 -157.80977 75.34393 80.378784
0 559.5548 -39.300602 106.8739 112.77077
0 819.90607 -177.4662 99.12091 108.376854
0 895.45996 -214.98897 107.35193 110.56541
0 703.7497 -73.88024 107.96759 109.66565
0 951.11163 -158.38307 109.355286 114.736534
0 494.93112 105.88002 88.535 94.63516
0 581.43494 45.038742 124.470215 126.37364
0 824.53674 -80.6016 107.96411 112.46362
0 708.32336 79.76957 90.32611 94.05418
0 765.05975 56.21544 58.079163 62.429314
0 597.62524 190.24258 100.63776 106.93381
0 944.3971 -65.14596 107.6626 110.116005
0 853.72955 13.883562 103.1416 106.69199
0 784.59827 78.94973 109.89795 113.77705
0 969.7833 20.216192 78.24487 76.19325
0 1017.62384 7.189784 105.28583 110.78714
0 714.1862 216.62285 86.20697 87.807175
0 620.94995 315.90555 59.276794 59.762573
0 915.8585 83.23469 104.57062 107.07879
0 802.31494 176.20705 91.53058 90.23717
0 677.4106 320.5948 84.05176 88.13791
0 896.9204 155.64825 88.36987 91.6107
0 1010.3181 105.97144 79.15723 78.71824
0 824.16956 203.97493 117.36096 118.59914
0 744.12476 268.03885 121.912415 125.382935
0 929.28186 204.01956 142.47534 137.36957
0 1050.7172 180.52582 90.64368 90.25659
0 842.7645 307.6784 99.042725 99.903564
0 748.5076 431.54633 98.83142 105.22235
0 806.2241 377.73538 134.88623 143.00461
0 1128.626 139.52788 117.70386 120.45677
0 923.8525 358.50516 109.59979 113.08978
0 1024.9552 311.53104 123.47217 130.99313
0 874.4229 508.30203 79.275024 80.81772
0 912.549 497.62527 104.98163 108.18118
