0 399.84128 647.3195 49.783905 51.3797
0 353.86856 547.0374 88.63397 87.20209
0 450.84326 677.4957 77.23285 78.147644
0 435.0053 569.8941 73.10828 72.684814
0 371.9859 421.82034 93.13629 94.10568
0 421.34 487.24106 90.29404 94.25217
0 583.01935 740.57336 93.86102 94.76453
0 511.86975 537.325 96.80591 97.50598
0 503.8575 505.66635 66.07425 63.076263
0 584.1676 610.32965 91.96069 89.0083
0 498.09607 410.86545 90.66754 83.97446
0 478.312 345.68564 88.53174 88.39612
0 573.2209 493.9258 86.859985 88.32669
0 530.1895 293.94638 93.17108 90.83157
0 695.3372 669.0944 77.90808 74.19458
0 658.1239 572.65424 100.06616 101.812195
0 579.99255 394.44754 90.83319 89.37283
0 697.739 494.4005 75.94232 74.758545
0 682.1612 476.67477 51.598267 48.797455
0 776.0968 568.97626 87.64801 84.091675
0 607.14105 295.303 87.69287 88.35904
0 661.19824 368.2077 85.715576 85.10181
0 706.9838 415.09586 91.466675 90.71231
0 678.72797 294.8174 58.30072 62.790466
0 672.94684 231.73628 90.15784 87.57088
0 810.9562 484.7116 69.70447 70.619385
0 880.4699 577.904 47.06378 48.336
0 724.9309 311.76172 85.53516 86.01407
0 788.8697 411.0001 69.76819 73.864685
0 891.2289 509.2066 71.541626 69.79559
0 780.9688 335.9819 73.7215 72.987885
0 752.96686 254.75859 61.299744 64.13277
0 815.42944 368.48468 93.56207 95.78964
0 858.66315 425.7816 100.28613 100.31888
0 830.69275 262.16855 104.08478 113.71796
0 819.4644 206.69986 70.358826 73.48218
0 901.2284 362.0345 78.55182 80.65347
0 990.62787 430.3316 86.256165 82.56946
0 955.15594 355.28195 117.015564 112.58481
0 795.42114 121.64158 96.24762 96.86532
0 951.6604 282.3273 90.73218 90.36505
0 924.2067 189.59915 107.30975 103.1463
0 1067.4794 339.5196 64.20032 64.96738
0 1064.4252 286.27094 86.65845 86.46622
