0 851.6703 133.28317 72.537415 65.82092
0 769.7166 56.946922 98.17517 91.27862
0 844.31067 222.20651 87.24823 86.83984
0 754.3113 145.46375 84.344666 78.995544
0 629.3395 -9.246829 116.39368 109.198975
0 669.8478 82.70429 103.21655 110.84112
0 822.5827 407.36087 91.9162 99.03415
0 662.01746 213.89417 104.22247 105.349335
0 641.93353 181.00542 75.737 63.20636
0 682.8143 333.01764 103.79193 91.022095
0 548.084 130.1973 107.332825 80.26683
0 501.9176 57.44084 102.19824 96.83711
0 578.83636 242.56749 107.0531 102.71193
0 424.82907 87.68082 104.29422 93.85089
0 682.83264 478.14316 89.53815 74.07968
0 610.574 379.16168 106.368286 111.45184
0 481.32794 198.18413 109.393005 97.206985
0 520.57574 375.82913 84.05408 78.31464
0 517.744 343.5013 61.18512 48.80365
0 537.7409 505.8048 99.90839 84.895935
0 383.0128 158.76443 94.36429 95.51723
0 417.7444 262.80673 100.51068 92.93353
0 433.6596 342.63004 100.34235 95.99304
0 356.08514 222.88885 57.37027 73.62268
0 275.61478 201.62042 101.34073 90.00345
0 448.26123 484.23047 74.493835 76.88153
0 507.12823 605.7959 49.430054 53.54724
0 322.47025 296.4502 92.51459 92.83484
0 388.00253 410.63657 77.237915 87.77429
0 423.34018 584.6655 80.01578 72.18964
0 308.95822 363.7033 92.45059 81.79669
0 264.12402 283.9492 62.823425 72.686615
0 311.7467 419.53632 114.173065 112.14075
0 347.1629 509.66287 108.87802 107.40036
0 226.22601 372.0574 87.42346 126.264404
0 201.09604 325.39398 47.303055 66.67328
0 289.21222 512.2478 60.912354 75.79321
0 338.7618 651.335 30.629791 43.201843
0 316.94656 601.48584 23.515137 32.413757
