0 1116.3616 190.16826 65.51245 51.539627
0 1142.1611 236.25479 61.580933 88.58737
0 1204.1669 556.93646 56.276123 73.28131
0 1099.3251 344.91248 85.29956 84.77347
0 1084.54 307.43802 67.09143 46.501434
0 1094.2815 456.50998 90.252686 68.70627
0 993.94354 248.80612 98.61615 55.367645
0 968.094 172.98305 79.98706 74.99165
0 1018.79425 354.26492 74.405945 78.80585
0 878.8258 181.76146 89.77905 71.741
0 1071.7114 579.52844 79.552 54.244507
0 1010.3332 484.44388 85.56561 90.97067
0 922.7605 292.9024 85.43463 72.62256
0 924.8158 453.5445 71.33392 60.838684
0 929.26447 421.10898 53.557373 34.81009
0 915.6518 575.3071 87.913086 63.057495
0 833.8334 233.46912 77.18787 76.89792
0 850.8623 331.45255 78.67279 71.029205
0 847.0988 405.66568 84.20465 75.46997
0 793.5516 277.59225 40.999207 64.35211
0 718.9704 246.9161 87.69025 68.36331
0 834.56555 528.19214 60.371887 62.383667
0 869.4446 643.149 39.09381 44.26013
0 753.2271 338.80975 72.59631 74.028564
0 796.85516 451.9741 52.317627 72.83774
0 789.3497 614.617 68.79944 55.24994
0 734.78204 399.36905 68.18854 60.417725
0 697.57745 309.86758 47.921143 61.491882
0 732.14636 451.28802 78.48706 87.002625
0 737.9137 533.00775 90.13165 85.55762
0 637.5898 380.29984 71.32178 120.476685
0 605.61847 329.55603 55.33008 70.160065
0 665.11646 509.86014 67.7428 74.12753
0 639.2562 640.5665 89.02704 61.71753
0 593.6746 567.7285 116.57019 85.22327
0 540.2423 258.9827 80.82263 82.6853
0 552.614 499.06607 81.740845 76.000946
0 484.7595 418.71768 106.11917 77.69705
0 522.5022 618.77704 55.797485 57.210327
0 474.31207 588.32245 78.44519 73.210205
