0 476.32877 348.17194 69.671234 66.11636
0 475.67657 244.34306 94.25073 90.579575
0 395.9045 386.58746 86.06891 86.81906
0 403.8025 276.16315 81.06247 78.2836
0 436.25952 104.72149 115.02771 109.983635
0 391.85178 186.34737 96.77402 104.560715
0 230.08972 470.3672 87.26376 94.87732
0 282.23273 248.61029 110.98132 109.56442
0 319.61166 212.72958 79.62692 68.69849
0 213.0739 333.59647 98.79271 91.34256
0 290.76944 120.374565 102.69 84.824
0 318.61618 46.742104 98.583466 95.86649
0 213.5877 204.26259 103.75787 101.618
0 251.87479 6.083525 99.64145 93.71105
0 104.36989 410.79654 81.17113 73.27368
0 108.81595 300.34692 117.95619 116.281555
0 196.05026 109.38071 104.62381 97.47301
0 92.29254 234.32652 80.715256 77.676346
0 128.83798 212.12569 61.578476 52.298508
0 -5.0996456 323.58038 94.67352 85.730255
0 172.19998 15.258774 91.79996 93.34041
0 117.1555 101.25474 91.25896 89.45864
0 78.4373 164.62624 77.0387 84.16562
