0 86.5166015625 255.54842 73.20751953125 65.17766
0 104.9154052734375 126.62412 98.17822265625 91.62699
0 136.6982421875 349.69882 84.89990234375 90.37012
0 184.0557861328125 211.8706 84.11065673828125 79.61905
0 201.58349609375 -14.773589 104.925048828125 108.98004
0 223.5849609375 100.6965 84.23101806640625 118.20418
0 256.82733154296875 540.7286 93.7432861328125 107.795166
0 297.8984375 239.89517 100.7430419921875 110.474335
0 313.3406982421875 186.8478 78.71337890625 59.416794
0 338.3160400390625 389.16797 106.046875 88.30582
0 349.71124267578125 89.54186 115.36126708984375 69.65443
0 370.02777099609375 -22.822475 96.53125 97.696396
0 390.6734619140625 222.58214 93.45556640625 103.56578
0 455.75213623046875 -34.582672 105.57855224609375 92.46611
0 422.7930908203125 542.6848 93.3182373046875 69.22461
0 442.4093017578125 397.60147 101.2115478515625 118.8981
0 459.4410400390625 120.03097 103.86456298828125 94.27082
0 533.5624389648438 330.1777 83.9871826171875 78.69388
0 535.8966674804688 286.25885 63.30511474609375 44.34088
0 575.92236328125 488.9032 103.19708251953125 80.749756
0 548.54345703125 15.853765 91.1676025390625 100.22207
0 565.3338623046875 153.18994 95.1810302734375 92.40596
0 590.8309326171875 244.11159 99.236083984375 97.86882
0 642.5111083984375 55.825653 49.03619384765625 85.2453
0 664.6231689453125 1.4787141 103.08831787109375 87.9892
0 676.8629150390625 398.25378 71.3641357421875 81.43634
0 706.5140991210938 556.2282 46.31243896484375 57.995483
0 679.87744140625 127.61937 89.71652221679688 97.01425
0 695.1127319335938 280.3979 70.68011474609375 97.035
0 749.9293823242188 502.93524 80.9246826171875 71.23212
0 724.4019165039062 196.89114 94.1630859375 79.78287
0 757.9118041992188 68.10138 56.95794677734375 80.94714
0 743.117919921875 267.19797 103.10699462890625 114.99582
0 759.6290283203125 380.48224 106.34536743164062 111.2608
0 837.411865234375 143.07939 82.7003173828125 159.60622
0 860.5240478515625 69.19934 67.27865600585938 92.48419
0 858.8478698730469 325.9276 77.12088012695312 96.67172
0 911.4373779296875 492.69934 101.89300537109375 78.57483
0 904.3841857910156 387.35217 136.87832641601562 109.26544
0 874.8074340820312 -46.805042 104.70767211914062 110.03297
0 957.2732543945312 283.07428 106.66334533691406 99.83328
0 973.4013671875 157.03885 125.89752197265625 99.763
0 1069.2676086425781 417.32922 65.94532775878906 74.65781
0 1092.89208984375 375.6512 92.5240478515625 95.12695
