0 1156.1729 221.23872 80.764404 60.47438
0 1202.0287 139.82985 105.06348 82.419815
0 1177.962 303.5814 93.16943 78.64642
0 1263.4879 223.02705 89.33923 68.59691
0 1320.0514 69.70609 136.1117 97.881615
0 1318.3748 157.06328 115.502686 100.73454
0 1278.6653 478.786 86.01196 87.450134
0 1374.176 280.23746 119.84338 94.697815
0 1410.0682 246.03584 94.06946 56.5056
0 1389.7164 396.5693 87.38757 68.00284
0 1464.8619 192.59964 67.88269 53.38228
0 1509.0969 127.62802 44.665527 57.391006
0 1477.3937 311.85995 28.592041 52.922546
