0 395.34942626953125 543.29724 54.14984130859375 62.992554
0 400.55474853515625 478.68103 90.3482666015625 83.26843
0 490.15020751953125 751.55396 58.66552734375 63.273865
0 535.980712890625 851.85767 40.2750244140625 44.351562
0 435.46142578125 562.7356 75.63922119140625 78.58685
0 479.35931396484375 670.1495 63.16436767578125 71.99408
0 559.5188598632812 793.7782 64.06964111328125 62.138916
0 477.04449462890625 601.9208 72.9189453125 70.138916
0 478.509521484375 509.1152 58.2447509765625 63.43112
0 496.4976806640625 639.7427 90.345703125 93.69922
0 532.1287231445312 703.1917 98.4796142578125 96.942505
0 541.2789306640625 528.4714 101.3424072265625 118.29297
0 549.1474609375 475.3061 66.941162109375 72.614746
0 585.4039306640625 642.1859 81.96343994140625 82.72748
0 658.5750122070312 727.6195 92.52117919921875 80.973145
0 632.1076049804688 651.9592 118.01446533203125 106.48535
0 545.4302368164062 387.15515 82.39495849609375 85.63086
0 657.3861083984375 574.0597 87.2777099609375 85.87671
0 645.0286254882812 477.17603 105.64276123046875 95.93713
0 757.6060791015625 637.93646 62.526397705078125 63.167175
0 757.7390747070312 599.39374 85.24545288085938 83.434204
