0 382.8897 78.27698 77.76642 80.67378
0 469.1248 18.003376 106.805084 110.703354
0 322.77753 168.43224 98.99432 102.364944
0 455.53278 121.54147 92.1687 95.508286
0 611.3822 3.2589362 121.09161 125.281364
0 532.10443 84.423225 114.15802 117.42957
0 233.22188 363.5051 113.821884 117.52615
0 473.41696 218.16281 119.38992 123.388885
0 554.47516 197.15749 77.26318 80.389145
0 399.5275 333.2339 109.01657 113.228
0 637.60126 168.31621 102.871704 107.45482
0 712.09106 115.891754 109.70856 113.55206
0 538.63904 272.59198 111.80707 115.543884
0 768.531 169.64345 111.243835 115.436325
0 343.37228 480.73883 90.88382 94.589966
0 427.0193 410.06772 124.648315 128.66495
0 655.5748 261.7049 111.652954 115.79364
0 550.439 434.25858 91.552246 94.88699
0 606.70337 409.25732 60.135925 62.65338
0 454.19772 556.9353 103.001495 107.10016
0 774.5861 262.5769 108.18982 111.808624
0 687.4942 354.18558 105.8595 109.65097
0 630.2252 425.23486 111.08392 115.0238
0 804.19684 348.8062 76.84766 78.7919
0 853.163 336.29587 107.253174 111.347015
0 572.6864 572.9545 86.465454 89.29797
0 487.71964 683.7857 59.1763 61.01416
0 762.65076 419.24805 105.49988 109.06122
0 658.3221 517.32477 95.387085 98.191345
0 539.9473 685.4596 85.4801 88.6936
0 746.2709 490.56677 97.61713 101.35651
0 858.0785 437.2097 78.50574 80.76541
0 680.8553 544.9712 123.34613 127.43921
0 608.72345 622.60803 122.84027 127.06201
0 791.40875 537.1637 139.03333 142.31128
0 902.23 509.78613 91.17706 93.867065
0 710.0177 658.3363 98.59924 101.65967
0 626.7155 793.10046 101.02063 105.067566
0 679.7684 729.268 137.90521 143.34137
0 982.9849 454.63235 121.52191 125.6976
0 790.68713 703.48535 116.20691 120.441956
0 890.9779 643.1015 126.39545 131.39545
0 765.22565 857.2656 79.54584 82.16333
0 797.7207 851.54395 95.458984 98.57745
