0 1429.6068 380.29733 83.86426 108.48245
0 1375.7815 511.41095 82.03699 93.006226
0 1322.349 580.371 91.2876 100.78241
0 1371.4476 395.3854 70.877075 86.08191
0 1327.4225 322.68045 111.52161 104.18442
0 1212.965 703.5647 85.63953 89.40137
0 1168.5967 854.06287 57.684692 62.339172
0 1288.0743 441.21436 96.79907 103.598145
0 1235.3434 592.0826 85.067505 99.13495
0 1115.2112 782.157 88.43872 83.60657
0 1236.1783 504.66922 90.918335 89.388824
0 1266.949 375.38535 74.90405 84.77936
0 1180.5327 560.4099 114.73511 123.0202
0 1120.443 658.5664 123.47168 124.72803
0 1127.5023 421.18442 132.26404 161.57864
0 1173.9833 347.62582 85.99939 96.91885
0 1085.0392 586.6698 102.846436 107.230774
0 971.60486 724.6988 112.42932 98.70477
0 981.1204 619.40186 144.97919 131.97205
0 1171.5756 230.30054 105.745605 113.21243
0 1001.0194 512.79913 109.599365 110.56134
0 1008.4116 383.2364 130.20398 119.36304
0 900.5646 620.5486 78.892395 82.11224
0 876.66223 571.0495 106.730835 107.09833
