0 1057.2109 500.0479 20.992432 25.764587
0 1079.4153 374.14713 62.00061 70.98923
0 1039.3037 534.2626 51.510254 67.489075
0 1007.8278 418.24246 59.068665 63.52768
0 1005.0743 253.17061 79.41144 86.19258
0 980.1791 329.97592 81.22473 94.77164
0 908.52765 636.778 89.72894 90.66705
0 899.19434 412.4756 92.927 92.9447
0 916.0043 374.4918 69.16547 54.937134
0 853.22015 510.1189 94.24835 79.4447
0 862.0935 286.84448 99.15674 69.06586
0 866.18835 209.79594 86.26538 83.10283
0 829.2892 387.19598 82.00354 85.44949
0 787.9497 179.1888 94.41272 82.08458
0 776.5095 604.344 81.84778 64.33942
0 762.5185 496.4694 94.36841 98.575836
0 777.9749 294.16296 90.68921 82.031555
0 710.19055 430.56223 75.76044 68.67456
0 737.01373 403.8663 54.773926 41.784973
0 647.61237 534.6222 91.0542 73.90314
0 720.0397 203.35342 84.12604 84.27356
0 693.3659 294.66626 84.31781 79.2793
0 659.11163 357.78607 90.13928 84.35541
0 674.0276 219.12955 49.247803 65.926025
0 622.83984 166.10207 91.892944 78.63945
0 599.5422 456.34784 66.241516 67.93213
0 583.63153 567.72546 43.63922 47.465942
0 608.17065 259.39853 81.618774 81.53598
0 597.2562 373.5509 61.04187 75.77136
0 523.9931 510.81778 72.40338 63.14908
0 569.32916 301.64746 72.850464 67.67975
0 579.54205 206.62338 54.89795 64.69995
0 534.3743 346.90475 87.24371 93.62106
0 504.50095 421.1978 97.41104 94.59241
0 476.93555 243.63455 85.7724 121.83273
0 487.82916 183.69923 63.222656 73.94774
0 456.84943 367.1254 73.43402 79.362
0 380.51962 470.99237 90.384766 72.425354
0 363.27255 391.24332 121.048035 99.443756
0 457.06976 98.06167 91.516846 91.71592
0 363.79495 310.0387 88.588135 84.542816
0 339.4673 214.8405 110.92883 90.87428
0 291.20157 399.47873 61.1279 62.38025
0 255.85744 351.862 84.53453 81.19034
