0 625.4271 304.8328 67.07727 57.587494
0 622.1548 209.70619 88.773254 78.4091
0 680.4979 353.9466 79.42255 76.16696
0 701.97424 253.977 75.85736 66.91237
0 669.55695 88.64414 111.13934 94.63654
0 710.7556 171.86469 96.39789 96.60074
0 829.2435 453.13354 76.48004 84.46753
0 800.91595 243.92604 103.94684 97.9868
0 803.46606 208.92107 78.2334 56.018997
0 863.5991 331.83014 94.29248 76.73596
0 824.9142 130.48769 106.57391 69.080826
0 818.60944 55.382645 91.961365 82.16222
0 886.2627 216.76683 96.45264 87.32399
0 890.7114 36.738167 76.01233 75.15148
0 970.2036 424.85477 76.03027 60.20697
0 952.107 318.88916 110.986145 100.72229
0 921.053 141.56647 81.76898 75.93558
0 1021.6588 282.23956 18.246948 29.51236
0 1010.337 251.87549 18.608704 27.196228
