0 213.785400390625 -171.0361 150.83673095703125 161.20047
0 346.96435546875 -185.21283 100.23663330078125 103.50324
0 126.167724609375 -36.16564 94.13134765625 96.45473
0 49.456298828125 99.97188 110.101806640625 107.37279
0 108.9990234375 32.991703 143.27587890625 141.31438
0 441.0103759765625 -230.40512 123.35662841796875 123.86682
0 245.765869140625 12.052834 125.84552001953125 125.413536
0 362.77923583984375 -41.968475 144.24810791015625 140.09076
0 232.0780029296875 169.26678 91.3121337890625 91.83588
0 262.03973388671875 156.21524 120.02337646484375 119.82938
