0 898.4098 253.05067 73.12036 71.73161
0 813.9259 150.1565 99.0896 100.10216
0 895.31824 359.13397 88.45477 96.92078
0 802.383 251.04568 85.17236 86.81
0 671.38025 46.476604 118.041504 120.20999
0 714.71716 160.81657 106.21832 126.25667
0 882.1708 575.7008 93.34967 112.485596
0 713.8947 316.64056 105.75433 118.01465
0 692.2585 271.11038 75.97186 67.21768
0 740.0402 463.77634 104.396545 98.22952
0 597.3235 198.25092 107.03931 82.326904
0 547.6896 99.83182 103.493286 106.8098
0 632.1628 336.10074 108.81091 113.75354
0 472.66574 122.12313 105.061554 102.02299
0 746.31177 635.4193 89.7583 78.55652
0 670.1255 503.46786 108.20355 125.91196
0 533.6982 265.5894 110.450195 105.40384
0 580.3038 480.91327 84.84735 85.93164
0 575.99835 439.39844 61.279785 51.192566
0 603.66974 642.20306 100.30841 90.77466
0 433.99277 196.34818 95.76395 107.028076
0 473.2381 328.76083 101.65082 101.85092
0 492.76495 426.96597 101.46179 106.07382
0 409.44058 261.28952 59.264008 86.68152
0 329.43057 229.40883 102.006714 97.48097
0 513.2895 594.51025 75.70062 86.552
0 577.04004 747.22784 50.40033 60.950134
0 379.8927 349.1473 93.836426 103.81503
0 449.97623 494.93143 79.028534 100.93912
0 493.15637 710.9635 80.61694 78.53192
0 369.55563 427.83945 93.03732 88.49704
0 321.00137 318.2189 64.36636 83.89801
0 374.6365 496.8595 116.05914 124.87714
0 414.21448 610.5637 110.30957 119.60071
0 298.64722 418.12094 78.63266 142.36264
0 271.1406 352.7137 36.89084 71.74594
0 365.59668 596.12463 52.16681 82.2973
