0 549.2562866210938 316.95886 81.4490966796875 70.45682
0 607.4248657226562 245.49068 109.80633544921875 97.20409
0 554.4174194335938 405.99017 96.876953125 91.89172
0 653.5604858398438 338.6898 94.23516845703125 84.02261
0 741.247314453125 191.53206 130.63577270507812 116.400406
0 720.3181762695312 280.7812 114.18914794921875 116.220825
0 601.7057495117188 596.982 98.966064453125 102.962524
0 747.1168823242188 416.18936 115.12033081054688 110.83249
0 794.2098388671875 386.93225 85.94732666015625 68.46658
0 734.7860717773438 534.0555 117.02886962890625 97.81012
0 861.6211242675781 341.36188 123.41070556640625 88.6156
0 912.8441467285156 274.30283 114.26289367675781 102.94861
0 843.1195678710938 453.62677 119.86325073242188 109.16211
0 1004.26953125 311.8507 117.18536376953125 100.44357
0 771.1445922851562 682.97723 101.71630859375 80.35144
0 825.7501525878906 589.2175 120.716064453125 118.3692
0 946.1399230957031 417.9819 123.54022216796875 104.42001
0 952.1447143554688 596.5182 93.98065185546875 83.3634
0 973.2518005371094 566.1746 71.279052734375 53.90332
0 930.0392456054688 725.833 113.11698913574219 91.68994
0 1074.3546295166016 390.6195 104.20853424072266 100.469025
0 1038.465316772461 492.02237 112.80783081054688 99.180145
0 1031.2658996582031 570.0397 111.76710510253906 101.79132
0 1155.1593704223633 459.37292 60.686256408691406 75.14703
0 1194.0642623901367 442.16452 114.07099914550781 96.5231
0 1061.6683959960938 714.61475 82.01156616210938 80.64935
0 1035.8418731689453 833.95264 53.98039245605469 55.79669
0 1164.0122375488281 535.28326 102.30491733551025 97.76703
0 1120.411636352539 646.6562 83.64925384521484 90.910706
0 1094.0859375 820.3038 89.87406921386719 77.22986
0 1186.920265197754 604.40753 104.11748504638672 87.77411
0 1261.52685546875 529.9522 67.8162727355957 75.114075
0 1168.1148681640625 659.6586 125.10655784606934 117.4151
0 1146.5577239990234 748.9004 106.93779182434082 102.59039
