0 488.9475 257.192 80.46686 74.06137
0 391.38992 198.3249 109.28122 101.78227
0 492.8085 344.17645 98.14328 94.52939
0 385.63467 291.95978 93.98932 87.85385
0 233.70074 169.01707 127.671906 120.01375
0 291.61276 251.85619 113.20038 114.744736
0 493.47052 531.0359 106.128845 105.87201
0 296.6893 380.9786 117.52261 114.07236
0 269.85306 357.69632 83.01288 73.382965
0 335.31097 490.9768 114.55182 103.70227
0 163.51642 325.0492 115.97632 97.36566
0 104.278786 270.05682 113.16544 106.64444
0 213.12141 429.25415 117.42317 111.734375
0 24.962164 318.39996 115.53405 105.90561
0 354.57687 634.5442 98.033356 86.30194
0 263.63757 557.6593 120.65085 119.22131
0 101.29824 410.56522 119.57914 109.29764
0 165.92096 579.20557 93.58707 87.25226
0 157.07172 552.12756 66.439896 57.530945
0 201.82954 698.02686 109.778244 97.884094
0 -10.94531 402.7608 106.42875 103.36807
0 41.173485 493.2217 110.7387 103.14633
0 68.0085 566.4416 112.17728 105.95227
0 -33.03295 481.4714 67.49436 73.927704
0 -120.315605 469.3181 112.04911 102.05896
0 101.138374 707.0639 84.28637 82.65997
0 178.99727 815.5397 56.381668 56.653076
0 -57.43284 552.63806 104.20734 100.7796
0 26.76694 651.04407 88.83549 91.44745
0 88.45342 810.56024 88.67248 81.384705
0 -62.557423 620.5485 102.1638 92.88403
0 -123.83195 562.87274 72.48828 75.30237
0 -49.881992 672.13165 126.45453 121.51288
0 -1.7967923 751.30725 122.30048 117.274475
0 -163.81215 657.4006 119.01049 133.94385
0 -217.68842 624.9277 90.64746 91.08765
0 -86.46103 778.06305 93.9288 94.402405
0 -25.413208 907.87115 68.41637 66.127014
0 -87.91751 848.6418 97.097595 94.81665
0 -278.7551 572.6464 86.767715 91.4317
0 -133.01108 812.194 43.187653 53.794067
