0 1050.7877 104.31995 51.067383 54.08458
0 952.90094 33.573975 96.449524 89.07193
0 1036.4037 173.6296 85.73779 83.5956
0 938.27356 117.91504 82.866516 76.97603
0 818.92206 2.868662 101.39978 99.64446
0 863.75323 75.327286 91.243286 99.87204
0 1025.2173 336.23242 98.997925 98.40323
0 859.9848 188.01593 102.407776 101.10718
0 837.9958 165.19714 74.401794 63.145172
0 891.8197 289.33185 101.95984 89.93643
0 734.9321 129.65929 105.40839 82.27899
0 688.7632 80.688545 94.65546 91.14944
0 788.1525 230.3015 90.79785 92.12727
0 605.6101 114.54182 102.45831 92.21975
0 893.5813 420.9709 87.956665 74.15231
0 817.6988 346.69092 104.52966 106.22946
0 681.04346 201.41982 98.825745 91.28987
0 722.18616 354.044 82.57648 76.38693
0 718.44714 328.7106 58.680847 48.527405
0 748.45636 464.08292 98.13898 84.466156
0 570.5458 189.13278 92.72601 91.64346
0 613.37286 271.17395 92.26886 87.436066
0 634.026 335.43506 98.58826 93.13483
0 545.29297 252.22972 56.40753 67.75017
0 467.92453 232.36168 99.55435 88.68761
0 656.4558 460.5749 73.20361 73.48926
0 719.2668 561.24133 48.575623 50.71582
0 524.7143 311.9615 90.90662 89.220215
0 598.4227 408.4445 69.15436 78.92285
0 634.16144 551.7336 78.607666 70.89612
0 520.8792 375.74512 79.6239 74.854095
0 463.02902 312.222 61.752228 68.050446
0 532.2239 424.07297 96.95685 100.32413
0 561.7332 491.45535 106.98163 103.56595
0 423.68402 395.462 98.43506 123.592316
0 377.01227 361.36584 71.04404 77.890656
0 484.43976 504.35278 80.91589 84.522705
0 495.72455 624.39075 96.661804 82.72632
0 429.5354 566.3215 130.61133 113.30255
0 294.3538 311.03412 102.263275 100.61023
0 371.44263 527.5714 97.36246 93.06091
0 284.3457 470.25 119.98755 103.78308
0 375.9842 659.4792 67.52106 67.558655
0 316.2603 640.5302 92.729706 89.12036
