0 580.2383 162.4042 67.423645 60.833237
0 567.1808 61.785164 90.916016 83.64796
0 508.1904 207.68225 81.82504 81.01456
0 499.4052 100.854866 78.090576 72.379326
0 510.27325 -68.68886 110.75305 101.29564
0 479.1477 13.8601265 88.74005 98.60274
0 357.66364 306.38678 81.20508 90.14966
0 378.90903 86.78594 106.06674 101.38683
0 405.9283 50.1754 78.95581 61.655556
0 319.9014 177.62372 96.285 83.53073
0 365.36777 -36.029083 102.38257 74.9709
0 384.7842 -111.09979 94.78757 88.7865
0 303.90213 51.79757 99.56534 94.275505
0 312.58734 -143.3123 96.67795 86.07225
0 221.47244 263.7886 80.31595 66.884766
0 215.59618 154.44588 112.441696 107.82442
0 272.28265 -37.125347 101.76544 89.31213
0 185.85568 94.51653 77.834015 71.76415
0 215.75027 71.1118 61.291626 46.721664
0 102.111176 191.60132 92.76552 77.970825
0 235.46402 -126.597916 87.145966 87.35734
0 187.47131 -39.004814 93.32922 85.27326
0 153.33363 24.684345 82.18416 83.97142
0 218.03952 -104.34017 23.875336 38.114265
