0 143.8701 90.443016 73.758606 71.59992
0 207.59706 0.8321588 100.01509 99.38568
0 128.62022 186.03587 89.40874 94.80568
0 231.99449 100.13329 85.97752 86.03681
0 339.40384 -66.351456 110.27203 115.22846
0 299.477 30.981136 94.752106 116.147415
0 124.259926 387.01947 100.476524 110.9035
0 293.56595 172.77286 106.93201 115.071075
0 348.55368 137.1452 76.50366 68.5054
0 262.77002 306.48038 105.24118 98.86722
0 416.89178 80.72379 107.57672 86.54357
0 474.29483 0.73357207 100.552155 103.86903
0 373.95203 199.62297 100.03061 107.8521
0 546.1835 30.092392 105.966675 102.050354
0 262.37878 461.56525 90.3862 80.25897
0 326.24582 357.66592 109.491 121.895386
0 476.45508 151.22797 105.44397 103.17067
0 440.99176 344.81583 85.63989 85.26752
0 475.58353 310.42874 60.691254 52.38336
0 398.17288 487.74283 101.05713 92.08719
0 590.0771 108.33202 96.83319 104.331154
0 541.6928 222.38988 98.14795 99.30739
0 516.78143 304.50873 102.46735 104.6366
0 648.24634 177.02194 60.281616 81.046875
0 688.4526 149.37677 102.8667 97.816895
0 516.2951 459.25793 76.57977 84.04248
0 474.01892 592.6297 51.043518 58.63434
0 638.4372 252.49599 94.86578 101.37776
0 579.12006 375.9181 80.13049 96.266815
0 526.03796 573.4463 81.315796 78.50513
0 645.9313 325.8599 93.8067 88.879974
0 731.36127 237.82549 65.29321 79.76555
0 614.65405 389.09695 109.954346 119.30966
0 575.9811 484.47604 111.477234 117.20871
0 727.3773 332.0648 105.80914 149.28662
0 803.3629 284.28223 76.72241 91.913086
0 681.52216 483.26822 85.02435 97.716034
0 650.02637 637.31647 99.48242 90.015015
0 682.15686 555.4845 134.60516 123.86133
0 861.2455 203.59187 110.270386 115.959305
0 774.3977 494.96945 108.73407 108.203766
0 844.4329 406.48346 123.60956 113.328674
0 804.3296 645.5578 70.60925 77.187744
0 836.2316 625.66833 84.427185 92.88031
