0 240.68379 319.11972 25.158524 64.7883
0 277.43088 128.3762 58.312378 89.21353
0 252.96649 223.45216 76.49585 104.26277
0 169.18672 600.04407 88.55644 95.53241
0 282.1463 352.89056 91.997406 97.60239
0 316.09296 308.41394 72.578186 52.69757
0 282.19476 485.58014 97.56464 78.228516
0 378.8226 235.55164 106.82681 61.969757
0 426.17038 145.33043 86.30881 86.151794
0 380.20865 361.1861 80.18637 90.93317
0 511.9256 151.67586 97.01434 81.86853
0 323.98007 630.85645 86.07779 61.420105
0 378.86905 514.378 92.20755 104.98334
0 470.1354 284.63968 92.269806 83.08951
0 487.39212 473.8437 77.03964 69.625854
0 500.70508 435.57486 57.953247 39.309326
0 481.19336 618.5331 95.078735 71.58655
0 577.4971 211.79353 83.23761 88.541794
0 559.1761 327.94043 84.921265 81.479095
0 557.0921 415.0292 90.8988 86.54782
0 659.72705 259.66455 43.94861 75.07303
0 688.6448 221.98863 94.776306 77.92549
0 598.03094 558.669 65.07843 71.92279
0 585.8054 695.14453 42.096985 51.172302
0 669.1175 332.23633 79.409 85.43292
0 646.5696 466.913 56.185364 84.72763
0 639.9446 658.6304 74.35083 63.06476
0 696.57764 402.3364 73.61725 69.25391
0 756.0718 293.91724 51.522644 71.37436
0 689.8458 464.5598 84.53839 100.532166
0 671.9085 561.5808 97.243286 98.33685
0 798.7988 375.82416 75.5379 140.68384
0 848.8719 313.4402 59.4989 81.41901
0 775.242 530.1945 72.09015 85.53125
0 782.1716 684.2786 95.57617 69.86249
0 801.0098 597.7282 126.05359 96.843506
0 889.8278 228.75925 88.64111 95.768005
0 880.96704 512.8872 88.50177 87.315125
0 926.6796 416.5203 115.121765 88.33783
0 943.6384 653.19385 60.152466 65.94049
0 972.45264 615.038 84.648926 84.09039
