0 -110.0213623046875 559.8535 61.0528564453125 63.68756
0 -29.5145263671875 159.24776 75.963134765625 82.48804
0 -59.4327392578125 277.42267 85.059326171875 75.82489
0 -48.453857421875 356.63165 84.1683349609375 80.134
0 51.911376953125 202.10843 41.5615234375 71.55353
0 86.5067138671875 165.71925 95.9024658203125 71.849686
0 -0.3720703125 493.77176 64.4757080078125 67.41873
0 -14.465087890625 627.63416 41.35986328125 48.174988
0 72.707275390625 268.28375 71.306640625 79.57239
0 48.402587890625 400.65857 53.9632568359375 80.43039
0 43.5654296875 593.8606 75.08984375 58.26349
0 92.0009765625 339.63937 73.840087890625 64.37723
0 160.9368896484375 232.69838 49.967041015625 67.54826
0 86.3897705078125 396.35358 83.214599609375 94.56296
0 73.5341796875 493.19238 97.025146484375 91.77136
0 206.2703857421875 307.77722 75.98614501953125 134.71695
0 257.10955810546875 249.33751 57.77716064453125 77.0085
0 178.2261962890625 459.505 76.86376953125 80.75342
0 190.899169921875 611.0468 102.2659912109375 64.14685
0 207.3448486328125 523.62085 128.05914306640625 88.88513
0 306.13043212890625 162.29668 78.065673828125 87.2227
0 296.9356689453125 440.95148 86.5025634765625 81.273315
0 342.1561279296875 343.00272 114.4779052734375 80.93765
0 367.42529296875 568.72046 59.6356201171875 61.78717
0 388.53057861328125 537.00806 84.57183837890625 78.40253
