0 520.7364501953125 72.43217 82.26007080078125 78.480034
0 507.17205810546875 -63.795273 110.55718994140625 107.86115
0 590.9423828125 140.81238 99.7969970703125 105.83751
0 605.5506591796875 -1.4600515 94.8853759765625 93.20234
0 550.41015625 -234.89038 136.325439453125 130.81006
0 612.2564697265625 -116.80987 114.892822265625 132.64677
0 777.9970397949219 290.81714 98.47467041015625 118.871765
0 720.903076171875 -8.19245 129.80645751953125 133.70615
0 720.2308959960938 -58.969116 95.92376708984375 77.18386
0 805.635986328125 121.52605 116.98641967773438 106.46683
0 739.5728149414062 -169.70464 126.693603515625 93.554436
0 723.803955078125 -276.17346 115.18441772460938 114.51189
0 820.1899719238281 -44.64583 120.98089599609375 121.779755
0 809.5873107910156 -306.76053 117.46633911132812 110.156906
0 949.0234985351562 256.2433 94.0806884765625 83.4162
0 913.3237609863281 109.81332 139.2462158203125 140.47998
0 854.9374084472656 -161.17026 123.64630126953125 114.046036
0 990.5396423339844 32.26151 94.569091796875 92.32652
0 972.9821472167969 -5.6740894 74.45210266113281 58.22573
0 1075.8836975097656 187.54211 70.49420166015625 79.620636
0 915.1719970703125 -263.1845 76.61068725585938 101.472336
0 972.0036010742188 -126.70389 62.564849853515625 86.286316
0 1026.8933563232422 -35.782753 39.05555725097656 68.79233
