0 -64.69868 361.8523 70.27827 85.69675
0 -51.953224 438.5065 100.32272 106.79526
0 28.328169 766.32007 96.56228 97.300415
0 31.883354 517.8774 115.4033 106.32794
0 43.269474 474.48877 86.46579 64.54089
0 86.28418 618.3124 117.63803 92.64429
0 78.26641 374.21445 124.34911 82.595215
0 91.76561 288.64832 107.24475 95.43625
0 136.20322 481.10626 101.686066 97.3324
0 182.59668 248.17516 117.74246 95.36876
0 186.5784 716.2826 102.35489 75.68292
0 201.45552 596.0525 117.02135 112.26105
0 196.19714 373.4176 112.97055 94.8703
0 291.59964 518.85547 94.3681 79.4035
0 285.9066 490.27255 68.54059 49.339325
0 346.2374 626.92224 113.76596 86.585144
0 275.04996 268.65613 104.468506 96.39273
0 304.30585 367.42654 104.91257 91.29022
0 340.3005 433.63153 112.171906 97.18579
0 379.82437 282.06284 60.486298 73.42468
0 393.88257 218.532 114.63971 91.534195
0 441.83786 535.74634 82.19351 77.5072
0 484.2666 657.28705 54.035767 53.832153
0 421.34766 319.4868 99.23578 92.50119
0 454.69302 444.29883 75.21127 84.91943
0 525.83026 590.09546 90.29712 73.3454
0 476.5636 363.6496 90.68793 78.040955
0 493.4373 259.1645 67.77994 72.84241
0 499.06775 410.47165 108.0863 106.33432
0 521.3381 489.56433 121.082825 108.54236
0 579.1338 291.97812 106.59485 135.63248
0 598.06067 226.56104 78.08075 83.311005
0 613.1111 425.43976 92.62311 90.694336
0 683.18726 532.85706 114.354126 85.512085
0 668.65857 444.17316 151.19287 116.33276
0 606.3852 129.09251 110.69055 103.396515
0 715.3255 354.64758 109.62927 96.99057
0 721.52594 246.9389 137.85754 106.07605
0 836.67926 444.5077 75.8609 71.20868
0 851.5571 391.7993 105.11664 93.28287
