0 840.9725 425.27832 77.83411 74.67505
0 907.33887 372.20172 104.03638 100.55029
0 823.54834 504.698 95.28729 94.194275
0 931.6438 468.7911 88.97699 86.002716
0 1033.7369 352.00174 128.76868 123.36511
0 988.4626 434.24643 116.98834 117.11636
0 833.183 697.15717 95.934326 98.5719
0 986.237 558.6462 123.92499 121.841736
0 1046.494 539.1351 87.045166 79.66412
0 965.7444 665.5822 108.26184 102.42688
0 1119.7108 520.336 115.469604 103.12378
0 1173.8907 469.0092 108.24585 104.98715
0 1075.5105 622.0453 113.94971 110.913574
0 1244.2803 523.5007 102.75 100.47272
0 970.1246 814.8189 86.688416 81.42999
0 1021.41754 743.09454 131.20709 127.79321
0 1174.2797 611.3599 106.76587 102.14728
0 1143.1924 773.0654 47.08423 51.883667
0 1172.8607 745.9241 37.041504 37.4317
