0 721.60236 223.91467 79.611755 63.105072
0 684.8457 119.49209 107.07294 87.49882
0 647.6737 279.7584 93.43829 83.22482
0 613.17926 165.86061 91.81506 75.72215
0 587.6006 -13.275141 119.691284 102.43063
0 577.64966 73.83085 94.71277 101.90574
0 497.47934 389.73602 100.804596 96.37692
0 471.1737 153.94572 111.106995 100.95073
0 486.77338 114.53944 84.7887 60.620354
0 413.38586 251.69597 114.85266 87.27406
0 419.46442 24.381348 122.95508 77.01842
0 423.716 -59.12066 107.82507 91.8282
0 379.3347 118.85992 108.075134 95.965355
0 327.70154 -91.15239 114.6875 89.97661
0 325.26218 347.09503 100.42093 71.047455
0 307.6344 233.11478 112.21832 106.78821
0 310.08597 23.146324 116.03226 91.70994
0 237.24445 164.59196 91.60864 75.058975
0 264.00143 136.21344 68.41449 46.578598
0 160.79381 267.518 111.37401 81.4028
0 241.33838 -73.9366 100.567474 91.53183
0 207.03891 22.45312 106.29434 87.96838
0 168.25722 84.21134 108.62163 92.007576
0 184.5389 -57.94291 56.44687 70.49566
0 109.8327 -116.33051 111.809814 86.296265
0 96.00179 183.60393 78.944756 73.66847
0 79.96748 299.6037 51.616302 51.292023
0 94.96506 -23.228947 98.84326 88.97279
0 85.74275 92.26104 79.41948 84.07795
0 3.0815713 239.30737 87.93345 69.20886
0 39.5692 14.965078 102.085175 78.42556
0 54.81617 -79.21021 64.20741 69.62157
0 -0.6204353 60.066685 116.98565 105.62573
0 -28.651 140.75705 116.88296 102.92915
0 -68.057945 -48.4876 96.38933 129.64073
0 -66.00947 -108.26612 79.30264 81.30023
0 -95.34859 82.037384 85.96449 85.49228
0 -186.72264 184.7535 109.88477 79.60759
0 -210.15195 100.6564 147.87886 109.44505
0 -110.47746 -207.79257 118.63263 102.8025
0 -222.2158 16.73364 116.348305 95.25602
0 -211.88522 -72.254814 99.11945 91.081955
0 -257.81854 111.38695 25.654358 41.579163
