0 167.803466796875 254.48677 62.73388671875 59.056503
0 169.4923095703125 141.7117 84.5850830078125 82.60593
0 216.251220703125 327.0036 74.37628173828125 80.433075
0 241.13232421875 207.5387 72.5877685546875 71.67316
0 234.584716796875 18.177933 87.8109130859375 96.35795
0 260.61602783203125 113.47362 74.43597412109375 102.2901
0 326.3624267578125 475.62637 85.53253173828125 95.85153
0 330.726806640625 221.16275 88.60260009765625 98.05649
0 338.037109375 177.25061 66.27630615234375 54.89891
0 376.657958984375 342.4625 90.1968994140625 80.62784
0 358.42181396484375 89.3847 95.2216796875 66.39167
0 364.2191162109375 -2.85471 82.3226318359375 86.989944
0 402.1436767578125 199.85744 78.11004638671875 90.88643
0 429.44775390625 -21.91313 90.29779052734375 83.945
0 456.76629638671875 463.52075 78.43182373046875 64.101074
0 459.60797119140625 342.41016 89.8824462890625 104.89798
0 446.859375 106.8835 86.6728515625 84.68016
0 523.0272216796875 277.28534 72.39508056640625 70.92517
0 521.6631469726562 241.68393 52.5157470703125 41.278778
0 571.7471313476562 404.13742 87.20428466796875 74.27695
0 506.6517333984375 14.931463 80.20831298828125 88.93668
0 533.1949462890625 126.71334 80.5081787109375 82.55291
0 559.7059326171875 198.82198 86.07550048828125 87.74773
0 583.1569213867188 43.5319 46.5799560546875 73.13515
0 594.6921997070312 -9.623538 87.9078369140625 80.10973
0 641.2906494140625 322.10144 63.11285400390625 72.02713
0 679.6734008789062 452.42795 41.51983642578125 50.887573
0 617.41064453125 96.114426 78.752197265625 86.20952
0 644.1604614257812 223.07701 63.5047607421875 84.37804
0 708.841796875 398.59787 69.25131225585938 64.631714
0 661.2362060546875 150.7104 78.902587890625 72.398056
0 671.2330932617188 44.77054 52.12237548828125 70.36321
0 680.5551147460938 206.29402 89.916748046875 101.69374
0 702.2765502929688 298.12128 92.9420166015625 99.184906
0 744.1007080078125 95.92119 80.29562377929688 136.12956
0 755.3893432617188 30.257309 60.03887939453125 80.317696
0 776.5260314941406 245.60556 69.15478515625 84.83322
0 833.5253601074219 380.14764 85.97561645507812 72.4064
0 817.5435791015625 289.9771 115.9029541015625 100.2637
0 754.861083984375 -63.75817 88.54541015625 97.36622
0 849.2751159667969 196.53806 87.92733764648438 89.08203
0 850.7539367675781 91.04644 106.52294921875 91.625175
0 947.4737854003906 307.69592 58.255279541015625 66.07773
0 960.9601745605469 262.4947 80.67903137207031 84.943085
