0 1074.245 4.444157 76.5282 71.542206
0 978.6855 -57.307384 103.85748 98.40847
0 1076.9014 87.36517 93.10425 91.6393
0 970.69855 36.684834 89.31708 84.97592
0 831.1783 -80.46366 113.25549 111.01959
0 886.0202 -3.973343 103.67413 109.4976
0 1076.5115 265.64862 105.840454 106.31287
0 889.09735 119.02217 111.44226 110.64557
0 862.29376 97.02166 79.12787 70.6675
0 927.2015 228.04343 109.05084 100.055695
0 758.28046 65.06526 110.84442 93.35936
0 704.0778 11.695223 103.930115 100.950645
0 815.6577 162.26201 102.58472 102.56734
0 625.1612 54.98095 109.91052 102.28193
0 948.39276 363.12656 93.45734 83.07486
0 859.31586 292.7858 114.28357 115.792755
0 702.0726 144.81929 108.4317 102.134384
0 765.27936 305.7531 88.947754 84.37723
0 753.4095 281.41467 62.51941 54.748352
0 798.09094 421.7078 104.59235 94.32773
0 592.0791 136.55219 100.91962 100.27661
0 644.82074 224.6024 101.262634 97.20146
0 668.32684 290.61163 106.537964 102.56259
0 571.8251 211.15747 63.517395 72.30792
0 486.07162 196.0424 106.641266 98.52318
0 700.2784 426.44293 79.874146 80.23886
0 773.95306 532.0264 53.344604 55.084778
0 549.543 275.43832 98.8288 97.72012
0 629.33405 369.67706 83.93695 89.074066
0 688.30054 528.4986 84.350525 78.607666
0 545.14935 341.55502 97.234924 89.64816
0 484.61084 285.08377 68.451965 73.39386
0 563.3093 391.98276 114.62573 114.372955
0 605.15906 465.7647 116.05127 113.65161
0 449.71796 374.49936 111.792175 131.23572
0 400.2782 345.944 79.10925 84.338165
0 523.1002 490.8187 88.88068 91.79855
0 546.0373 618.19617 102.93506 92.46649
0 474.71994 555.8374 139.36594 126.381165
0 304.07877 290.68552 113.61163 111.680084
0 404.09995 524.78754 111.984344 106.493225
0 313.01825 464.2694 127.96829 115.810425
0 415.75726 664.1384 73.63379 73.797424
0 357.6422 654.55383 100.47031 97.89154
