0 562.6461181640625 253.80756 74.14300537109375 67.48682
0 619.8680419921875 171.48177 100.05352783203125 93.0775
0 560.7526245117188 340.18756 89.61090087890625 89.8342
0 658.582275390625 263.1092 85.93963623046875 80.56738
0 741.5835571289062 102.296906 119.91421508789062 111.90726
0 727.7572021484375 200.14449 90.83944702148438 107.68623
0 594.2965698242188 532.1379 89.48980712890625 101.006775
0 733.194580078125 333.04794 105.8892822265625 107.53653
0 779.0162658691406 301.92868 77.47296142578125 64.37311
0 711.0662231445312 456.29675 105.99057006835938 92.75757
0 845.5624694824219 246.22447 110.13491821289062 81.61607
0 890.3942565917969 173.26431 104.31951904296875 98.870636
0 817.1096801757812 362.2269 109.563232421875 105.01834
0 973.3466796875 200.17896 106.41246032714844 95.67145
0 741.2398071289062 606.62885 91.60964965820312 75.42853
0 790.8651428222656 503.00543 120.22567749023438 118.756226
0 911.6712341308594 315.79166 112.01849365234375 99.22034
0 906.4521789550781 498.6976 85.65545654296875 79.858734
0 926.0183410644531 469.38968 67.10110473632812 51.452972
0 877.0662841796875 635.9439 102.1285400390625 86.479004
0 1030.6695556640625 276.49017 95.87319946289062 97.49661
0 989.7520446777344 385.39194 102.71592712402344 94.87198
0 978.7324523925781 460.9177 102.16307067871094 97.927704
0 1095.6141357421875 338.7627 57.69676971435547 75.33096
0 1133.3557434082031 313.1705 66.55252838134766 68.04193
0 995.5966796875 608.7887 75.63136291503906 78.49829
0 966.053955078125 737.7888 50.0845947265625 54.69226
0 1099.861801147461 421.92255 57.864341735839844 64.94656
0 1052.6307983398438 534.25903 60.552276611328125 78.22455
0 1021.0641174316406 716.6559 23.10638427734375 38.490906
