0 1331.5485 337.31647 74.42078 96.46716
0 1342.4279 289.90732 67.43494 53.31662
0 1301.2964 456.46442 86.824585 78.44141
0 1283.8733 187.72134 97.843994 62.90439
0 1279.8221 94.67959 82.35339 86.857216
0 1264.4501 308.9881 77.14661 91.52466
0 1196.7706 78.061966 91.20154 82.68251
0 1244.2128 587.611 77.053345 61.763306
0 1213.9705 462.44257 89.181274 105.72125
0 1199.2645 217.21754 87.223755 83.867294
0 1149.0496 400.94797 72.84802 70.266174
0 1169.8755 361.7604 53.59851 39.808228
0 1098.489 540.95734 88.586914 72.39569
0 1137.538 122.307686 79.934814 89.22581
0 1121.5723 239.37679 80.73572 82.178665
0 1091.8086 325.59378 86.35742 87.29755
0 1090.034 156.64552 44.808105 75.39168
0 1030.6753 107.63658 88.91748 78.72458
0 1041.6163 459.29526 62.742798 72.44638
0 1038.9634 598.6762 41.015503 51.51538
0 1030.2247 219.75163 74.370605 85.807785
0 1031.3997 359.21115 56.25 85.14981
0 973.0335 548.3282 69.9256 63.68805
0 996.33887 284.7151 69.86206 69.86218
0 992.0083 167.97629 51.00049 71.76984
0 970.7177 344.21542 82.150696 101.21228
0 947.7894 441.9249 92.91345 99.131256
0 900.6745 234.29312 79.50647 141.40836
0 900.5361 166.09206 58.801697 81.86661
0 892.3477 391.7172 71.58142 86.31195
0 826.81287 538.7332 90.14032 70.84198
0 805.7554 445.6449 117.624695 97.913635
0 862.7482 69.684715 82.56067 95.51052
0 793.68677 350.16696 83.84979 87.971924
0 759.0713 242.00122 106.76721 89.22781
0 730.2316 474.78952 57.944153 66.4252
0 694.06165 430.7022 80.73895 84.7735
