0 705.185 337.20624 79.91504 68.669464
0 745.5457 216.02473 103.527466 94.02962
0 740.7311 441.07443 90.785706 93.270294
0 819.2494 316.01288 88.37695 78.973114
0 860.56146 91.569855 133.164 110.28238
0 869.48267 211.82536 110.36755 119.77852
0 867.48895 654.02435 83.0387 107.863525
0 940.07355 369.2022 118.1275 109.907715
0 967.8949 317.83252 95.54236 59.85431
0 971.636 520.66516 112.03406 87.46387
0 1024.611 232.1851 133.27124 69.57564
0 1060.0358 127.82481 105.72974 100.08915
0 1053.3486 377.95947 95.11926 97.0477
0 1156.7805 163.96976 13.701782 44.246094
0 1040.5121 696.4138 78.28638 62.142212
0 1078.427 561.1878 53.593628 86.91754
0 1137.3688 298.49933 20.154907 66.687225
