0 -5.6580763 -34.80268 96.30688 88.44669
0 62.235996 -112.87353 101.94479 108.347145
0 -84.130424 70.55627 104.011375 113.12716
0 140.62001 -83.46888 119.66374 114.70064
0 -243.23106 321.68863 77.68895 78.28421
0 -171.16483 225.95844 126.05206 133.99243
0 38.43636 31.090433 116.19479 113.90879
0 -27.60034 227.92258 97.11712 95.3251
0 18.095617 192.01894 67.13305 59.697845
0 -99.394745 370.32162 113.35564 104.46268
0 171.75075 0.9839545 110.96611 115.23235
0 103.92866 106.83785 109.19709 109.42521
0 58.49855 196.79643 116.58119 116.51488
0 230.44016 82.11019 71.4288 86.87585
0 278.45386 57.74721 115.971924 110.166275
0 38.73779 356.72372 87.98039 92.57242
0 -29.672834 487.11673 59.024277 64.164276
0 207.67381 158.56514 102.979996 108.9503
0 121.03634 283.7527 86.20896 100.72092
0 34.19013 474.9871 91.84589 88.19589
0 202.22641 238.94543 94.03641 93.59155
0 310.4046 156.84412 76.19693 86.556015
0 153.49947 297.3203 117.514206 126.79257
0 94.38751 388.82324 127.3241 129.93091
0 280.50787 256.1642 130.43896 161.37204
0 383.239 214.06918 87.53177 99.022095
0 209.61389 398.21353 102.70563 109.38953
0 153.55118 555.9335 115.14786 104.290344
0 200.22118 476.0531 151.16219 140.27362
0 460.81586 146.21716 113.9693 120.66226
0 320.3381 426.22156 114.028656 115.76111
0 409.58405 346.65115 136.91559 127.39755
0 325.30038 588.05975 81.076904 85.07062
0 357.2148 563.5341 110.14908 111.71466
