0 554.3542 281.72452 80.43152 74.558014
0 538.8155 155.4855 104.39795 100.90796
0 472.95532 364.71274 93.513306 97.56851
0 460.2784 227.8551 88.668365 84.25137
0 458.60193 3.8431778 133.21191 119.22183
0 424.67786 113.65567 115.818115 124.991
0 294.4735 522.6572 89.64313 110.21802
0 307.80896 232.66942 119.355804 116.62999
0 335.5696 182.52026 90.93573 67.51323
0 237.55835 364.92862 109.96414 95.12283
0 322.74683 90.22582 90.21039 71.95225
0 342.28955 -10.887563 75.03168 90.137474
0 273.68915 226.54813 60.012543 84.56607
0 195.94609 520.6417 38.031296 53.81128
