0 1352.8458 413.53766 84.201294 83.84662
0 1363.572 375.47382 71.81641 49.690765
0 1311.9475 503.46625 107.35632 74.74866
0 1299.2904 289.327 104.16724 61.39612
0 1296.049 214.18611 87.71924 76.775375
0 1278.6738 383.81055 82.29883 79.46689
0 1207.5793 189.69696 97.12341 75.02655
0 1255.1069 601.8251 85.065674 58.11255
0 1225.0381 498.229 94.99121 91.76904
0 1209.6271 300.90353 92.89075 75.29965
0 1155.9929 439.5355 77.58118 63.05304
0 1178.37 410.78955 57.081055 37.594635
0 1101.9066 543.64386 94.33252 67.017334
0 1144.6167 216.68394 85.13806 78.15895
0 1127.1377 307.56372 85.97681 73.06354
0 1095.1489 371.70905 91.97156 77.706635
0 1093.6442 236.82741 47.74475 62.590958
0 1030.7549 189.19518 94.68945 71.75099
0 1041.5787 470.6159 66.828735 63.132935
0 1038.3384 580.5866 43.689697 44.346497
0 1029.805 278.7347 79.47705 74.84744
0 1030.8619 389.9235 59.929077 71.54846
0 968.33673 531.11975 74.466 57.74164
0 993.5358 324.92343 74.40326 62.300964
0 989.4856 231.57753 54.33191 60.850418
0 965.97754 369.50198 87.505615 87.36545
0 941.49817 443.8303 98.957886 87.45871
0 891.97687 273.0532 84.53296 116.66504
0 891.99713 217.04016 62.641968 69.50601
0 882.69855 395.56595 76.04657 74.687836
0 812.6748 502.53754 95.81506 66.07074
0 790.15753 426.09213 125.25513 90.30759
0 851.83057 135.24269 88.298706 83.35422
0 777.75397 348.17975 89.37518 77.8421
0 741.08966 257.11996 113.7746 82.251465
0 709.99 437.88153 61.717224 57.948944
0 671.30804 397.70935 85.990295 74.986145
