0 715.16552734375 117.8962 75.25527954101562 68.37336
0 775.0408935546875 46.948746 101.9327392578125 94.53227
0 704.423583984375 206.26874 90.83306884765625 89.22641
0 802.6163635253906 136.8461 87.5968017578125 81.739624
0 902.6982421875 -8.043719 120.37969970703125 112.71478
0 871.2695007324219 81.236 106.7047119140625 112.41366
0 715.701416015625 392.1245 96.337158203125 101.037964
0 874.3895263671875 211.90103 108.56658935546875 108.06064
0 926.5166625976562 181.93628 78.33636474609375 66.357635
0 850.2381896972656 328.25046 107.53289794921875 94.94064
0 992.1148681640625 136.67369 110.63011169433594 85.56064
0 1046.5382995605469 69.34722 105.95769500732422 99.95173
0 956.4722290039062 246.64436 110.70681762695312 105.69713
0 1122.8860473632812 105.23317 108.15661239624023 97.584564
0 860.6661376953125 473.04825 92.5933837890625 77.86691
0 919.8028259277344 380.7396 110.95309448242188 113.85654
0 1056.1687927246094 210.1193 113.0538101196289 101.06784
0 1036.3330078125 385.18555 87.27386474609375 81.07703
0 1064.7390441894531 354.3713 63.13883972167969 51.52478
0 998.4753723144531 511.74915 103.40043640136719 88.91809
0 1173.6895141601562 180.4468 98.29919910430908 97.95247
0 1128.7044219970703 280.3336 104.07514953613281 96.18359
0 1109.8306121826172 358.25735 104.29502868652344 99.0784
0 1237.706802368164 249.12296 60.40830612182617 73.72006
0 1276.0747332572937 230.6859 105.04436159133911 93.7372
0 1117.3734588623047 499.62863 77.6614761352539 78.672516
0 1079.412368774414 617.2053 51.63294982910156 54.50183
0 1233.6233673095703 322.06625 96.34291076660156 95.30301
0 1178.4348602294922 431.4555 80.85701370239258 88.91437
0 1134.449234008789 601.0196 82.98677062988281 75.0376
0 1245.8642082214355 389.57114 95.81637191772461 85.23053
0 1325.0720710754395 316.5306 65.82079696655273 73.49893
0 1218.1777038574219 444.09787 118.37324142456055 115.18857
0 1184.4621810913086 530.9479 113.30150985717773 110.4599
0 1333.2444801330566 405.8909 105.6894645690918 134.96304
0 1403.509666442871 364.22537 62.88495635986328 75.157684
0 1292.879813194275 540.4761 75.03472232818604 83.477234
0 1270.1319932937622 677.2635 40.12436389923096 47.810486
0 1300.7318782806396 625.0215 41.029775619506836 46.707397
0 1466.0516052246094 304.01398 35.31986999511719 55.789917
