0 682.5294 -3.5249097 82.83966 87.62946
0 557.9252 -66.19017 113.93176 120.16663
0 728.67523 93.668884 106.01575 110.90993
0 592.5784 45.306168 98.367065 103.65941
0 389.8253 -79.85285 130.30722 136.66039
0 485.94797 7.4218082 122.641205 125.93127
0 817.7043 304.34265 121.69183 126.61191
0 549.0223 151.63512 127.977844 133.64024
0 506.14328 129.72801 81.90048 87.52779
0 644.2428 274.40005 115.89221 123.104065
0 390.13626 100.23479 108.315125 117.342316
0 300.01984 45.2687 117.6319 123.50425
0 489.51434 212.50917 120.67084 126.08009
0 241.37152 105.25962 118.43988 125.41625
0 729.89795 433.80603 96.287415 103.01294
0 601.3548 358.83276 133.88507 139.21872
0 365.38437 202.83017 119.486725 126.32596
0 506.22067 388.29175 97.67276 102.99252
0 478.42358 361.52118 63.67981 68.37909
0 603.13885 519.3857 109.292786 116.542786
0 241.8056 206.46837 115.98303 121.0948
0 341.41006 303.96725 113.4234 119.401764
0 400.76053 380.75107 118.692474 124.75937
0 246.37186 300.82465 83.45114 84.79819
0 163.20738 288.68655 114.10249 121.01706
0 494.47568 539.86084 92.7894 96.65753
0 618.83673 658.0913 63.677063 65.95697
0 264.73407 377.28424 113.035645 118.13895
0 390.9902 481.8124 102.9133 106.0112
0 535.627 660.76935 91.023315 96.354614
0 294.0182 454.23615 103.828064 110.17035
0 191.97063 398.59448 84.78294 87.15631
0 338.27765 512.2082 132.88724 138.69733
0 420.1914 595.4154 131.4859 137.70178
0 203.06808 507.19763 151.39142 152.95435
0 134.20049 478.36606 98.97966 102.07736
0 338.90164 636.3052 106.10794 109.901245
0 432.03183 780.0529 107.14426 114.354004
0 334.13583 712.6826 146.40994 155.92847
0 14.07047 420.2152 130.66626 136.9107
0 235.92131 686.1908 123.971634 130.73248
0 117.07085 623.1701 134.16602 142.95526
0 315.2326 852.56726 77.691864 80.543335
0 274.74072 848.6202 80.83661 82.58734
