0 945.2387 408.46268 79.60443 71.31418
0 1000.5492 307.1317 105.901 97.66708
0 955.23596 502.32675 94.69556 95.85562
0 1051.1681 406.89023 90.62195 83.772095
0 1124.3718 213.11948 131.88574 117.81467
0 1106.2085 328.35995 112.981445 121.727936
0 1023.0373 714.32635 91.449036 107.83887
0 1137.8315 472.72333 123.81421 122.246826
0 1183.2103 431.17786 93.48901 68.56543
0 1142.9498 613.1612 112.659424 95.29352
0 1252.8772 369.23956 126.187744 83.13614
0 1297.3134 275.38187 109.858154 102.9906
0 1243.8173 500.904 115.220825 109.59784
0 1383.3275 301.5283 116.01282 105.33511
0 1189.0067 786.2642 90.84363 74.54907
0 1226.9702 666.0406 132.58203 126.44208
0 1337.8995 439.15503 118.90588 102.15515
0 1349.7026 645.7109 55.431274 71.56055
0 1367.7146 605.46063 49.711792 44.13672
0 1341.9991 811.5343 17.469238 35.601746
0 1462.2556 390.78363 21.33142 54.542084
