0 96.5452880859375 209.98666 61.67724609375 112.79666
0 113.8115234375 138.95236 65.4129638671875 73.23604
0 95.566162109375 348.39883 57.99853515625 57.976593
0 97.0233154296875 465.3065 65.759765625 59.710907
0 101.859375 382.85266 93.114501953125 83.622925
0 154.13134765625 50.382866 93.956787109375 79.75706
0 173.9493408203125 291.79498 96.53289794921875 79.24393
0 227.2808837890625 192.9188 120.9261474609375 80.4216
0 263.48577880859375 395.22684 67.37591552734375 59.84369
0 286.3597412109375 360.8191 90.33660888671875 76.06906
