0 213.2324 -81.85264 86.15007 90.25554
0 139.73251 1.6912498 84.32912 86.22092
0 103.42893 60.73825 90.70783 92.34369
0 255.81941 -12.903544 65.81706 72.59951
0 302.55206 -24.125406 105.69043 99.31478
0 73.31669 188.12892 80.5214 80.74931
0 4.561674 284.69724 54.085724 55.397797
0 236.82826 48.789833 91.07463 92.65389
0 150.99344 139.67418 79.279495 85.13953
0 62.639378 287.13397 83.74725 79.229095
0 223.34917 113.07138 85.8611 83.091156
0 328.69592 64.004845 69.97873 73.76905
0 176.17393 154.72743 107.657 109.73204
0 120.01216 223.84023 116.37648 114.4326
0 294.19086 145.41606 122.59244 135.81242
0 391.12933 123.800606 80.37308 84.496544
0 223.4636 248.23018 96.53577 96.789536
0 167.25047 371.82147 106.8329 97.00009
0 211.8525 312.2237 137.63503 127.45502
0 468.8406 80.32 99.575775 101.323204
0 326.0928 291.90826 103.36725 101.54129
0 411.06345 237.6064 123.62161 114.91597
0 327.27332 424.57135 74.194214 74.27026
0 351.1589 410.62125 100.65204 98.582184
