0 721.0252 222.7536 63.09247 56.683777
0 705.31885 124.8326 84.46149 77.7864
0 655.9941 272.81866 75.80487 76.251465
0 642.45593 170.48134 72.39429 67.046906
0 644.978 1.9665574 104.52258 94.20577
0 618.0827 87.63424 88.04663 95.92707
0 516.99384 380.95273 73.95184 85.562744
0 525.3845 165.63364 98.87402 96.66333
0 548.6386 129.08817 74.065186 55.47545
0 473.2897 258.9992 89.69211 76.56503
0 505.19724 49.594574 98.71597 67.36178
0 524.11096 -27.438732 87.8111 82.3802
0 453.0299 139.79361 92.152405 87.61293
0 453.87177 -48.61036 89.89227 79.22869
0 384.5554 356.60794 72.24426 59.981567
0 372.8553 250.49905 106.0491 101.067444
0 418.9401 56.698513 94.71988 82.02025
0 348.76752 197.35686 66.45056 66.57927
0 369.62973 168.10684 57.581116 41.846207
0 312.77313 313.38446 40.380646 47.490234
0 416.49908 -13.719359 45.7565 65.503815
0 387.75122 85.52244 34.426575 52.057777
