0 296.714599609375 60.564976 45.82098388671875 71.85387
0 395.373046875 -134.2712 81.65704345703125 104.629166
0 331.5145263671875 -37.965637 101.9774169921875 124.28418
0 114.5933837890625 344.91003 107.9195556640625 118.31366
0 309.3824462890625 107.090454 111.4515380859375 121.242905
0 373.4393310546875 66.32674 78.13885498046875 70.96484
0 265.23651123046875 248.48256 108.01531982421875 102.90117
0 454.4783935546875 3.2499053 108.73114013671875 88.61128
0 520.6459350585938 -81.43754 102.379150390625 108.24516
0 393.64715576171875 138.8038 99.50341796875 111.63106
0 594.9857177734375 -54.696312 109.049560546875 106.46634
0 250.7269287109375 413.2387 92.2381591796875 83.06818
0 327.2193603515625 302.6788 114.5888671875 128.79077
0 505.66473388671875 77.76617 105.820556640625 106.56672
0 451.0458984375 283.8566 88.45489501953125 89.23187
0 488.9090576171875 245.28723 61.27813720703125 53.85199
0 388.7977294921875 437.15607 103.3909912109375 95.55719
0 625.206298828125 25.192139 100.9332275390625 109.93501
0 566.5007934570312 144.9277 99.40924072265625 103.16547
0 528.7095947265625 237.70381 106.13818359375 109.75017
0 681.6530151367188 95.41981 64.69818115234375 86.81493
0 722.6978759765625 61.83001 105.70663452148438 101.923485
0 512.61767578125 400.61188 79.999755859375 88.691345
0 455.610595703125 543.22266 53.6209716796875 62.09259
0 658.7263793945312 175.415 96.67877197265625 105.857315
0 585.4537963867188 314.22205 78.18243408203125 99.56152
0 513.7596435546875 517.08466 83.70404052734375 81.921326
0 661.2779541015625 256.40894 85.6212158203125 88.03183
0 753.8797607421875 154.5163 69.1483154296875 84.87756
0 618.9971923828125 322.19128 106.781982421875 122.42688
0 566.6807250976562 421.65936 115.86126708984375 123.24927
0 732.364990234375 253.9287 115.89346313476562 161.04921
0 823.3578491210938 197.39615 79.44857788085938 96.996826
0 672.9910278320312 412.04056 90.9788818359375 104.198944
0 625.7310180664062 577.9754 103.0867919921875 93.92554
0 666.7247314453125 490.45767 137.85324096679688 128.6539
0 887.8421936035156 116.72645 108.08074951171875 118.573296
0 771.8450012207031 418.31146 104.5673828125 109.953674
0 850.2549438476562 325.90698 125.85494995117188 117.38782
0 778.5607604980469 582.57446 73.72763061523438 81.4314
0 812.4799499511719 548.9355 100.24728393554688 105.7525
