0 736.9561767578125 123.87037 69.17071533203125 60.164223
0 740.1972045898438 16.784163 92.0791015625 82.62429
0 791.0672912597656 184.18687 81.81561279296875 81.524
0 821.0635986328125 72.632965 78.83523559570312 71.06691
0 798.3959655761719 -114.29691 114.56729125976562 99.69481
0 838.3585815429688 -17.386927 95.61553955078125 103.50922
0 940.3117980957031 313.1537 78.213623046875 92.368744
0 924.4056701660156 75.0327 107.11921691894531 103.47452
0 930.3068542480469 33.96908 82.3936767578125 57.50382
0 984.3482666015625 182.0878 98.53388977050781 80.51251
0 958.9205932617188 -50.432346 111.22575378417969 69.150764
0 958.4323120117188 -137.66429 95.48382568359375 87.42398
0 1017.0237121582031 52.283714 100.05075073242188 93.090385
0 1037.8543090820312 -154.9966 98.42335510253906 83.58105
0 1094.0810241699219 296.88898 79.58992767333984 62.89273
0 1080.0127410888672 179.20685 115.10636138916016 107.409454
0 1061.2073516845703 -35.878708 103.9008560180664 86.36461
0 1158.7935485839844 126.39318 59.81443405151367 68.18351
0 1148.4282684326172 91.861694 55.817161560058594 40.789764
0 1218.7592239379883 260.54504 28.331707000732422 41.128906
0 1126.307846069336 -111.582695 37.01380920410156 69.35121
0 1164.475959777832 2.1056304 21.58631134033203 46.593002
