0 485.3657 -5.4346232 76.6221 67.56117
0 547.43353 -84.80122 103.5683 93.59651
0 479.9411 82.105194 91.7431 88.850555
0 582.3491 8.121656 88.95007 80.9885
0 684.47394 -138.83455 112.296875 107.658516
0 651.0978 -51.420948 98.16736 109.06378
0 494.6881 267.13553 103.22363 103.93948
0 656.918 78.48431 109.49451 107.72999
0 708.77203 47.663925 80.30023 65.08169
0 634.40314 199.94371 109.79419 93.540146
0 777.53046 -0.6735034 114.29016 83.01767
0 834.21454 -70.769 103.07599 97.33356
0 745.3102 106.84999 101.16321 100.45009
0 913.354 -40.462986 110.19623 96.355804
0 646.5564 342.012 94.95654 76.29898
0 709.6391 251.12016 111.53589 113.83986
0 850.2221 67.51112 108.68927 96.98848
0 828.25635 243.58272 88.66199 80.29607
0 860.1209 213.22113 63.857605 49.88333
0 795.8318 373.06058 105.83331 87.34857
0 968.27344 34.14305 99.13037 97.671295
0 926.48444 136.52681 100.846985 93.17859
0 907.51044 210.36967 105.71222 98.342606
0 1036.0591 100.11268 59.426025 74.76746
0 1076.5024 76.23728 107.149536 92.45396
0 920.2727 352.59665 78.17633 78.566345
0 885.8097 472.86557 51.732727 54.629364
0 1032.8928 168.71637 97.2312 94.95529
0 981.0592 279.1484 80.61975 89.43576
0 941.02045 457.48865 84.52423 74.10559
0 1046.5739 236.8563 97.757935 84.03192
0 1129.4642 159.98549 65.50403 74.02429
0 1021.29517 293.5817 112.439575 111.62668
0 988.0042 379.02615 114.529236 109.9155
0 1140.4741 247.72733 103.310425 137.33536
0 1212.8125 206.70624 76.309204 85.02963
0 1100.403 383.27826 86.171875 91.05344
0 1079.3204 523.6644 104.27075 85.42554
0 1108.1597 450.12985 140.79614 117.39053
0 1268.3856 135.83148 112.41443 108.38435
0 1201.3107 398.97894 112.05884 101.68561
0 1268.289 321.03214 129.35364 107.441284
0 1246.767 538.4874 72.12427 72.17853
0 1278.2047 521.3508 99.31799 94.44263
