0 1188.8202 -129.67032 84.15088 95.668655
0 1256.433 -24.114435 82.98633 90.13406
0 1280.5056 46.095486 89.37866 96.29285
0 1160.587 -64.168526 63.23706 79.11015
0 1071.4261 -85.78482 106.53296 98.52117
0 1308.828 189.69154 79.69507 83.45747
0 1396.5076 309.3558 53.196045 57.971924
0 1146.6365 4.9454384 89.75842 96.57785
0 1237.0577 119.94417 76.83862 91.4772
0 1305.9524 298.65878 84.260864 78.94809
0 1158.9283 78.109856 85.849976 84.01612
0 1074.7411 2.8531494 68.22339 78.4628
0 1180.0018 129.22081 106.041016 114.50607
0 1220.3091 215.28471 115.8385 116.86577
0 1047.17 89.58415 117.61731 148.32156
0 994.90765 52.31848 78.42328 89.73772
0 1134.4916 220.40486 95.55066 100.023636
0 1167.2168 366.2179 108.663086 93.99078
0 1095.7395 290.52072 139.27454 125.19861
0 900.3915 -11.609277 98.13074 105.62693
0 1019.19055 245.1481 102.91821 103.63779
0 916.8887 169.35739 124.96765 113.17456
0 1035.643 388.43008 73.471436 76.678375
0 984.94086 366.74023 100.29901 100.43344
