0 1318.2471 649.64307 80.358765 82.4079
0 1340.7065 404.52927 114.87048 96.391754
0 1347.0015 325.84894 108.89795 104.756134
0 1289.1696 494.99536 103.77539 104.04297
0 1255.3937 259.18716 117.84497 107.89389
0 1221.9163 714.02277 91.50098 82.23175
0 1197.5574 595.81213 120.28345 120.437744
0 1232.2429 377.76166 113.677734 106.06485
0 1140.8679 499.85284 94.98706 88.7168
0 1177.8945 475.80725 67.47339 58.134033
0 1055.4757 586.6311 112.85925 100.047
0 1176.2184 260.97562 106.688965 104.62756
0 1137.5011 348.374 106.14563 100.90738
0 1085.8035 403.85165 113.41406 107.57132
0 1117.0392 260.35034 64.95703 73.88718
0 1057.4968 182.75557 114.5105 104.05852
0 1004.16064 483.90656 84.232056 83.57233
0 978.44104 597.33307 55.907227 57.12793
0 1034.46 277.5152 99.2594 98.66025
0 1008.7531 395.3278 79.60675 87.0477
0 909.5683 516.28204 90.41327 82.90045
0 985.862 310.08722 91.59625 86.56726
0 1001.4225 209.68767 71.083374 75.66707
0 939.26544 347.87906 111.5777 113.240234
0 894.4751 415.4456 123.0813 118.86423
0 869.97174 217.70583 117.21509 135.9463
0 893.9558 154.01752 81.77753 86.71205
0 841.3314 338.5223 97.286255 97.82526
0 740.7339 420.0559 114.62256 100.33264
0 729.9744 332.18927 150.21625 133.91461
0 866.69147 51.412785 110.081116 109.49896
0 734.6087 244.05583 110.61786 106.27684
0 715.44446 132.02142 136.23749 121.64812
0 640.8261 307.5248 77.692444 76.89218
0 604.5969 251.26488 106.68036 102.47508
