0 286.47509765625 -161.84172 65.3021240234375 85.15637
0 334.53021240234375 -192.04774 107.2237548828125 101.32905
0 113.3419189453125 127.90777 75.6748046875 85.30384
0 47.5877685546875 261.74652 51.3082275390625 59.95346
0 271.6611328125 -89.6359 90.71954345703125 101.51429
0 188.8363037109375 43.700863 77.514892578125 97.19878
0 105.7119140625 244.52629 80.5831298828125 79.504074
0 258.8544921875 -9.269094 86.77728271484375 87.2602
0 364.93218994140625 -100.251335 69.8988037109375 83.52399
0 212.4525146484375 47.99607 108.055908203125 120.79481
0 159.53857421875 146.64612 117.370849609375 121.98648
0 335.12158203125 -8.486216 122.06719970703125 160.03436
0 430.92144775390625 -54.517246 80.312744140625 95.45883
0 265.18316650390625 141.16486 97.66607666015625 105.26224
0 212.708984375 303.665 109.31573486328125 95.680084
0 256.2606201171875 216.68199 139.88836669921875 128.10475
0 509.43963623046875 -131.34575 98.9119873046875 110.72314
0 372.04315185546875 157.37917 104.08251953125 108.06694
0 456.22027587890625 67.57653 125.34088134765625 115.84449
0 378.683837890625 310.13525 74.6483154296875 80.46869
0 401.6817626953125 284.2126 101.56005859375 104.69635
