0 946.4041137695312 293.70438 72.5699462890625 73.41867
0 1020.3767700195312 234.07153 98.67875671386719 100.11612
0 910.0366516113281 372.85696 92.21597290039062 94.59927
0 1024.8323364257812 328.4229 85.06561279296875 86.40039
0 1146.0450592041016 202.68135 120.46499538421631 122.04494
0 1089.4273681640625 290.61453 108.13042449951172 112.487885
0 870.2398071289062 567.0955 96.700439453125 100.8902
0 1051.6549072265625 413.33652 117.98551940917969 120.48776
0 1120.018295288086 391.1781 79.5701675415039 78.75552
0 1007.597900390625 525.51587 101.69439697265625 102.26752
0 1197.0114288330078 366.61755 101.16449546813965 99.098236
0 1255.3213729858398 311.5345 103.78084564208984 105.575226
0 1124.5401000976562 471.29056 109.57117080688477 111.647064
0 1315.357006072998 362.63992 103.33862686157227 104.3273
0 984.0233459472656 678.7607 82.10617065429688 82.17389
0 1042.6103973388672 600.0307 125.36921691894531 127.882996
0 1225.7746887207031 453.00818 108.05636978149414 108.85492
0 1157.4355697631836 623.28516 84.56892395019531 85.827515
0 1196.1607131958008 595.5668 61.131656646728516 60.285156
0 1086.2000885009766 743.76154 86.98237609863281 87.84094
0 1334.3539810180664 450.77448 95.01367950439453 97.80676
0 1268.1667280197144 539.175 87.7957353591919 90.520996
0 1230.2677307128906 613.4463 72.55853080749512 76.56427
