0 1029.7448 -214.8352 94.24487 97.145706
0 1130.8086 -109.02131 89.276245 91.417694
0 1197.3413 33.58997 80.6438 79.70969
0 1183.6538 3.213916 66.382324 55.850895
0 1232.0544 153.9507 110.489746 96.49817
0 976.01105 -146.71764 115.73688 109.68445
0 1047.5051 -60.11824 115.00586 105.20476
0 1071.449 14.223929 122.869995 112.106415
0 950.09186 -66.364944 70.91901 79.310814
0 846.1628 -80.50014 123.85535 107.58931
0 1103.39 157.66719 91.41858 87.78757
0 1196.3502 265.4037 60.74597 60.29895
0 927.35474 1.3352078 104.14038 101.64602
0 1025.1307 103.09858 86.75745 92.88801
0 1089.5309 265.79248 97.813965 85.85266
0 934.50226 72.47679 99.2193 90.15848
0 844.3032 15.226195 77.37683 80.407684
0 954.4859 119.71824 121.220764 119.41384
0 994.7835 196.00493 133.43756 124.27467
0 803.5277 105.42186 130.6817 147.79349
0 745.1135 79.10808 89.002625 92.087845
0 894.4442 220.49762 108.44391 104.56799
0 919.8601 356.6629 126.15686 104.31384
0 839.99164 290.83234 162.35944 137.95001
0 638.40485 29.405005 114.352844 111.666466
0 756.0738 264.6528 118.97131 110.489685
0 641.20044 203.72304 146.07202 124.68498
0 765.2836 410.89136 84.3125 80.73605
0 704.23926 394.65796 115.6322 107.037994
