0 242.60515 301.69955 40.723434 50.088654
0 243.36383 182.30649 85.77551 72.32068
0 258.29926 368.86395 62.773254 71.263214
0 318.30338 252.53818 63.383423 62.371216
0 352.932 70.64001 78.77429 85.235146
0 358.36423 162.49962 70.54465 95.01283
0 334.24866 525.25696 83.30237 86.1156
0 406.63593 280.61005 86.637115 87.91342
0 426.4742 237.6015 69.937256 46.29361
0 424.09595 404.76212 93.54443 69.24124
0 475.4348 157.08258 103.974976 53.34529
0 510.30206 69.29886 81.64331 77.33121
0 502.0577 275.74527 75.137726 82.179016
0 593.947 60.349392 92.749756 72.7224
0 494.95096 534.24915 83.01761 53.870667
0 526.7436 415.76135 86.37616 94.895386
0 574.302 190.0193 87.872314 74.13234
0 624.74835 362.3473 73.351135 62.126007
0 627.69977 327.12244 56.043762 34.33893
0 643.0037 496.88657 91.46521 63.066986
0 673.6832 108.11123 78.38159 79.76414
0 674.73785 217.4673 80.54596 72.9691
0 685.28107 297.19543 86.259094 77.47308
0 758.95447 140.28494 39.530884 68.97948
0 779.2429 98.14783 90.75464 69.096344
0 747.85187 425.61926 61.10492 64.91437
0 758.23926 554.7669 39.222412 46.400208
0 779.4024 205.14955 76.69977 77.11388
0 781.7552 334.1143 51.273743 77.51489
0 805.866 509.83447 71.06146 56.038696
0 819.4904 264.8254 69.91461 61.94751
0 857.6419 156.54659 47.43225 65.08479
0 827.749 323.41644 78.91235 91.07333
0 825.39404 414.8469 91.903625 88.333496
0 923.41095 224.11679 65.75238 129.538
0 954.398 159.21698 54.840515 74.19748
0 921.5129 371.01892 65.758545 77.38666
0 952.2397 510.84058 90.76886 61.33789
0 959.3448 426.5844 121.13617 85.44891
0 979.6221 73.84891 86.013306 87.00041
0 1020.80914 337.2241 84.30377 78.350006
0 1049.1859 240.37456 111.292725 77.961105
0 1104.5334 460.58722 56.515015 59.490234
0 1130.4113 417.36905 80.09961 75.460236
