0 518.4385 418.01135 73.00055 57.51828
0 564.3943 340.1949 97.93201 79.71057
0 539.1654 496.28235 85.529724 77.37024
0 622.7371 419.73544 83.92505 69.05173
0 680.8174 269.21988 116.35858 95.641266
0 672.1417 352.3095 98.82617 99.08017
0 616.5431 665.1112 83.32147 88.42255
0 721.0238 475.6441 100.88971 93.11102
0 754.4445 444.63315 78.17511 54.24649
0 722.1353 588.0627 105.52203 78.76312
0 812.2606 390.263 114.14929 67.51596
0 850.17456 320.02298 101.539 84.8678
0 814.3788 495.4842 106.29492 90.27911
0 941.00214 338.94623 105.16644 81.54526
0 780.5008 720.8877 92.640076 63.472107
0 819.82477 623.1875 111.74121 101.52417
0 902.2549 446.83215 111.16138 84.39453
0 933.56805 611.5261 83.78589 68.411316
0 943.37756 583.41754 67.66034 42.47174
0 932.37476 735.9695 102.56055 73.081116
0 1018.8706 401.83728 91.30798 84.439545
0 998.7568 502.34256 100.74396 81.16104
0 1004.3043 572.4988 99.1145 84.1839
0 1100.3716 451.32764 49.871338 66.97046
0 1132.8025 428.45074 94.001465 74.608826
0 1052.8812 702.53564 71.545166 68.14429
0 1045.0071 818.7995 46.55493 47.763184
0 1120.4482 520.795 86.013794 78.18445
0 1097.9884 630.38116 71.25696 78.75812
0 1095.8108 797.12506 60.82898 54.82843
0 1150.4049 589.978 51.73059 54.44348
0 1207.0094 517.00366 12.924438 32.9964
0 1143.5896 634.3664 48.272827 80.47925
0 1141.2153 722.41437 30.908447 43.61786
