0 1194.8114 570.2668 92.25281 88.925354
0 1232.7086 440.807 74.3634 88.243225
0 1158.3505 652.80536 98.53186 105.74884
0 1107.0471 730.9 112.79248 124.30298
0 1088.9878 475.76855 139.6123 172.81824
0 1120.8033 396.92267 91.63953 103.889984
0 1058.3052 655.14056 107.8457 113.90259
0 948.358 792.5325 129.28241 109.76788
0 949.387 681.5474 159.45258 143.16962
0 1101.7382 273.7761 112.416016 119.388245
0 948.3641 566.07996 119.54047 119.55316
0 936.0098 425.4157 143.50812 129.64581
0 848.3178 672.6988 85.907166 88.75311
0 816.9032 621.7372 115.99475 115.60828
