0 834.77795 327.0788 68.08746 58.304504
0 800.88885 218.06357 91.56055 81.40732
0 773.67267 394.13052 79.85907 78.86151
0 738.19574 278.2376 78.509705 70.59482
0 716.0402 96.822044 94.18634 94.4067
0 708.8383 187.4049 78.57831 99.39145
0 649.5438 531.5507 91.56952 93.81879
0 622.33777 287.2687 94.9599 96.0408
0 633.1868 245.48946 72.53827 54.590073
0 577.1016 401.2589 98.24567 79.82538
0 570.99615 158.5739 105.26697 66.76579
0 573.44 71.221695 88.56769 85.38513
0 550.7908 264.85806 83.34845 88.82004
0 488.79636 49.281097 98.09036 82.931564
0 506.5405 514.0996 85.936066 63.80597
0 485.12094 397.6115 95.88583 102.50003
0 483.83618 172.75691 93.80597 83.438034
0 425.17404 332.76892 78.34503 69.8768
0 445.239 299.62595 57.667572 41.18039
0 363.58514 452.00916 95.288055 73.74036
0 416.4024 82.07982 85.94928 87.10091
0 394.138 187.54494 86.82251 81.14748
0 363.8067 256.03815 92.868774 86.278595
0 369.51367 107.099724 48.14853 70.67031
0 306.41888 54.021095 95.62677 79.22816
0 306.34003 371.5462 67.46219 70.4494
0 296.0014 495.55206 44.0932 49.621582
0 299.49753 155.34357 84.482574 84.48877
0 296.43512 277.25864 65.97812 81.80472
0 228.33336 441.28003 75.206955 63.838104
0 253.89388 205.62985 84.26976 71.227844
0 264.2391 104.23827 54.820435 68.35203
0 225.3885 258.03043 95.07185 99.25131
0 203.4861 344.64066 99.91261 97.30972
0 159.23466 150.34706 82.17322 131.22588
0 160.53737 86.83351 63.20694 78.04875
0 142.71051 291.89902 73.4348 82.71973
0 68.24544 417.0869 94.01532 71.94031
0 46.892044 330.43973 126.52028 99.450165
0 122.46526 -4.196734 94.94195 95.3908
0 36.111088 240.75949 94.39879 87.500244
0 4.891351 138.92058 116.32314 90.90259
0 -34.334904 344.7872 62.303192 64.64789
0 -77.00791 299.3481 86.824814 83.3905
