0 79.603515625 117.20078 91.5042724609375 92.158745
0 101.9443359375 247.42662 85.291015625 86.543564
0 189.38818359375 397.23416 73.9359130859375 73.52911
0 176.3873291015625 366.0159 57.444580078125 46.718292
0 245.5479736328125 510.6879 92.49310302734375 81.00711
0 150.4267578125 140.24922 91.0321044921875 93.44362
0 180.225341796875 242.49495 90.5208740234375 88.06404
0 217.707275390625 313.39563 96.7152099609375 93.715454
0 233.1209716796875 159.62334 55.59039306640625 72.59392
0 243.4390869140625 99.05085 97.5771484375 87.60534
0 312.11676025390625 419.58334 71.89654541015625 75.275604
0 356.3470458984375 545.2108 47.741455078125 52.5166
0 275.40234375 199.65407 82.5799560546875 88.115036
0 312.063232421875 326.38882 68.07135009765625 83.5672
0 386.58837890625 483.93802 77.05517578125 70.309906
0 320.48565673828125 251.13837 78.10491943359375 75.209076
0 327.766845703125 143.43033 60.74993896484375 71.444336
0 341.4774169921875 298.80862 95.26849365234375 103.61856
0 370.485595703125 381.2318 104.99334716796875 104.97647
0 397.3941650390625 182.41513 101.8939208984375 135.6485
0 409.07989501953125 119.32971 69.88397216796875 81.6707
0 436.9219970703125 320.83722 84.71392822265625 89.61319
0 507.686767578125 436.45615 99.011474609375 82.35672
0 485.94818115234375 347.90857 127.9610595703125 110.929504
0 410.16510009765625 21.624115 90.909423828125 97.077805
0 518.6278686523438 258.22086 93.80328369140625 93.27588
0 513.2131958007812 150.16165 115.35321044921875 100.624146
0 624.9111938476562 350.9512 66.30474853515625 69.13315
0 629.6318969726562 306.2239 90.99005126953125 90.13141
