0 -37.7041015625 314.84976 102.417724609375 98.51709
0 5.297119140625 429.58914 82.1048583984375 93.477936
0 163.0938720703125 734.3729 57.6085205078125 66.29175
0 48.38427734375 475.00104 93.0821533203125 89.40381
0 56.9810791015625 352.0511 73.7921142578125 81.926544
0 67.015869140625 530.6331 114.8154296875 120.420044
0 117.0091552734375 613.12085 125.543701171875 123.890625
0 134.3756103515625 382.75635 128.7611083984375 154.31818
0 148.252685546875 314.0837 84.8316650390625 93.75116
0 185.04833984375 534.5785 105.39031982421875 106.58142
0 274.87799072265625 652.5278 119.5853271484375 102.51691
0 243.2640380859375 553.57306 151.17694091796875 134.71515
0 148.0301513671875 199.52142 102.7515869140625 108.7832
0 281.5257568359375 451.83942 110.9222412109375 109.55817
0 269.25042724609375 325.79965 134.837646484375 121.226105
0 406.7529296875 539.6145 79.58807373046875 80.95532
0 407.35528564453125 492.73315 108.7138671875 106.56879
