0 133.4434814453125 451.20175 104.6622314453125 104.57022
0 135.78857421875 406.8251 81.2645263671875 64.03595
0 178.5718994140625 548.7247 121.56591796875 96.231445
0 162.05859375 303.40778 116.1343994140625 81.40613
0 170.723388671875 216.17493 101.875732421875 95.49762
0 220.6650390625 409.91272 96.92498779296875 97.6387
0 254.0782470703125 177.3292 111.174072265625 95.010925
0 275.94976806640625 655.84827 96.12939453125 75.053894
0 281.9139404296875 533.69354 111.7249755859375 112.68756
0 272.8226318359375 305.27103 106.90557861328125 94.67764
0 367.5784912109375 457.01807 89.312744140625 79.24945
0 360.7672119140625 426.45737 64.28497314453125 48.863556
0 424.01495361328125 569.3871 107.027099609375 85.99042
0 339.16510009765625 200.40398 99.4705810546875 96.60225
0 370.9208984375 302.4159 99.5048828125 91.25394
0 408.8824462890625 371.60968 106.36029052734375 97.128174
0 437.71173095703125 216.46619 58.83416748046875 74.33429
0 449.6141357421875 153.5398 108.1610107421875 91.13042
0 508.2943115234375 477.86633 78.3690185546875 77.74298
0 552.5547485351562 603.0379 51.730712890625 54.118286
0 479.6790771484375 256.51978 93.44024658203125 92.31055
0 515.5181274414062 384.29245 72.70721435546875 85.76495
0 589.0904541015625 537.20526 85.27435302734375 73.0802
0 531.7965087890625 304.12317 85.95196533203125 77.97061
0 543.4983520507812 196.72333 65.263427734375 73.43939
0 554.4597778320312 352.5603 103.38079833984375 106.84665
0 579.7581787109375 434.5355 115.06591796875 108.642914
0 623.8983764648438 233.35669 104.91717529296875 137.81686
0 639.0711669921875 167.38367 75.14288330078125 83.98079
0 661.3389282226562 371.16486 89.4222412109375 91.44211
0 732.4812622070312 484.18777 108.20135498046875 85.12332
0 714.7775268554688 394.1335 142.32623291015625 115.59894
0 643.607666015625 68.639046 103.934326171875 102.85786
0 754.6371459960938 302.94223 103.80413818359375 96.91492
0 755.6755981445312 193.68515 129.41259765625 105.27753
0 871.110107421875 396.73 72.31698608398438 71.41501
0 881.9580993652344 345.61374 99.82284545898438 93.31879
