0 1153.2277 318.31848 66.44971 53.717377
0 1083.8345 235.928 89.293335 75.00545
0 1129.4492 395.7942 77.693726 72.69226
0 1050.4282 313.98343 76.5459 65.04636
0 960.05896 165.60023 94.27905 87.59552
0 986.572 247.97523 82.92615 93.16179
0 1074.6075 557.41595 87.196045 86.12164
0 952.0142 363.13687 92.31891 88.53357
0 937.2121 329.8957 70.989075 50.258392
0 951.8226 476.41745 96.00067 73.51846
0 849.1801 275.47037 103.32037 61.40854
0 821.0241 202.43446 87.40759 78.94722
0 875.9294 374.20206 83.89722 82.5163
0 736.5878 216.83614 95.76831 76.39311
0 932.0028 601.66516 84.120544 58.730408
0 873.9073 508.58112 93.0813 94.506836
0 778.4125 322.96466 93.28082 77.25299
0 788.90436 484.0602 76.3996 64.38254
0 788.00653 453.57608 56.782043 37.96335
0 780.17975 604.616 93.202515 67.89856
0 685.4603 274.19046 83.55463 80.29306
0 705.2622 372.46378 85.91913 75.06299
0 705.62524 440.55865 90.476685 79.50812
0 651.62805 322.5987 46.26123 65.22168
0 571.8955 294.60266 93.40344 72.975006
0 697.311 565.91974 65.53052 64.950195
0 734.2483 679.6095 42.741516 45.76007
0 606.74255 383.39838 82.15674 77.881226
0 652.0662 489.7662 65.592285 75.844025
0 654.29224 656.01733 73.42023 58.80597
0 581.8838 443.24792 85.300415 66.245056
0 551.57166 361.13214 52.973694 63.053467
0 582.4298 495.66245 94.566345 91.96744
0 596.9836 577.1047 97.22717 89.69043
0 491.47574 433.39166 78.68741 121.133606
0 457.62234 388.76553 61.09671 71.99643
0 521.1005 563.5817 71.19098 76.28473
0 498.9732 693.5339 91.97797 66.23743
0 449.83038 621.7694 123.71277 91.57849
0 383.5889 316.227 94.45984 88.380554
0 401.46222 560.5503 95.51465 81.37445
0 335.40952 481.08032 113.75516 83.70508
0 375.85373 679.5303 60.529602 59.600098
0 323.41583 657.0957 84.51849 76.84833
