0 242.62242 61.918888 83.673965 76.34357
0 238.6248 -46.373817 109.389084 101.87721
0 150.97687 106.91282 98.98796 96.02215
0 154.70667 -12.107618 92.81377 85.781075
0 175.72615 -197.01361 138.07509 123.98393
0 128.98885 -114.8306 122.85248 121.35294
0 -43.062977 183.6662 97.13809 102.6416
0 1.8412348 -53.039333 125.353615 117.51213
0 39.73493 -90.071266 92.743225 75.99187
0 -78.869385 32.549442 113.89395 100.444595
0 25.047943 -177.1461 103.505264 84.65318
0 52.10432 -253.12624 92.88463 91.65973
0 -41.75201 -80.044525 79.80922 85.44814
0 -147.88452 139.9827 54.694046 55.62227
0 -103.03912 47.76255 36.4731 51.94603
