0 1312.764 -97.47328 87.35022 101.71812
0 1342.1045 -9.0951605 95.49011 120.556435
0 1474.4099 387.56503 88.07312 106.808105
0 1302.338 134.65857 115.80847 116.635254
0 1279.1516 89.79797 88.511475 66.37274
0 1310.1573 278.31668 119.852905 97.019745
0 1158.1052 20.704199 128.45435 81.23939
0 1115.8967 -71.224525 108.0094 103.70852
0 1201.9215 157.22672 101.62891 107.84592
0 1004.4364 -51.206097 119.65735 100.77915
0 1295.3718 440.83432 104.84485 77.568085
0 1207.3768 324.5775 116.927124 124.45764
0 1073.604 87.48378 114.42297 101.37511
0 1095.0358 295.66925 95.5636 84.897705
0 1096.615 255.14687 70.34985 50.075943
0 1098.5812 451.81793 116.25183 89.64221
0 953.0507 22.515455 104.81915 105.7776
0 986.4457 146.43985 105.89722 98.57457
0 991.18964 241.66951 113.272766 104.80983
0 907.3106 87.54205 58.677612 85.737656
0 810.29956 51.03822 116.65515 96.28641
0 990.01355 403.56223 82.26929 85.54739
0 1047.5322 549.9032 53.76416 60.24231
0 864.3064 167.60895 99.126465 101.70334
0 932.9358 310.79993 73.69141 97.74042
0 943.30383 518.7706 91.742065 77.57538
0 848.09235 247.91818 91.63867 83.99759
0 790.2712 139.06203 66.831665 82.95807
0 851.08215 314.5284 107.69696 118.631714
0 868.5899 417.6986 121.85565 118.19092
0 723.14484 234.9951 102.92938 159.8189
0 676.3301 174.09247 77.05963 94.74054
0 773.5201 398.51648 92.58307 101.121796
0 757.05066 567.10767 117.23999 88.04047
0 690.7141 475.73923 154.35242 120.888214
0 585.45856 87.9077 110.477295 113.66875
0 630.1701 395.60358 110.38696 105.204834
0 535.06036 297.10492 140.62628 110.20563
0 606.3763 556.2482 75.9787 78.50415
0 541.6521 519.87213 105.89575 101.28967
