0 163.3931884765625 549.3468 40.0516357421875 49.025574
0 82.601806640625 404.36075 85.5635986328125 98.258484
0 187.9027099609375 596.282 72.947265625 90.06537
0 171.9639892578125 451.02292 72.6014404296875 84.296295
0 101.455810546875 247.44907 95.9254150390625 113.09244
0 151.61474609375 340.4099 98.1690673828125 121.108765
0 321.49493408203125 710.0138 102.29345703125 117.869385
0 249.033935546875 431.85086 105.52679443359375 120.99844
0 241.0582275390625 385.97974 72.3048095703125 73.904816
0 326.78704833984375 546.0284 100.5203857421875 105.88983
0 236.7906494140625 270.55417 99.39898681640625 94.95154
0 216.2950439453125 177.14305 96.5635986328125 108.7101
0 317.102783203125 391.50415 94.61993408203125 110.65643
0 274.2591552734375 128.63147 101.79736328125 108.92107
0 445.47021484375 651.3602 85.261962890625 86.68451
0 408.54815673828125 517.9901 108.99420166015625 127.61676
0 326.91717529296875 269.4858 99.17828369140625 108.236755
0 453.130615234375 428.23566 82.91632080078125 90.58563
0 436.61688232421875 397.98468 56.4874267578125 56.556976
0 536.9075317382812 548.5645 95.8702392578125 99.079346
0 357.26214599609375 149.72404 95.59033203125 109.68825
0 414.8631591796875 258.58112 93.53009033203125 104.04727
0 464.52276611328125 332.19247 99.81329345703125 110.78006
0 436.621826171875 162.69383 63.2279052734375 83.02399
0 431.38946533203125 90.33442 98.53076171875 104.59147
0 576.9547729492188 445.69778 75.9473876953125 88.14316
0 650.9549560546875 580.3843 51.2216796875 61.138123
0 486.53936767578125 204.0536 92.8408203125 106.28752
0 554.3331909179688 343.66608 75.765380859375 96.16693
0 663.9812622070312 502.30988 78.161376953125 83.76111
0 546.8756103515625 250.25775 80.45867919921875 88.97427
0 518.7049560546875 134.55019 66.62969970703125 82.58064
0 583.4295654296875 302.66275 101.85552978515625 120.80307
0 629.5533447265625 390.31534 109.36956787109375 123.6091
0 602.7008056640625 169.00256 113.04730224609375 152.4556
0 592.021484375 94.196915 76.4864501953125 94.464294
0 677.4279174804688 316.80594 85.8179931640625 102.211334
0 773.4924011230469 434.2054 94.62872314453125 97.21384
0 735.7593383789062 334.2162 127.97482299804688 133.07355
0 567.4458618164062 -15.174105 104.30450439453125 119.6015
0 734.3375244140625 233.7822 98.86965942382812 110.76907
0 705.8673095703125 112.98806 117.22866821289062 121.694466
0 859.592041015625 334.19955 69.95626831054688 80.99417
0 856.9174499511719 270.7883 94.5186767578125 106.250946
