0 919.4067 274.0615 71.16553 74.15408
0 943.3268 167.28676 97.61499 101.89354
0 819.4117 312.5547 90.16095 94.57532
0 868.19543 195.0374 84.21155 87.94954
0 945.0301 14.492963 115.275696 120.47131
0 875.3209 93.5593 109.270935 115.39629
0 634.0737 384.47687 100.16699 105.612854
0 755.50183 150.14203 108.65582 114.10257
0 812.7081 113.5247 71.03204 73.56252
0 663.8308 228.9503 99.9447 103.88252
0 814.81525 11.5662985 95.13196 97.723366
0 854.9324 -67.63407 102.23541 106.892166
0 706.85223 92.59128 107.16254 112.187164
0 805.48846 -120.29109 101.85443 106.067375
0 545.91534 298.9477 83.591736 86.51459
0 583.45294 186.821 113.22919 119.20766
0 720.1344 -14.7801 105.4057 109.70439
0 586.10974 103.348076 83.67157 87.35224
0 638.1229 81.874214 55.9317 57.737297
0 466.8251 185.51721 94.59543 98.095856
0 726.93555 -124.40786 98.44983 103.39407
0 644.94073 -40.452675 99.10602 103.440704
0 575.2112 11.938513 101.38086 106.04315
0 679.1221 -123.26138 69.09839 73.76698
0 658.7821 -196.0036 98.26318 102.22962
0 466.73465 90.233505 78.60208 82.66368
0 393.39996 198.05916 53.654053 56.619095
0 585.6716 -110.06684 96.045044 100.8065
0 507.00354 0.35921976 86.29309 91.365776
0 370.00168 120.18711 78.25455 81.50663
0 528.5751 -87.514725 89.45807 93.04332
0 595.8226 -173.26443 70.95215 75.21642
0 454.79065 -54.34692 116.23126 121.86211
0 387.2906 19.474434 111.93097 117.33637
0 451.73315 -170.83545 124.69537 133.58444
0 517.43713 -232.42851 86.57196 91.33603
0 378.42343 -53.531483 89.41342 94.35817
0 291.6858 53.850506 57.068573 60.13528
0 322.76102 -13.834111 75.07495 79.0657
0 574.65247 -301.14523 73.46265 78.44304
