0 1082.8822 -177.79962 77.61072 82.85351
0 1123.0088 -125.26785 105.57239 108.2553
0 1339.2671 100.3177 99.77112 100.65642
0 1132.054 -15.106694 115.89465 113.87565
0 1100.0703 -29.912062 81.755005 75.56833
0 1178.0868 79.77411 112.85266 105.929794
0 983.497 -43.991413 114.14166 102.08533
0 922.27814 -79.48071 106.56818 103.64901
0 1054.402 49.4853 103.342285 102.68894
0 836.0432 -23.270855 113.84009 107.727554
0 1207.9395 207.31662 96.53735 88.99188
0 1104.6222 160.80995 119.01135 118.336655
0 930.4137 48.100163 110.35681 105.532394
0 1002.6352 194.08151 92.23688 88.25479
0 992.0825 172.38455 64.194824 58.727737
0 1048.7933 294.8703 108.12732 100.50235
0 811.7817 59.007336 104.960205 103.17561
0 872.7975 131.59901 103.55542 100.05986
0 902.9099 194.30731 110.57941 106.71182
0 788.7822 143.25383 66.68555 71.09541
0 702.2879 133.55136 110.396484 104.0367
0 943.74 322.01398 83.14026 82.25156
0 1029.0367 411.89032 55.62439 55.92923
0 777.02826 201.95778 100.017334 98.61159
0 870.80994 285.6707 80.777405 84.289276
0 936.4038 418.88077 87.37384 82.75
0 784.68066 267.7627 89.222046 85.93115
0 706.23126 225.94202 71.55829 73.583954
0 805.4983 310.4122 110.81232 111.00659
0 848.66766 369.76608 120.58478 117.53363
0 677.4018 314.89822 119.614075 129.31259
0 621.43243 296.3491 82.23132 84.37891
0 763.07263 408.37183 94.815674 94.849976
0 796.3541 522.8383 108.1759 100.04144
0 718.56116 472.9765 144.12347 134.38007
0 524.81805 260.70496 111.6355 110.13486
0 644.39496 459.86728 108.74707 105.587555
0 541.01575 417.42188 131.41296 122.53015
0 666.04913 597.3582 76.62494 75.70361
0 603.76685 588.08203 104.36627 101.424866
