0 98.108154296875 559.9112 100.7568359375 90.773926
0 74.4942626953125 474.12564 106.0230712890625 103.94687
0 162.3990478515625 650.5587 105.17431640625 105.35376
0 142.25439453125 404.33765 118.2711181640625 110.667114
0 293.1041259765625 877.11926 76.8133544921875 73.99567
0 256.91192626953125 755.48456 124.650390625 123.942566
0 189.4002685546875 527.881 114.84881591796875 108.8725
0 320.7166748046875 656.15753 96.000244140625 91.06885
0 305.1673583984375 630.20715 66.32403564453125 59.479065
0 406.11029052734375 747.7866 112.0113525390625 102.48395
0 232.2794189453125 407.25375 109.74200439453125 107.60788
0 286.8172607421875 498.4116 107.94903564453125 103.64578
0 341.9761962890625 557.615 115.25299072265625 110.48926
0 328.994384765625 408.24393 70.70758056640625 76.377045
0 331.46209716796875 328.72913 114.61639404296875 106.694824
0 465.24066162109375 642.0082 87.0146484375 85.99121
0 537.1353759765625 760.55426 58.36810302734375 58.8255
0 384.49774169921875 427.2835 102.0999755859375 101.16516
0 448.39215087890625 549.88934 85.3138427734375 89.86554
0 561.227294921875 677.91 90.786865234375 85.036316
0 446.3175048828125 462.57373 92.962646484375 88.9032
0 431.7457275390625 357.7282 75.39105224609375 78.04581
0 480.24176025390625 502.33597 116.222412109375 116.60513
0 527.4270629882812 573.2299 125.8895263671875 122.172485
0 520.5717163085938 368.01065 128.95660400390625 140.8728
0 520.077392578125 302.24442 86.6092529296875 89.43393
0 590.8866577148438 494.502 101.37646484375 100.97565
0 692.1285400390625 581.20135 113.61062622070312 102.9635
0 654.2273559570312 490.303 149.37539672851562 137.20847
0 503.96710205078125 196.18576 113.07110595703125 112.084656
0 670.4343872070312 398.7405 112.81011962890625 109.12729
0 647.0485229492188 282.80853 135.37106323242188 124.5173
0 806.2353820800781 466.03235 80.17739868164062 79.104614
0 805.8662414550781 409.11505 108.9039306640625 105.30591
