0 1045.4229 58.040558 85.09534 80.85408
0 934.0305 -12.626302 115.76868 111.224396
0 1056.7762 151.44853 104.52222 103.60921
0 933.3655 94.30801 99.62842 96.04134
0 769.1794 -37.459137 125.46716 124.441864
0 831.29175 48.139725 122.52527 126.9659
0 1074.1687 352.35223 120.3186 120.92844
0 852.43823 186.67128 125.303345 125.10356
0 819.54596 161.97935 87.274536 79.82864
0 906.14276 310.32712 120.841736 113.04697
0 702.4976 125.91043 121.03522 105.39876
0 636.4446 65.69566 115.67688 113.63951
0 776.1804 234.89873 113.75702 114.78221
0 553.1957 113.98053 122.1051 115.57753
0 942.97577 462.11417 102.984314 93.832855
0 837.0201 383.65033 129.00397 130.94336
0 647.9044 215.48169 119.683655 114.710175
0 733.2949 396.7809 99.16901 95.37097
0 716.19366 369.69943 68.55237 61.723267
0 781.7933 527.91406 115.54724 106.55786
0 524.07715 206.22151 113.48602 113.36992
0 592.0261 305.70956 112.34204 109.32312
0 624.3184 379.21207 119.09735 115.93045
0 507.10675 290.27087 73.41748 81.84531
0 412.8796 272.53613 118.30917 111.31647
0 671.8818 532.6056 90.013245 90.73096
0 762.651 651.92114 60.439575 62.302185
0 490.96234 361.90283 111.036804 110.48294
0 587.53546 468.04694 95.61932 100.76752
0 668.1079 647.13403 93.73334 88.82703
0 492.75735 437.49774 107.84207 101.292725
0 419.49957 372.9134 78.141785 83.035736
0 518.52576 493.43683 129.00836 129.32086
0 572.8839 576.1542 130.14941 128.48431
0 387.72556 474.1149 130.0751 148.57968
0 329.04706 441.17914 89.75409 95.10181
0 481.49814 604.97565 100.706024 103.82654
0 522.0918 749.45233 113.637146 104.451294
0 438.582 678.39935 154.11276 142.77478
0 221.96344 379.811 126.24652 125.40057
0 354.93195 642.0809 123.43179 119.35541
0 248.15706 574.5979 141.4583 130.83026
0 380.68344 800.25586 82.94342 83.445435
0 315.01532 787.5604 112.57333 110.6712
