0 562.7827 175.15567 84.482666 67.90268
0 561.6089 65.96338 113.94495 94.08803
0 632.7978 234.49261 100.32306 89.40445
0 654.3292 113.96384 97.80475 81.41649
0 628.2742 -79.23578 133.68127 112.109886
0 677.8077 11.052166 114.67969 113.02736
0 797.91144 349.31082 105.27875 102.108246
0 783.7573 98.36896 119.56506 108.43414
0 788.422 56.64262 89.12286 65.315506
0 851.7647 200.13408 121.38904 93.95094
0 808.0004 -39.462963 127.83563 83.15796
0 807.31635 -128.88539 117.75806 99.59267
0 878.31244 59.259872 122.32471 105.32367
0 897.8872 -163.02864 121.579285 96.817665
0 972.7269 300.25516 105.45398 76.5531
0 961.3929 177.91733 121.380066 114.63391
0 928.5061 -42.132248 126.884155 100.0092
0 1050.1145 106.243454 97.53577 80.723145
0 1039.489 77.40496 72.237305 50.436646
0 1121.7766 215.2254 117.29968 87.6882
0 1003.97876 -146.94511 108.23694 98.29837
0 1045.5435 -45.304195 116.11365 95.591415
0 1094.4012 21.813416 116.02466 98.90394
0 1109.8339 -131.12822 63.219727 75.47308
0 1125.709 -192.30647 118.33423 92.874405
0 1211.7367 126.327545 85.20215 79.098404
0 1269.8447 249.86324 56.114136 55.04335
0 1167.6805 -94.35193 106.253296 95.56169
0 1211.4404 29.420172 87.00012 90.15289
0 1305.231 182.21951 93.24609 74.46765
0 1227.5 -54.957417 108.005005 84.41264
0 1235.5607 -153.62617 70.548584 74.63418
0 1259.0265 -9.784486 130.49182 115.107506
0 1300.3081 78.129074 125.35535 110.59119
0 1337.0623 -124.42098 109.14929 138.7093
0 1341.6521 -185.49513 81.25134 85.34298
0 1392.9292 14.690829 93.46936 91.73286
0 1476.2076 146.97418 51.449707 53.45381
0 1456.5115 80.24589 61.97937 61.838966
0 1340.3253 -262.2748 50.456543 69.295364
