0 152.24095 229.8591 84.12007 66.59683
0 74.993645 135.10481 110.12368 90.57921
0 118.23088 320.59906 97.78143 88.48215
0 28.741179 229.08041 93.96238 76.68805
0 -80.14214 47.717567 139.59033 108.3173
0 -51.959026 151.296 119.00195 112.615585
0 27.080746 516.20557 92.25809 99.16211
0 -110.72959 290.60974 126.742615 108.58035
0 -122.03044 251.41043 98.663864 62.383575
0 -117.89927 420.19327 117.667816 87.04056
0 -226.10718 190.25533 136.03061 75.81181
0 -246.73166 108.67006 113.76872 94.31299
0 -219.63434 315.04 122.25158 99.640564
0 -275.9068 144.0414 46.524307 52.21901
0 -153.37772 577.3164 101.757385 68.38452
0 -192.80476 466.65067 94.897705 98.91818
0 -247.62598 256.9072 57.104538 71.36911
