0 538.6277465820312 256.2433 61.6357421875 63.611633
0 557.36376953125 129.29666 82.1121826171875 88.243805
0 581.218017578125 340.70926 71.54022216796875 89.42923
0 626.9425659179688 209.92549 70.2803955078125 76.46257
0 632.3163452148438 -16.339722 101.917724609375 106.284325
0 659.0827026367188 104.34718 79.07330322265625 115.412994
0 704.8046264648438 527.7124 66.1964111328125 104.89526
0 724.0774536132812 238.47786 94.25765991210938 111.75685
0 736.716796875 186.45673 76.23764038085938 57.647507
0 765.6104125976562 381.44745 89.2216796875 84.532745
0 776.6044921875 93.94271 103.2467041015625 66.46479
0 790.07470703125 -16.094976 84.89840698242188 94.401146
0 817.0046081542969 227.73666 88.71243286132812 100.88785
0 869.3966064453125 -22.271929 88.59710693359375 88.631836
0 856.6903076171875 540.5459 72.42355346679688 65.4386
0 858.4343872070312 400.38116 102.01025390625 116.48212
0 873.1586608886719 128.01898 93.83871459960938 91.09613
0 944.5435791015625 338.68167 70.21826171875 75.55585
0 939.3466796875 296.17786 59.6844482421875 42.804535
0 982.2062377929688 501.16968 49.0545654296875 68.77557
0 952.1199951171875 34.542374 48.760711669921875 91.97835
0 969.0199584960938 175.26035 38.780181884765625 79.05722
0 995.7926940917969 269.96628 19.6624755859375 66.56946
