0 1032.0497 -177.34047 80.59131 72.28814
0 969.3801 -244.54536 85.752686 89.46335
0 1092.6799 -88.081116 87.56885 93.54834
0 889.7875 -222.33704 100.28137 94.042694
0 1251.285 125.53828 65.22046 64.41119
0 1149.4772 43.263237 106.03162 110.64019
0 979.7258 -124.27708 97.45068 93.543564
0 1053.723 41.246494 81.45422 78.28929
0 1039.9255 10.564828 56.119263 48.67054
0 1102.4512 161.55812 94.868774 85.4003
0 872.253 -153.27068 93.259705 95.004105
0 932.0098 -63.295452 91.65332 89.99923
0 965.20874 12.639975 97.84192 95.81278
0 857.22144 -87.48875 60.413696 72.31998
0 779.9763 -109.07356 97.15765 90.26602
0 1007.8688 146.17438 73.97815 76.38814
0 1091.01 256.71698 49.692505 53.05768
0 851.31604 -23.459698 86.60846 89.93483
0 939.4293 82.96789 72.79022 83.65246
0 1010.35266 244.64487 76.97412 72.320984
0 864.57324 43.680645 78.90912 76.94017
0 787.7061 -27.71128 64.26221 71.76802
0 886.61523 93.0753 98.90631 104.795364
0 929.29504 170.82288 106.9386 106.997284
0 769.0705 54.52868 110.405945 134.46176
0 718.3805 17.516815 73.80939 82.08381
0 853.63275 175.41469 86.39972 90.33656
0 892.6896 308.28168 96.3139 85.14703
0 822.62366 240.21962 126.53888 114.73625
0 630.676 -41.24378 95.85333 99.607254
0 752.27716 195.4299 95.753784 95.295044
0 657.6411 126.79628 114.62335 104.2254
0 777.9531 329.93344 68.1662 70.18503
0 726.83813 308.38873 92.492676 91.95798
