0 148.93039 98.069115 50.531403 59.684303
0 197.99599 -3.4817684 97.2664 92.1144
0 135.22766 183.85788 85.84625 88.84439
0 233.25827 88.95828 83.50577 79.848175
0 328.20673 -79.675705 101.4191 106.30041
0 299.39084 15.289075 89.83276 111.74262
0 147.47447 375.36224 98.86037 105.546234
0 300.66843 151.74864 102.36136 108.1013
0 347.26108 114.5066 75.810486 62.285652
0 275.77423 283.11823 103.41431 90.7189
0 418.2938 50.471348 108.40878 76.923706
0 474.0165 -27.212498 94.934784 96.28676
0 389.12268 177.61714 90.4093 99.758804
0 553.4984 -8.91743 103.66205 94.06823
0 298.2521 436.95566 89.69159 72.849915
0 355.3212 326.83856 104.05875 115.11267
0 487.4297 115.0203 99.659546 94.42083
0 473.9244 304.31024 83.25809 79.06485
0 498.34427 269.1621 59.970306 47.114746
0 440.29663 446.95572 99.8327 84.00949
0 605.9639 65.19306 92.67053 98.0312
0 569.02313 175.64127 92.739136 91.62851
0 547.05566 259.2239 99.131165 97.4476
0 673.5597 122.59094 54.695007 78.55023
0 706.72327 89.210144 100.85242 89.95462
0 559.7318 407.72287 73.00043 79.18909
0 527.9441 540.1536 48.167908 55.621887
0 664.68286 196.71628 90.93976 95.12247
0 619.6958 326.12625 67.63367 89.77988
0 583.9511 511.6599 79.51111 72.397095
0 684.4742 269.39072 80.11359 78.12674
0 756.869 171.25725 60.73346 76.348404
0 661.00854 331.86307 96.26953 109.59543
0 625.97406 423.72678 107.22089 109.68729
0 770.55817 261.8193 94.69635 145.52933
0 839.9148 205.67137 69.927795 87.20717
0 732.0612 409.40665 80.230835 92.719055
0 713.2791 561.4518 98.39563 82.00665
0 742.8553 480.61758 132.74127 113.20639
0 889.03687 129.56227 102.26636 107.390366
0 832.65985 408.24014 97.74695 97.94455
0 893.6819 321.4711 121.986694 103.51984
0 868.33875 558.81494 67.365234 72.68585
0 902.9857 524.4841 93.02777 94.05261
