0 55.057861328125 190.53114 92.37451171875 91.24101
0 75.1297607421875 315.2884 68.66650390625 94.88913
0 164.091552734375 675.69855 47.9183349609375 67.63324
0 104.6988525390625 381.1972 84.0040283203125 82.724304
0 140.3828125 249.52791 62.4898681640625 82.15202
0 110.2222900390625 446.81592 99.849853515625 117.2478
0 139.4295654296875 551.5029 112.070556640625 116.534485
0 205.091064453125 311.7861 104.8179931640625 160.38867
0 234.070556640625 239.80472 71.99896240234375 93.79471
0 221.768798828125 485.92914 93.12188720703125 101.69452
0 280.370361328125 642.78296 112.50775146484375 87.76929
0 268.39678955078125 536.45654 140.32904052734375 118.62726
0 255.77685546875 124.90315 88.98089599609375 106.45184
0 329.674560546875 430.94882 98.98236083984375 103.1069
0 341.07757568359375 303.79874 124.76422119140625 107.41214
0 433.062255859375 553.381 70.14947509765625 77.498474
0 440.849365234375 511.41077 97.31201171875 99.842224
