0 652.8334 344.5635 62.137207 54.79651
0 600.4723 238.67789 82.884705 76.7265
0 608.941 430.5362 71.05646 77.351715
0 546.78827 318.9776 70.893005 66.732086
0 489.03528 124.03636 98.73248 92.40158
0 500.23737 226.02434 63.009827 100.93352
0 511.72055 611.2725 65.93747 92.48712
0 432.0634 360.02756 83.36618 93.41174
0 428.27588 317.303 67.89795 49.00299
0 408.50616 494.99756 90.62549 73.36743
0 350.0593 236.98863 101.303925 56.267075
0 340.3699 143.4597 85.53677 82.45401
0 338.54153 360.48517 89.2673 88.191284
0 250.50053 142.46556 89.75679 77.10033
0 343.43112 638.75806 80.61139 57.008972
0 304.60632 510.74243 95.039764 101.47168
0 262.2845 281.01602 95.20581 79.14566
0 231.71284 469.68997 70.87221 65.91342
0 242.3163 436.07196 60.46129 36.59659
0 193.89015 618.8103 88.72365 66.77466
0 181.9068 198.07803 75.4079 84.75415
0 174.65222 323.5976 85.419495 77.83478
0 159.51706 404.1462 83.23674 82.2381
0 139.67639 239.0451 37.3331 73.52249
0 89.80974 201.79965 63.98947 67.0181
0 120.07712 548.73047 58.72032 68.99707
0 130.332 691.44006 37.57724 49.36493
0 92.80684 320.28046 55.377686 66.78079
0 96.1417 451.7903 52.32174 79.69797
0 101.21158 652.8642 24.032433 50.693237
0 94.692085 396.44632 15.623253 50.151672
