0 934.69354 376.9221 60.034607 43.52588
0 883.61584 294.32758 80.10162 61.36789
0 893.9134 449.85117 68.244446 61.154266
0 837.4603 359.55734 68.51526 53.380035
0 775.0293 200.6867 95.00055 73.895874
0 781.2817 283.59967 77.57916 81.540375
0 805.2064 595.696 67.13745 73.06024
0 724.98914 390.90656 80.59686 74.79993
0 720.4694 353.99802 65.57477 39.11139
0 699.81793 497.72256 87.55707 58.624786
0 646.97687 292.1251 97.811584 44.802795
0 633.2352 213.7764 82.67267 65.96643
0 635.47516 390.82562 86.283264 70.55896
0 549.402 216.1427 86.72858 61.634796
0 646.49927 614.79926 77.87152 45.503174
0 614.9074 511.22327 81.36688 80.86261
0 560.537 326.18173 91.987366 63.25464
0 534.6247 478.2383 68.493286 52.720978
0 545.88324 447.33237 54.64319 29.035583
0 500.29593 595.8584 85.70743 53.325867
0 485.89847 258.25763 72.9122 67.868774
0 478.5357 357.6391 82.5484 62.24768
0 464.30188 427.46027 80.45447 65.803986
0 442.49832 291.99265 36.17404 59.01413
0 368.4613 263.96545 84.8963 58.53128
0 428.71887 542.15753 56.78415 55.26416
0 441.62207 654.92975 36.350555 39.55298
0 378.56943 352.80588 71.90799 65.62222
0 399.94977 462.43814 54.649506 66.50131
0 367.02542 619.7773 66.44159 47.49945
0 340.14188 405.87076 77.61191 53.04138
0 333.07697 316.8896 43.77246 55.566742
0 319.62827 455.89105 90.935455 78.23572
0 320.61246 540.16797 85.598694 75.10211
0 288.6687 381.23303 24.309967 96.15576
0 292.4675 514.0016 18.781982 53.937378
