0 357.9279 273.8815 70.32294 63.083954
0 378.24323 146.34937 94.23694 88.7312
0 404.26086 365.2573 81.33972 87.59729
0 454.8996 230.97015 80.71649 77.09943
0 478.7558 11.95825 96.36401 105.18565
0 494.92896 122.331856 92.32709 115.98196
0 514.00287 552.85016 92.48151 104.81909
0 562.456 259.72498 96.472595 107.11722
0 579.4123 208.20831 75.746216 57.434143
0 598.33093 406.922 101.94391 85.43622
0 617.63934 113.75473 111.27954 67.172165
0 640.62256 4.5990386 90.68994 94.47876
0 652.8045 242.5536 84.835815 99.948654
0 722.95844 -6.8511267 101.42786 89.49898
0 674.58075 556.4812 89.82129 66.915405
0 699.1523 417.1265 96.795105 115.321075
0 723.34753 143.33638 96.94733 90.99222
0 787.3196 349.4212 80.611145 76.20914
0 792.73785 306.06448 60.522095 42.784943
0 825.20215 504.24313 99.279236 78.08273
0 811.5071 43.947372 87.29016 97.17738
0 824.85895 177.62634 89.22998 89.30344
0 845.3207 264.5829 95.17639 94.814606
0 901.2727 83.57205 46.49695 82.84302
0 923.5831 29.42841 99.05835 85.14662
0 925.02844 415.3846 68.28485 78.9722
0 950.4529 568.98114 44.239685 56.27179
0 933.86 152.57832 85.92145 94.034744
0 944.9024 300.22836 67.39349 94.198
0 994.098 514.86206 77.73804 68.94916
0 977.0676 222.02393 90.49988 77.2016
0 1009.4439 97.55428 54.269714 78.59429
0 991.24945 289.3283 98.69635 111.50018
0 1002.78455 399.2937 101.90259 107.83331
0 1088.8938 167.92802 78.18884 155.17119
0 1114.1709 93.77957 62.655396 89.63095
0 1103.4282 346.12918 73.66797 93.79907
0 1149.559 512.1114 98.04138 75.96948
0 1144.0482 408.8244 131.65051 105.67572
0 1128.7122 -13.131433 96.99646 106.31232
0 1199.8262 302.20282 98.45178 96.28638
0 1218.7714 182.3322 121.09985 96.47905
0 1302.6017 438.9397 63.108276 72.39523
0 1326.1587 392.74863 88.68274 92.18552
