0 468.82004 355.01587 85.15585 71.46069
0 530.33527 288.83646 114.69275 98.04111
0 475.6453 438.8733 101.84085 92.71405
0 583.1988 382.9202 98.43512 84.68472
0 668.74146 247.07793 136.92755 117.538956
0 662.4841 338.0653 100.13098 106.423615
0 532.0544 628.8601 100.79364 101.53552
0 678.5867 464.96585 120.29138 110.76663
0 726.5718 440.79208 89.747986 69.94641
0 662.327 577.0615 122.20758 99.319275
0 799.9109 400.64914 128.78778 91.75067
0 848.8875 341.09174 119.35651 103.627716
0 779.29364 508.075 125.212524 109.75006
0 947.81885 382.11398 122.383545 101.68787
0 708.57745 724.7453 106.19745 82.16797
0 761.7008 638.2072 135.61078 122.519104
0 885.7941 480.86633 129.01288 105.88855
0 894.4329 653.4682 98.1637 84.06177
0 913.1417 627.01654 77.78021 57.016296
0 871.857 778.55615 118.10828 93.452515
0 1022.318 465.76468 108.887085 100.38699
0 983.4127 561.4 117.82422 100.11261
0 977.2419 632.21497 116.754944 102.339294
0 1103.651 536.57947 63.494385 73.32544
0 1143.5702 519.0215 90.910034 81.51648
0 1009.48376 775.1422 85.70154 80.41632
0 984.21533 890.6017 56.42627 55.362183
0 1113.9736 613.3989 81.34265 77.11963
0 1069.8495 715.13245 81.896484 85.29144
0 1043.5938 881.64453 41.89502 49.720276
0 1138.2224 690.6297 32.45874 45.194946
