0 301.4038 118.941666 77.150665 78.21623
0 317.23074 -2.6677785 103.96985 106.47522
0 205.22714 166.14291 96.43805 102.1416
0 234.83023 37.498775 89.17914 91.46419
0 296.6067 -166.1512 127.806946 129.59111
0 230.44281 -67.14654 116.824036 127.02075
0 9.876112 264.2048 99.4135 111.05554
0 101.95826 4.2486286 124.631645 130.69997
0 156.21295 -37.555885 84.81412 80.01051
0 17.516848 103.31395 107.30401 106.59564
0 139.27406 -144.60486 110.25296 100.13399
0 182.37244 -232.29222 108.6871 112.03319
0 38.33787 -45.422485 114.62843 118.77136
0 117.3032 -274.9095 108.764 109.41101
0 -109.95115 200.00443 85.603004 84.112885
0 -94.110214 69.73475 132.0332 136.93286
0 37.44516 -154.73724 113.88246 113.76448
0 -79.819626 4.19349 74.7984 82.64849
0 -38.92405 -30.849247 58.374462 55.9068
0 -156.18982 139.11604 39.848183 47.354294
0 73.07987 -235.83937 59.873314 76.37726
0 10.841786 -121.28734 37.99352 50.254814
