0 1242.7184 85.619606 52.36206 61.613518
0 1265.622 176.25002 48.721313 69.10292
0 1319.2784 456.5684 23.084839 48.513977
0 1251.8369 235.15707 70.95911 57.718536
0 1197.1687 143.76572 49.0282 59.77365
0 1260.9961 284.38272 71.6189 83.305725
0 1252.4855 369.0823 94.4082 82.11368
0 1136.4227 209.21342 78.322266 118.72969
0 1103.146 161.78716 56.645264 68.168304
0 1172.443 339.83072 77.05151 72.161255
0 1145.9973 472.30484 99.40662 58.519867
0 1104.8091 396.0959 122.103516 80.43939
0 1034.5983 86.781784 71.36743 76.40732
0 1052.378 328.6327 82.50842 72.60431
0 978.7425 244.19913 108.11005 73.09619
0 1018.2588 438.94882 57.721558 55.074585
0 977.7932 414.8249 81.46887 70.13983
