0 1241.9684 466.64874 89.25037 88.5896
0 1185.3795 522.3574 101.783325 100.963196
0 987.70935 770.7705 91.90259 91.191956
0 1073.328 553.7334 110.11951 109.43402
0 1121.6669 518.3797 73.90625 73.62042
0 991.80963 616.8594 103.29462 102.832825
0 1104.316 410.57288 100.46301 100.20587
0 1134.7349 342.44498 100.41882 99.83252
0 1018.5998 491.86182 99.11005 98.45111
0 1072.8489 274.25125 104.89075 104.38876
0 887.972 669.946 87.07037 86.74286
0 899.6819 563.01086 114.19934 113.437195
0 1011.0305 376.62262 102.55664 102.02432
0 891.352 472.47528 85.757385 85.3103
0 939.1945 455.8748 57.53528 57.33609
0 785.555 538.642 98.18085 97.77966
0 998.22845 266.27234 99.76471 99.14203
0 934.4606 338.7644 97.05615 96.5137
0 869.35645 380.3318 103.53198 102.958374
0 946.71106 256.31656 67.795715 67.1698
0 920.3284 179.90732 101.37427 100.90546
0 772.31757 441.07208 79.44 78.924866
0 715.2364 536.73364 53.868347 53.48633
0 864.10046 261.72116 95.099 94.492676
0 802.0879 363.66553 80.66736 79.9852
0 678.7451 455.37933 80.55884 80.17078
0 813.3282 281.94788 83.40033 82.94464
0 861.3071 196.38882 70.5979 70.038666
0 750.4512 311.17346 106.98572 106.24191
0 689.3212 365.53427 113.826965 113.153076
0 723.38544 189.58864 123.16815 121.971725
0 780.1042 131.95879 80.99072 80.355515
0 669.8537 289.57468 91.58362 90.953186
0 556.6615 347.56024 97.95062 97.57074
0 568.67725 268.20932 131.19965 130.6474
0 785.5542 37.59694 106.13251 105.453476
0 604.9309 190.62016 102.275024 101.68404
0 624.5667 88.445045 119.562805 119.05901
0 502.84692 235.01753 73.13959 72.66911
0 484.68433 178.09169 98.27832 97.707565
