0 1077.2866 583.908 94.91699 100.289185
0 993.33154 723.94684 89.45203 94.451904
0 875.6547 849.9242 78.622986 82.71796
0 924.2123 823.0902 57.30078 59.237183
0 749.0143 945.3942 98.06195 101.80475
0 994.29205 572.82056 109.25641 114.44098
0 923.9278 678.54877 105.68878 110.28424
0 849.53827 736.4511 112.693726 117.56055
0 943.19147 576.34827 76.14258 81.09747
0 917.57367 490.18918 109.481995 113.59201
0 739.1095 825.5441 87.17334 91.43756
0 672.41266 954.0095 59.418762 62.541077
0 855.1497 595.4253 100.552 105.65082
0 777.94086 726.4686 90.00531 95.45923
0 635.81885 866.49817 87.13495 90.5108
0 798.3081 635.7663 90.721375 94.59717
0 851.96313 521.2792 78.421875 82.92804
0 729.3713 677.9774 117.877075 123.97327
0 656.52924 753.68024 124.305725 129.96234
0 700.74695 532.4677 141.55963 150.93213
0 769.0247 463.55826 89.900024 95.02426
0 639.8398 669.23663 103.73578 108.85748
0 512.3205 762.75806 107.50842 110.91986
0 535.04584 666.49445 141.17236 146.10663
0 785.9126 349.5031 110.452515 116.05911
0 576.1592 567.7668 110.59235 115.58984
0 607.3133 442.95084 127.44629 131.96982
0 465.27017 637.604 80.22421 84.123474
0 449.46716 581.24774 107.221985 112.02771
