0 334.9072 301.89957 92.84219 93.30997
0 206.7221 241.82779 126.632324 127.2146
0 363.23114 400.5225 117.75345 118.116974
0 221.77177 360.62323 109.184525 109.669556
0 19.483294 226.57149 152.00612 152.69533
0 107.9639 330.12497 130.50874 130.4715
0 418.14584 632.2641 125.164825 125.25214
0 153.16643 478.72714 140.07143 140.4672
0 116.269 459.05902 92.89311 93.53192
0 238.61038 601.2705 130.22986 130.98932
0 -14.462625 430.46866 125.422485 126.572174
0 -95.90204 375.80432 133.2546 133.81717
0 71.5035 550.81665 140.74231 141.30438
0 -176.1514 444.90552 132.45396 133.15436
0 292.21545 779.9468 109.38043 110.15265
0 158.10454 696.4297 156.79704 157.32794
0 -57.18019 543.55365 138.43228 139.20593
0 62.007298 741.8564 108.52707 109.02124
0 45.03429 713.97784 77.57309 78.231384
0 145.95575 879.84076 123.541565 124.34412
0 -193.55905 558.7159 126.91049 127.265625
0 -101.30376 658.43207 129.54465 130.15906
0 -52.34379 737.61865 131.23795 131.76202
0 -199.80615 657.66425 87.540695 87.34778
0 -261.00595 645.0512 88.34071 88.57837
0 25.606537 907.76215 101.179016 101.42047
0 145.29425 1033.389 68.818726 68.912476
0 -163.4153 749.5342 80.68746 80.75287
0 -60.36161 854.0711 91.31372 91.13159
0 99.304054 1035.3586 40.636864 40.356323
