0 928.5787048339844 79.45769 76.09713745117188 70.63196
0 908.9537353515625 -22.217596 102.78189086914062 96.308395
0 996.2165222167969 104.03399 93.27609252929688 90.68093
0 1000.9443664550781 -5.168281 88.34603881835938 83.08441
0 938.9346923828125 -167.40544 125.51960754394531 117.16348
0 1003.1859436035156 -93.94583 103.89031982421875 106.58495
0 1172.1294403076172 156.66096 93.5965223312378 96.504974
0 1103.3389892578125 -53.640274 120.61360549926758 115.340034
0 1099.7528533935547 -85.865486 87.94734954833984 76.15138
0 1187.1492080688477 15.727077 108.2471513748169 98.54998
0 1111.8948059082031 -182.77731 113.9567642211914 95.69488
0 1091.6092071533203 -248.43475 107.34712982177734 101.483765
0 1190.4242630004883 -111.55445 112.87913703918457 107.28983
0 1166.8814010620117 -302.14868 108.95193719863892 100.451675
0 1321.5040473937988 70.28819 89.19176864624023 79.7885
0 1283.1548981666565 -35.102604 128.21784353256226 122.47647
0 1215.4244918823242 -210.0294 114.53120803833008 104.85909
0 1348.1652069091797 -106.73207 88.00628662109375 82.54736
0 1330.8258666992188 -124.131195 68.13079833984375 58.338737
0 1433.286392211914 -36.714455 103.99028015136719 93.23932
0 1263.293909072876 -307.66458 99.38175773620605 97.212265
0 1318.3833274841309 -233.32907 99.26984024047852 94.41994
0 1372.966178894043 -177.28624 82.57173919677734 85.467186
