0 619.59033203125 365.07617 60.717041015625 61.126404
0 627.2429809570312 254.98184 81.59130859375 85.433075
0 666.2408447265625 442.37933 71.19500732421875 83.52161
0 693.9529418945312 321.29953 69.95343017578125 74.14789
0 687.054443359375 118.60938 96.9813232421875 102.670235
0 716.47705078125 218.14195 83.06246948242188 109.2065
0 781.3180847167969 595.45184 72.03005981445312 97.583435
0 789.9031982421875 333.14536 84.48065185546875 101.58188
0 797.0841674804688 287.77075 64.76272583007812 56.63153
0 830.9456787109375 455.4065 87.64260864257812 83.27765
0 818.5735473632812 197.61006 94.12710571289062 68.2729
0 825.2938842773438 100.692764 84.68392944335938 91.329956
0 863.3070983886719 312.33606 88.70562744140625 97.37906
0 895.8491821289062 83.53276 87.46456909179688 86.75566
0 914.8968505859375 581.8644 76.73501586914062 66.12329
0 915.1443481445312 450.84985 87.30401611328125 109.18787
0 908.0591735839844 217.9586 92.381103515625 89.48216
0 988.0756225585938 392.33575 69.81369018554688 73.355865
0 982.0596923828125 358.0115 53.6812744140625 43.024353
0 1031.6998748779297 525.7153 85.0491943359375 76.659
0 974.2876281738281 118.6162 76.4622802734375 92.13639
0 996.0863952636719 236.18802 83.90371704101562 86.86279
0 1027.2379608154297 315.45773 82.71369934082031 90.80505
0 1052.0713653564453 146.40106 42.56651306152344 76.04451
0 1067.4293518066406 97.89532 85.28943634033203 82.77732
0 1106.9100189208984 442.95215 59.99024963378906 74.6449
0 1140.4298858642578 579.78845 39.15923309326172 52.78955
0 1091.941146850586 205.71318 75.16938018798828 89.29668
0 1115.0320587158203 340.99258 60.176239013671875 87.77484
0 1171.0758438110352 521.2967 67.05691909790039 66.79962
0 1133.193832397461 260.27985 77.88418579101562 75.10565
0 1147.3417510986328 151.0707 48.612937927246094 73.0574
0 1152.3339233398438 315.52808 94.58940124511719 107.338684
0 1176.6918029785156 416.37225 88.93246078491211 102.703125
0 1220.1912078857422 220.41902 27.736358642578125 111.08232
