0 779.8245 6.6781335 82.730835 83.541916
0 842.43304 405.89847 66.29498 105.2157
0 797.6205 146.71754 78.72296 84.75656
0 763.69965 333.70062 65.72229 71.010956
0 776.80334 291.63583 49.37787 40.203735
0 727.795 476.20966 81.03296 73.12109
0 726.0471 51.038017 71.08258 90.200584
0 722.6271 166.96399 72.472046 83.06354
0 703.4924 257.7005 77.56958 88.23572
0 685.5624 86.41645 37.68567 76.294044
0 622.23724 37.129314 80.81116 79.53523
0 665.5134 392.9385 55.589844 73.25253
0 675.48645 534.92865 35.985657 52.099792
0 634.5853 149.08105 63.729187 86.46359
0 647.92346 290.82645 48.108765 86.15036
0 607.66064 485.56293 63.405945 64.351074
0 607.4739 217.16977 62.817505 70.610596
0 590.3034 98.60238 44.089417 72.603035
0 591.78864 276.3672 72.25244 102.35675
0 577.46075 376.07263 83.0152 100.212524
0 514.88055 165.66518 67.77466 143.32942
0 503.96136 98.01067 50.909485 82.825676
0 517.91547 325.88745 64.78937 87.513794
0 466.73672 476.07794 84.09384 71.74457
0 442.10834 381.11823 107.434204 98.90045
0 460.59186 -0.80675274 70.24762 95.46964
0 419.40787 285.1571 74.47287 88.84845
0 376.3153 174.69247 96.78305 90.03131
0 367.99875 409.68964 51.37921 67.16312
0 332.7503 368.13058 72.25415 85.69412
