0 969.81226 701.2391 30.322876 30.5755
0 1037.5907 585.2781 86.422 86.862976
0 916.83527 734.4372 77.02673 77.9021
0 943.3059 594.9314 79.81427 79.98889
0 1012.0421 422.1847 107.78467 108.06659
0 943.72644 492.42914 114.30615 114.989685
0 721.84973 779.4614 117.658936 117.57532
0 820.3804 538.0871 121.2666 121.122986
0 873.24615 500.6293 81.51196 80.55344
0 731.49335 615.645 113.88794 112.85602
0 856.2379 381.90253 110.90369 108.95001
0 887.94617 306.0787 110.62097 110.29755
0 760.1619 475.8092 109.11865 109.19702
0 821.4517 234.0097 115.62286 114.73865
0 609.7752 674.85706 96.04596 94.87158
0 630.8495 559.6531 125.72058 125.82526
0 754.19305 350.72537 113.01849 112.35959
0 620.0403 459.43927 94.50403 93.9624
0 672.5008 440.84262 63.494385 62.632355
0 502.63583 538.1646 108.27835 107.11096
0 734.0934 226.76822 109.86243 109.740265
0 663.9862 308.96198 106.92755 106.494965
0 595.0257 359.15128 114.06586 113.57965
0 680.8575 219.26428 74.50415 75.424805
0 653.0692 137.36888 111.76654 110.83096
0 488.0492 431.99048 87.47351 87.4715
0 423.8896 539.2782 59.292877 59.453796
0 588.4936 229.83636 106.44934 106.31732
0 520.60455 345.22498 88.69678 89.482544
0 384.72617 450.5457 88.79181 88.1257
0 532.46844 253.02477 91.88318 91.46059
0 587.8645 158.33963 77.653625 78.15425
0 461.58112 287.42444 117.756714 118.00223
0 394.93518 350.53223 125.37561 125.05542
0 434.73935 155.18442 134.06711 136.08987
0 497.63788 89.61995 89.08301 89.625916
0 374.27246 268.3081 99.46106 99.70123
0 249.29611 337.53873 106.90839 105.693756
0 260.59714 247.85634 144.68079 143.20042
0 502.0318 -14.633907 119.537964 119.40735
0 302.76056 161.60703 113.10965 112.72986
0 323.84338 48.662796 132.42859 131.05666
0 188.81442 217.45218 80.53183 80.511566
0 168.32318 151.59534 108.250916 107.91934
