0 887.2855 477.1503 62.6062 68.85922
0 923.9651 300.79147 89.12085 95.79056
0 873.08765 376.6153 99.66376 108.20169
0 725.16064 689.7302 105.66504 106.782104
0 769.26465 446.3418 109.13818 109.726685
0 804.7468 406.0534 76.7381 68.737
0 700.2085 539.5413 106.003174 97.82141
0 768.2067 300.79968 106.94147 89.732544
0 786.7723 219.90909 100.303406 98.96912
0 702.8481 403.11414 97.37659 99.93448
0 712.7007 169.97296 106.9776 100.26358
0 601.0164 624.13184 90.5874 80.725525
0 602.57556 507.0463 112.14526 115.228424
0 673.09564 291.37158 103.77191 99.20618
0 570.9048 423.3312 86.72894 83.004395
0 611.306 398.50186 60.207947 52.85443
0 479.38303 521.53595 101.51132 91.91864
0 634.8598 181.93481 98.8407 99.457214
0 585.5723 274.19415 97.424255 94.96622
0 532.3047 334.78314 104.025085 101.161835
0 583.4907 188.51608 63.09662 73.28662
0 542.9519 120.19328 103.7265 96.448456
0 447.45526 427.06274 78.31305 79.7323
0 407.02008 542.60205 52.44153 54.981506
0 503.1675 217.7528 95.35574 96.0011
0 462.91336 338.23724 76.33127 85.4404
0 356.49994 469.25977 82.102295 77.07196
0 454.96707 254.38449 83.92453 81.3132
0 487.7314 154.35487 67.561066 73.71216
0 401.40143 297.14783 104.471954 108.79297
0 352.07236 370.39957 113.50037 112.439545
0 357.7471 175.91048 112.43414 134.20634
0 395.3123 110.77027 77.63309 84.38644
0 317.11188 301.42685 88.46512 92.293884
0 214.67657 395.779 100.765594 90.57242
0 212.13208 307.79022 135.3274 123.28375
0 382.2225 12.60444 106.858246 107.738655
0 233.35034 220.21178 102.63986 100.84172
0 231.81502 112.37019 123.781204 112.652985
0 138.60464 299.30612 72.17801 73.30237
0 110.451004 242.17726 98.21355 96.76082
