0 295.80926513671875 225.02638 59.23931884765625 61.92256
0 317.88458251953125 101.19482 79.19415283203125 87.333916
0 334.044677734375 323.58475 67.8272705078125 86.84897
0 379.16473388671875 188.70801 67.7803955078125 75.969635
0 403.0028076171875 -38.07543 88.72344970703125 104.861404
0 419.1533203125 78.51657 66.647216796875 115.234955
0 429.71820068359375 521.1947 71.232421875 103.851074
0 477.0234375 223.31677 80.29144287109375 106.360596
0 491.99273681640625 169.94814 64.32342529296875 55.76776
0 504.14361572265625 373.6367 86.17864990234375 83.509
0 526.4715576171875 76.80574 95.3331298828125 64.009125
0 548.5380249023438 -36.15201 79.51922607421875 93.7336
0 556.7447509765625 212.40762 79.6715087890625 100.06305
0 623.0907592773438 -41.69751 85.52642822265625 87.76417
0 571.100830078125 532.32117 76.341552734375 64.878235
0 592.3427124023438 385.71313 80.17486572265625 114.88028
0 618.3851318359375 113.94799 87.1044921875 89.883705
0 675.0194091796875 326.23462 67.72918701171875 75.03671
0 676.7921142578125 281.96902 52.459716796875 41.371887
0 702.7656860351562 488.87866 84.17202758789062 75.99786
0 700.0919799804688 11.693608 72.63687133789062 96.503174
0 707.4570922851562 150.88933 78.92776489257812 88.45175
0 727.1195678710938 245.96956 79.73455810546875 93.626816
0 778.9234313964844 54.34797 37.198272705078125 83.746574
0 800.2243041992188 6.6041207 83.64614868164062 83.360985
0 793.3056030273438 403.40903 56.680023193359375 78.56482
0 810.760986328125 562.4154 36.475189208984375 56.203247
0 809.0999450683594 132.69606 71.57571411132812 93.30533
0 815.0666198730469 286.94543 55.168304443359375 94.45688
0 850.0212707519531 510.70728 65.53353881835938 67.63385
0 843.9730529785156 204.34618 76.43927001953125 75.54585
0 877.4005126953125 75.57363 44.2861328125 78.91364
0 856.5330200195312 275.05304 85.51678466796875 111.0065
0 866.6282653808594 391.46475 85.06585693359375 106.8183
0 943.6167602539062 154.79124 61.79010009765625 157.33513
0 963.9643249511719 81.09576 56.453216552734375 90.26272
0 953.3179626464844 340.38342 60.74407958984375 93.70947
0 989.0636291503906 509.29498 83.17791748046875 73.87634
0 989.0487060546875 406.3905 111.51493835449219 102.99771
0 981.2331848144531 -33.66672 87.48579406738281 105.88643
0 1035.7852478027344 304.1174 74.50526428222656 91.162506
0 1056.6703033447266 184.03355 46.30540466308594 76.31233
