0 859.05725 315.9659 77.94592 72.585754
0 852.4264 202.73177 105.79529 100.13286
0 770.32666 365.43118 94.85809 93.97409
0 775.5289 241.85776 90.97858 86.53464
0 800.9647 53.312527 118.95282 115.79695
0 763.99854 143.42265 101.484924 111.425735
0 597.8454 461.8172 105.43512 108.08441
0 645.0565 212.85426 113.52783 113.6505
0 681.5535 172.38707 80.57855 70.98448
0 568.2983 307.21725 111.06238 101.1069
0 646.4076 70.033356 112.859436 92.50955
0 669.072 -15.446113 107.4563 104.146065
0 575.37506 164.99121 108.47186 107.7619
0 593.2924 -61.23705 111.94458 103.67283
0 464.503 395.30716 95.17285 83.35574
0 471.48572 275.76584 116.434265 119.41135
0 543.15936 55.93638 112.82782 105.1509
0 437.74194 194.14583 90.60126 85.87251
0 477.14835 166.759 64.05588 54.974014
0 337.62665 291.76428 106.51419 94.958496
0 508.1028 -53.53644 102.81204 103.01248
0 450.405 42.572266 104.921906 100.17856
0 395.85748 101.8293 108.52533 104.69914
0 454.4283 -44.11521 64.75369 76.15488
0 405.51346 -114.75335 108.61154 99.70754
0 303.69403 196.11723 81.37955 82.61195
0 258.80527 314.35196 54.35974 57.01053
0 362.1161 -19.03911 100.684265 100.296684
0 318.69333 100.00343 85.54083 92.663864
0 205.22998 242.7315 85.91211 79.70087
0 304.62674 13.507186 99.03061 90.68551
0 345.23032 -82.94302 69.7634 76.4949
0 247.9028 57.042004 118.45166 118.55258
0 198.79924 136.92761 118.22499 116.42406
0 208.81944 -63.667763 113.98628 138.92221
0 243.29257 -127.246025 83.589874 89.505035
0 158.72098 67.1399 90.55859 95.013374
0 49.48862 162.55122 104.819855 92.99417
0 48.093098 72.61544 141.92989 127.381325
0 229.97931 -235.97908 118.572296 116.10682
0 63.063274 -17.70855 115.0307 108.98647
0 80.278275 -120.347275 120.76866 111.90762
0 -5.9905114 69.9747 49.78075 56.641716
0 -6.915635 40.197678 39.237034 55.501854
