0 912.13727 -92.12893 80.26843 77.569405
0 1018.95233 85.049034 67.51312 78.06855
0 890.6471 -4.6044316 78.2616 82.248856
0 740.74097 -163.30844 108.52783 112.783325
0 789.7502 -75.9719 116.5119 124.96707
0 1006.2432 253.82076 125.79364 122.510605
0 787.7785 64.226456 130.09387 125.83565
0 757.0296 33.52896 93.848816 77.87514
0 830.01587 193.15443 128.83875 111.19423
0 625.6846 -12.333898 132.53369 100.913155
0 564.1704 -78.06764 120.09076 113.28014
0 696.42633 113.89328 115.49188 114.82445
0 460.31277 -36.92749 129.58475 114.15848
0 842.65515 355.03192 110.92804 91.41666
0 738.58386 262.9525 132.96906 132.41226
0 558.52454 75.36899 125.14844 113.18823
0 619.4706 267.81754 104.56885 94.713745
0 612.56244 234.90823 73.9577 59.75537
0 657.52155 407.27423 123.87854 104.270294
0 421.3515 52.27175 117.786194 114.05001
0 479.7293 157.559 116.973755 108.5659
0 507.1516 240.9058 124.96692 115.62123
0 390.0693 131.6591 72.410675 85.14157
0 291.3795 106.21552 125.86481 109.722435
0 539.87024 398.29062 93.06317 91.54236
0 624.4988 526.1856 61.876587 63.305664
0 367.11847 207.08368 113.93164 110.26102
0 463.84415 329.89584 88.513275 98.949646
0 517.21893 512.9628 99.42853 87.77289
0 366.25204 286.74072 100.90549 92.90073
0 287.9189 205.05835 78.88638 85.174866
0 383.213 347.12436 123.45932 125.17569
0 423.44177 433.9342 135.76355 128.74963
0 242.61877 307.50928 127.79468 156.16202
0 182.50038 263.8357 90.73125 97.46686
0 325.3642 446.3862 104.26523 106.09665
0 345.81528 598.9898 122.97705 102.57703
0 261.2817 523.83545 164.9342 139.94269
0 76.45064 198.6197 127.70564 123.83885
0 184.34587 473.15894 123.08458 115.41058
0 71.97714 398.31125 150.98734 127.90787
0 194.61957 637.1126 85.82477 84.13965
0 121.2096 612.2755 117.63018 110.73578
