0 637.4840698242188 -80.7423 79.50360107421875 75.716606
0 373.978271484375 142.37277 77.25042724609375 76.36755
0 643.797119140625 -38.394352 91.90582275390625 90.30841
0 563.7926635742188 12.337848 91.226318359375 90.19071
0 519.6090087890625 63.12311 97.30230712890625 96.23024
0 675.98046875 35.360073 64.25250244140625 61.92046
0 719.622314453125 34.77383 95.07345581054688 94.62802
0 480.98748779296875 171.97919 74.82244873046875 73.51114
0 406.69708251953125 240.24689 50.80792236328125 49.705933
0 647.5576782226562 85.943275 85.79302978515625 84.08662
0 556.4888305664062 147.85841 76.31689453125 73.948654
0 457.48284912109375 255.47939 75.58544921875 75.13051
0 628.2987670898438 138.2528 78.36834716796875 77.54596
0 729.2406005859375 117.622154 66.71414184570312 64.88792
0 575.7591552734375 168.58319 100.8756103515625 98.78348
0 514.8289184570312 216.47256 107.0716552734375 105.61087
0 677.7880249023438 189.99013 119.58270263671875 115.10512
0 774.9536743164062 184.8039 76.51547241210938 74.461945
0 605.1441650390625 259.2022 89.27362060546875 87.682526
0 537.4470825195312 353.41504 94.16259765625 94.34122
0 583.9900512695312 313.65555 122.92694091796875 122.70569
0 849.4297790527344 164.03067 94.0614013671875 92.18576
0 689.7699584960938 318.9954 95.19818115234375 93.92746
0 774.5382080078125 289.52472 110.79623413085938 110.52353
0 671.6021118164062 434.1825 68.880126953125 67.69748
0 694.4511108398438 428.9903 92.42181396484375 91.23273
