0 1032.0538 499.72885 68.19385 67.410126
0 975.31354 569.56696 59.918518 59.48468
0 939.19415 594.99 80.545044 80.36664
0 973.4435 494.755 68.36279 67.6582
0 887.15106 632.1446 97.30023 96.38812
0 822.6931 675.8606 104.84766 104.29297
0 845.60364 490.62448 124.194275 122.39328
0 896.92206 436.96634 78.41394 77.625885
0 800.8256 595.8926 93.67047 93.203674
0 693.50757 657.29376 98.67908 99.08551
0 711.26697 582.356 126.53516 126.77985
0 906.7687 342.17178 92.45062 91.72949
0 736.2368 501.27722 97.111755 96.74231
0 755.42236 397.61795 113.168396 113.32883
0 644.2075 541.19556 70.7099 70.32739
0 627.41846 498.43787 94.94916 94.6311
