0 487.6812744140625 377.45636 83.30450439453125 82.65152
0 439.89898681640625 266.45627 113.9180908203125 113.08676
0 578.1248779296875 405.65573 104.290771484375 103.68848
0 541.7504272460938 283.41425 98.17706298828125 97.4765
0 431.904296875 98.56955 135.581787109375 134.61954
0 514.271240234375 173.25604 127.7034912109375 127.18451
0 776.46484375 455.33704 113.89730834960938 113.44293
0 649.1875610351562 216.96143 125.44204711914062 124.76114
0 631.0501708984375 181.45865 84.035400390625 83.22189
0 757.2491455078125 285.83127 117.51290893554688 116.503174
0 609.3195190429688 70.05821 114.127685546875 112.752594
0 563.782470703125 -8.09643 119.55621337890625 118.73417
0 714.6746826171875 143.46646 125.9156494140625 125.08499
0 628.3623046875 -74.83853 119.35565185546875 118.39804
0 908.5215148925781 340.98477 99.0048828125 98.02777
0 841.090576171875 228.39116 130.12319946289062 129.52214
0 712.23876953125 26.94891 124.53347778320312 123.4996
0 884.0968933105469 133.04395 97.6207275390625 96.91287
0 858.3930358886719 115.524605 66.68429565429688 65.97318
0 1000.706298828125 203.85803 111.66468811035156 110.62778
0 725.935546875 -92.20142 113.64755249023438 113.034195
0 811.3363952636719 -14.583569 116.35263061523438 115.489136
0 885.8092651367188 32.55941 117.87298583984375 117.08767
0 819.1310729980469 -100.327705 77.39010620117188 77.388435
0 814.0291442871094 -183.99054 115.34097290039062 114.38209
0 1032.7540130615234 99.22039 90.50477600097656 90.055855
0 1137.3531188964844 204.05527 61.405235290527344 61.167816
0 894.2030944824219 -100.907394 110.98770141601562 110.36705
0 987.0955810546875 8.291287 98.13882446289062 97.86581
0 1142.0288391113281 114.21541 91.67036437988281 90.940125
0 966.1224060058594 -87.68174 105.05662536621094 104.17442
0 920.5000610351562 -169.85547 80.5135498046875 80.322365
0 1016.5540771484375 -61.348656 135.67586517333984 134.85194
0 1093.4480285644531 9.4834175 129.62918090820312 128.85448
0 1026.5527038574219 -174.12914 125.43907165527344 125.77255
0 999.1385803222656 -221.00325 66.99452209472656 67.13568
0 1142.4276580810547 -55.81651 80.90121459960938 80.84276
0 1269.8540506362915 46.02202 43.396117210388184 43.488213
0 1230.795310974121 3.7077556 32.91435432434082 32.96708
