0 48.719970703125 -251.10036 77.4527587890625 96.7596
0 -187.7684326171875 104.07907 82.9197998046875 81.38316
0 61.644287109375 -203.12595 97.1519775390625 99.29385
0 -13.0606689453125 -114.73817 97.9405517578125 96.07497
0 -49.000732421875 -43.041584 104.552734375 102.327255
0 108.7501220703125 -133.16573 64.5908203125 74.90733
0 154.07861328125 -150.30249 103.80718994140625 97.263626
0 -69.516845703125 93.57594 79.0638427734375 80.88614
0 -135.979248046875 201.39957 53.1083984375 55.881256
0 89.504638671875 -68.358284 90.1007080078125 93.66179
0 6.3363037109375 34.46865 77.8192138671875 87.157715
0 -78.92578125 196.15623 82.2528076171875 77.7823
0 77.8740234375 -0.14503127 84.3204345703125 82.230095
0 180.08740234375 -63.279118 68.696044921875 75.08854
0 31.89794921875 46.56771 105.7056884765625 110.5151
0 -22.9921875 123.52717 114.2801513671875 113.87064
0 147.2802734375 20.381727 119.83624267578125 140.03305
0 242.0205078125 -10.050577 78.90069580078125 85.93515
0 78.8870849609375 137.051 94.261474609375 96.62842
0 24.3858642578125 270.58148 104.5107421875 93.53204
0 67.896484375 203.47949 135.191162109375 124.156494
0 316.98443603515625 -64.07598 98.77105712890625 102.71026
0 179.1859130859375 169.08476 101.68408203125 101.116776
0 262.06207275390625 104.13166 121.6494140625 112.23557
0 180.6502685546875 306.0869 72.851806640625 74.35153
0 205.2059326171875 287.8757 98.8406982421875 97.96628
