0 207.61385 -21.51494 50.82213 68.8006
0 236.30472 -54.47344 93.73407 81.38496
0 196.95625 28.041153 74.10835 81.46642
0 144.09361 143.42871 56.94223 76.9825
0 104.64138 303.89935 52.18952 58.02948
0 194.20337 93.26113 74.45053 70.174065
0 280.01672 19.299488 56.43579 67.38568
0 161.15036 139.59213 89.46889 97.349304
0 132.71272 221.8349 99.640305 98.165436
0 278.59482 92.68598 95.46704 129.55084
0 350.5891 55.625652 64.97977 77.00751
0 228.1564 214.23557 82.658936 85.020386
0 203.411 346.2174 98.21175 76.91562
0 233.43321 275.11847 123.370926 102.815704
0 413.80508 -7.267505 80.50009 88.54115
0 331.69092 226.9286 88.138885 86.87779
0 395.01746 153.38501 109.9451 92.896454
0 360.756 349.36334 62.60147 64.80066
0 379.2067 328.75214 86.44989 84.24667
