0 149.40916 -131.74655 64.18329 88.70748
0 107.88393 -46.529297 93.71088 108.16452
0 -9.876666 296.14822 90.93656 97.58319
0 129.54065 80.16293 110.01857 104.78897
0 176.25722 42.503983 84.464645 60.53691
0 119.71618 205.4993 114.26542 88.108185
0 252.91206 -15.320145 122.845566 74.91001
0 311.92133 -93.02763 102.69437 93.370026
0 239.40016 104.2078 96.451645 96.66302
0 407.7774 -72.14756 114.01166 91.326706
0 151.78944 349.2394 100.08258 70.8078
0 222.32335 249.97006 110.96391 111.53784
0 348.58777 47.015175 108.938324 91.626656
0 349.84738 229.19647 90.97897 76.723206
0 371.26474 194.39018 67.19922 45.822052
0 329.14423 365.20645 110.908936 81.631134
0 473.23895 -4.696314 99.575195 95.02592
0 442.17984 102.458084 100.73953 88.87862
0 431.83496 185.25829 107.76672 94.52794
0 561.96423 55.1613 55.285156 75.9534
0 598.5376 24.474482 111.184875 87.349594
0 465.07022 328.16888 78.119354 76.746185
0 439.59772 455.18475 50.97058 53.874146
0 565.5208 125.54559 94.46161 91.37941
0 526.7488 249.47389 69.60162 86.86119
0 502.75165 430.21518 87.4082 70.284515
0 589.84753 196.54762 87.197876 75.79207
0 667.0027 104.09708 63.220215 73.897415
0 573.30536 254.6625 102.1358 106.164856
0 544.4847 343.7794 115.83887 106.358765
0 699.8164 190.0108 96.590515 141.26434
0 767.4156 138.58377 72.908875 84.412994
0 663.4323 331.35416 87.58136 90.46857
0 658.0897 478.51404 111.68683 80.24585
0 685.05963 399.84198 147.22632 109.98691
0 820.92126 65.303825 105.33606 102.18632
0 783.56775 333.1774 105.054016 94.77136
0 844.09424 249.296 134.24023 100.290665
0 841.76526 476.07425 72.14459 70.44461
0 875.2463 445.4266 100.69141 91.20871
