0 624.60626 374.82935 78.78699 69.206604
0 605.4918 263.15366 106.18323 95.13022
0 542.00104 423.28003 95.07788 91.5155
0 526.69147 303.47412 91.1745 82.27731
0 533.4308 116.31098 128.53473 114.88119
0 501.46423 205.88745 99.20831 109.45111
0 370.13647 527.38153 94.08765 101.48126
0 386.7057 283.59042 123.25787 114.04874
0 415.0009 243.23048 92.82605 70.893234
0 320.14508 382.3457 112.73154 95.34442
0 364.3713 145.15175 119.50702 86.13274
0 383.38086 63.236614 110.627075 100.86722
0 296.35413 240.64325 116.136444 107.02847
0 296.92313 22.4966 113.072815 98.090004
0 207.26404 471.42297 95.92093 77.29492
0 198.48271 349.21692 129.79628 121.77103
0 254.84357 140.25233 119.09482 101.87619
0 158.34067 281.08984 90.89227 81.59558
0 191.2344 257.41476 72.112305 53.812317
0 64.215195 386.12997 108.75389 89.193726
0 205.96516 36.45882 101.38063 98.84297
0 153.68188 134.30745 109.03479 97.02054
0 104.62308 196.6449 108.29219 99.80191
0 153.0771 49.64992 60.28401 74.91385
0 179.43742 16.23549 28.058472 36.26825
0 48.51576 317.76035 46.178272 56.13495
0 8.3049555 426.5538 29.343052 39.37152
