0 355.092529296875 -76.55126 104.4932861328125 109.641556
0 409.53070068359375 -109.72479 78.258544921875 68.298
0 313.8399658203125 33.50569 117.1424560546875 102.59888
0 489.5928955078125 -157.09874 110.14495849609375 87.68815
0 553.7056884765625 -220.88838 100.65753173828125 100.55282
0 442.9642333984375 -45.661823 96.9024658203125 102.320015
0 632.7036743164062 -186.2635 108.3026123046875 100.7016
0 308.12835693359375 175.92427 92.4569091796875 80.10869
0 382.2811279296875 91.48283 111.72235107421875 118.08103
0 551.670166015625 -80.87448 104.69976806640625 100.08712
0 508.4154052734375 94.02131 87.4954833984375 83.76588
0 542.7608642578125 62.535625 61.60662841796875 52.268986
0 456.486083984375 221.3856 103.34515380859375 91.57237
0 668.9691162109375 -112.34751 98.84405517578125 101.4746
0 616.6492919921875 -14.48681 97.976318359375 96.22971
0 586.3148803710938 64.70961 104.65728759765625 102.454575
0 732.4336547851562 -40.28582 61.345062255859375 76.890945
0 772.8380126953125 -63.681267 105.14865112304688 96.69151
0 581.96044921875 206.89964 78.14910888671875 81.55083
0 531.52490234375 324.2489 52.05487060546875 56.578888
0 717.4185791015625 28.047186 93.1138916015625 96.85794
0 651.6051025390625 141.0144 74.78851318359375 89.03978
0 589.9718627929688 311.0157 83.10595703125 77.441345
0 722.1434326171875 99.54908 84.48846435546875 82.28484
0 811.8546752929688 23.492382 66.53768920898438 76.445984
0 686.050048828125 153.16876 103.80990600585938 111.788605
0 639.8959350585938 234.6752 113.82086181640625 114.33789
0 801.734130859375 112.72581 110.27593994140625 142.27664
0 886.4682006835938 72.62081 76.51351928710938 87.45339
0 746.884765625 240.88316 89.62957763671875 95.735306
0 709.2977294921875 381.27695 104.1756591796875 90.80075
0 746.6781616210938 310.17316 137.63900756835938 122.99829
0 949.6793823242188 10.878624 103.60145568847656 107.91254
0 850.2126770019531 262.13455 102.49749755859375 102.07321
0 923.9736328125 190.5057 125.17863464355469 112.00235
0 868.590576171875 407.1191 72.05975341796875 74.93494
0 899.7801208496094 383.83276 98.58657836914062 98.27695
