0 262.45187 14.829809 115.43219 78.23906
0 320.98428 -54.169113 112.31259 97.04678
0 224.23538 116.94453 105.66217 98.991356
0 422.20596 -28.79927 123.12912 96.51026
0 106.64654 343.44513 92.4253 71.3096
0 177.79875 259.5517 122.7043 114.55948
0 344.11624 77.87173 118.20236 96.18978
0 323.31744 253.03857 98.74127 80.51602
0 354.91522 220.17776 71.54886 49.588715
0 284.78003 381.22287 118.865906 87.31763
0 480.92636 41.825417 109.46976 98.189766
0 434.8914 139.1778 109.83127 92.7278
0 412.30173 219.60455 117.42294 98.69476
0 565.2724 108.68624 63.713684 75.63824
0 609.46686 84.162476 119.8595 92.5576
0 431.52264 359.89532 86.14862 79.02841
0 388.9135 478.2606 56.70096 55.03543
0 562.6955 176.29997 101.15167 93.29857
0 504.27695 290.6737 79.09311 87.243164
0 456.99146 462.71808 94.43219 74.23462
0 575.88153 246.82298 94.92328 79.2256
0 670.9284 167.82538 71.21881 74.69443
0 547.3624 299.91986 113.38519 108.63342
0 507.3689 383.14767 126.81958 110.41342
0 684.33154 253.68002 114.44562 140.64008
0 768.4777 211.9756 82.03088 85.404434
0 632.48303 383.72583 99.36279 93.38196
0 610.31757 524.6549 121.30237 86.77252
0 645.3136 451.60892 157.9945 117.39029
0 835.7986 147.5376 112.068665 103.51384
0 759.6967 399.97797 114.05975 98.34918
0 833.9137 325.1935 143.1236 106.724335
0 804.7218 540.8924 79.51538 72.59436
0 837.6014 516.60144 110.07898 94.84412
