0 262.5981 176.16788 66.27792 62.346237
0 264.21375 54.361885 89.357086 87.486
0 314.13617 261.27698 78.52551 85.88281
0 339.4206 131.66893 76.67883 75.98006
0 330.9125 -79.03283 95.22415 103.4091
0 360.12332 26.989998 85.44095 112.12707
0 433.15494 434.5668 88.60379 102.34952
0 436.14722 153.79268 93.532715 104.88411
0 443.45615 104.63851 70.06082 57.24012
0 485.62857 291.2507 95.32535 84.70224
0 464.0393 11.923524 100.74286 67.88671
0 469.00555 -92.0756 88.04736 92.89791
0 511.08923 134.61374 85.21539 98.0213
0 538.55237 -106.40383 95.41351 88.50754
0 570.9288 431.05536 82.93439 66.74487
0 572.81085 296.49136 94.85272 112.637146
0 557.9964 36.82735 93.23242 89.94507
0 640.3363 230.32706 76.47589 75.1261
0 638.20636 189.82513 55.805786 42.846024
0 692.5947 375.44604 92.183655 77.665405
0 620.58356 -61.677113 84.67029 95.142944
0 649.1111 64.92387 86.28265 87.97921
0 679.00287 147.57999 90.9079 93.254944
0 702.0776 -26.209368 49.0484 79.959045
0 715.1037 -79.84162 92.8974 84.30972
0 766.2279 288.6963 66.61218 77.21719
0 807.29956 434.84802 43.80188 54.826965
0 740.29865 37.2871 83.14221 92.14741
0 768.67474 178.67944 67.80658 91.52133
0 838.0523 381.76843 73.17328 68.16864
0 785.292 100.492714 84.79651 76.471214
0 797.94666 -18.361715 54.950134 76.27969
0 807.3443 164.44366 95.94324 109.11716
0 832.31537 268.6811 98.13446 105.796326
0 872.0608 47.44425 84.49335 149.39989
0 884.3057 -21.390444 63.300354 87.02304
0 909.0101 215.92857 72.96411 91.40733
0 970.9364 368.7511 90.89209 75.63461
0 953.914 269.91177 122.512146 104.99841
0 884.4803 -130.21082 95.47131 104.41805
0 986.871 170.32585 95.70239 95.083176
0 987.5045 53.24914 112.598755 95.88722
0 1092.743 294.6298 61.48767 70.80759
0 1107.8016 251.99173 85.19043 90.49811
