0 1314.0492 230.81877 46.32837 56.311203
0 1229.9718 119.81057 95.66333 82.90891
0 1268.0646 317.7802 82.28174 81.61859
0 1185.3346 206.61638 81.911255 72.03624
0 1100.4332 20.539663 96.826416 97.923416
0 1123.4366 119.848206 80.754395 106.417755
0 1194.5735 506.2709 93.83423 97.61026
0 1075.0397 256.4292 97.49426 99.74335
0 1062.7522 213.48613 77.27026 53.97792
0 1069.7333 393.0362 103.766235 80.071686
0 961.8925 137.00746 113.956116 63.596832
0 935.3426 48.4121 91.55231 88.06208
0 985.6648 267.3769 84.891235 92.88666
0 833.44354 53.33529 103.1225 83.76864
0 1024.4744 543.72534 91.65796 62.9209
0 971.9241 421.6149 97.624146 107.237885
0 881.4779 188.43234 98.00549 84.99362
0 870.57983 380.52753 81.82416 71.21094
0 878.6485 342.71118 61.73944 40.28598
0 854.5043 528.8409 101.18878 73.30603
0 771.38214 117.94808 88.21753 90.48408
0 785.6627 235.04198 90.127625 83.3044
0 782.7031 322.09985 96.48108 88.4906
0 727.79675 164.18549 46.171936 76.56088
0 645.2689 125.277 100.77301 79.747856
0 764.0432 468.93896 68.932495 73.47809
0 796.3363 607.6978 44.5235 52.255188
0 677.86115 239.43463 86.87695 87.58792
0 724.0122 376.37625 59.188904 86.44406
0 705.1225 569.1637 79.027466 64.526245
0 651.3053 309.4819 78.15027 70.813446
0 617.6957 198.75105 54.36731 72.84398
0 644.119 374.3396 89.43359 102.67935
0 648.0536 472.34082 103.132996 100.51013
0 543.0817 283.35593 77.224365 143.22061
0 507.85492 218.39389 62.79718 83.0889
0 566.2616 440.35028 74.13995 87.11987
0 529.4153 596.4742 99.95825 71.36267
0 476.38797 509.36584 134.11581 99.15387
0 434.3413 133.27548 97.57788 98.96745
0 435.6155 421.91156 94.604645 89.33392
0 360.7121 324.8286 123.396484 90.544525
0 396.03513 567.2189 63.722504 67.36926
0 336.44214 526.14276 89.798676 85.9574
