0 888.388 401.75827 73.56909 75.27225
0 913.83185 296.14157 100.88483 102.98355
0 787.5845 427.91254 93.10852 94.43823
0 833.72974 312.027 87.01959 88.76871
0 910.8569 146.59355 114.00165 115.79753
0 846.02765 221.9325 106.35956 106.33151
0 597.7275 476.34686 106.77319 107.867615
0 719.6533 256.12622 112.1828 113.618774
0 776.47107 222.25221 73.483154 75.777695
0 625.4721 323.0764 103.35571 106.08777
0 775.8422 118.15069 98.53064 102.6545
0 816.77344 47.67387 103.36322 105.11113
0 675.84546 194.5401 105.04437 106.36859
0 764.7033 -15.315473 105.2948 107.81639
0 509.3041 377.97534 86.48526 89.25833
0 540.8583 273.0736 116.863464 117.96051
0 682.88086 82.380745 105.571594 107.93185
0 547.09875 184.03716 86.46631 88.24812
0 598.287 164.27496 57.33258 59.332825
0 425.92227 249.77864 97.849396 100.734146
0 683.3393 -28.050184 101.650696 102.93931
0 603.5766 46.87833 99.8728 101.76947
0 535.0831 88.39204 104.73828 106.630455
0 634.7017 -33.538624 71.17395 70.500244
0 614.67145 -112.67791 101.60248 104.16475
0 425.4137 152.03642 81.14139 82.01993
0 352.2555 248.78477 55.367004 55.712692
0 543.25214 -32.456158 99.176575 100.51549
0 466.22412 67.69117 88.98694 89.14268
0 323.93802 170.36731 80.8956 82.812775
0 485.50955 -18.041788 92.496124 94.862175
0 551.02026 -98.21586 73.158936 73.16445
0 413.46854 13.438014 115.83713 117.22326
0 344.522 73.96844 115.60104 117.35046
0 404.9907 -105.317345 128.37473 126.54765
0 471.82254 -162.31383 85.07504 85.24791
0 333.2814 -2.4634082 92.24933 92.82078
0 208.72617 57.44268 96.01224 98.91045
0 230.48857 -24.050892 130.92293 134.65494
0 490.89642 -265.55557 114.35913 116.087845
0 272.8699 -104.78772 109.75519 112.02277
0 315.5351 -205.60196 120.02475 123.48992
0 168.58221 -60.282536 74.66696 75.50474
0 157.99545 -107.07857 89.566864 90.51474
