0 39.252922 929.62714 83.33991 84.608826
0 -95.43432 525.7141 105.09964 108.1311
0 -61.387962 641.3901 110.51897 106.513245
0 -9.977415 705.06134 111.57221 109.89166
0 0.45543748 535.2327 68.94931 82.42914
0 12.817939 455.94897 118.69793 108.07855
0 104.60379 808.3477 88.08176 89.493774
0 160.72037 945.47833 58.637207 61.747375
0 54.086803 566.1958 99.58443 103.38788
0 101.01831 704.74536 84.11954 96.04053
0 196.2108 865.90027 93.80757 86.3905
0 108.09969 616.59674 95.3149 91.19037
0 115.22927 496.44812 74.889595 82.82922
0 133.83392 664.54254 116.95221 122.152466
0 172.42802 749.50354 128.35371 126.146545
0 198.38428 523.20496 127.7471 154.13544
0 211.65352 452.94016 86.11952 94.80899
0 249.55472 671.5591 105.17053 107.02435
0 339.19293 784.16425 121.17169 104.26843
0 309.62845 685.00275 155.4414 138.10425
0 211.25871 338.676 109.07063 113.28284
0 347.7301 583.6348 114.197205 111.98547
0 337.72318 458.01874 139.5969 124.760254
0 477.50772 669.8265 81.22238 82.27313
0 480.8345 617.31464 111.19052 108.55542
