0 416.12805 411.74435 70.506836 42.584442
0 363.41138 323.59314 94.0733 59.680786
0 360.05356 479.00168 80.86487 60.753998
0 298.22748 385.8015 80.471375 51.946503
0 244.84563 225.39348 113.04787 71.91475
0 249.78484 308.55072 74.19435 80.06253
0 236.29973 623.8808 74.64967 73.19592
0 164.3627 415.0092 107.298676 72.583984
0 163.74748 376.82993 88.541275 37.671967
0 129.55177 523.2013 102.7782 56.689636
0 81.099144 311.69348 115.33314 42.42166
0 76.63732 234.58107 97.10859 64.25346
0 59.016884 410.97467 101.3603 68.79822
0 -24.353865 230.1257 101.827126 59.756287
0 46.41565 636.6704 91.35782 43.71057
0 7.786777 531.6353 110.716896 79.4281
0 -20.729267 343.28122 107.98868 61.23944
0 -67.65282 493.99164 80.441666 51.281006
0 -52.831436 467.68665 69.44265 27.774902
0 -120.45307 614.5474 100.58252 51.387817
0 -106.77008 271.66528 85.70214 66.46234
0 -122.69232 374.0102 96.94084 60.49832
0 -145.053 437.4902 94.51279 64.1543
0 -156.1843 301.9193 42.672188 58.589203
0 -180.10832 270.37344 45.908875 40.662567
0 -186.89995 557.0511 55.61641 50.60315
0 -186.80878 669.8339 34.940872 36.593872
0 -184.6786 371.944 33.95511 41.332672
0 -189.97334 473.78705 30.84703 58.006165
