0 402.07492 291.8409 80.88077 75.0332
0 303.24646 190.42401 109.600494 103.75729
0 402.58603 391.7068 99.627655 100.999695
0 291.9096 293.74866 94.280304 89.89392
0 145.4391 98.71734 131.43648 124.7945
0 203.98787 213.34216 104.75926 123.11508
0 398.8337 611.3104 102.05191 114.95026
0 205.58891 367.5719 118.03908 121.07248
0 181.49713 328.6773 83.121155 70.73886
0 249.17528 513.4048 114.7802 102.62604
0 71.07543 257.8384 115.92213 88.21817
0 17.500177 168.22134 114.68693 110.45703
0 119.50992 394.1758 120.71866 117.47839
0 -66.4028 192.28152 115.813614 106.20859
0 256.75064 685.91296 98.13193 82.78497
0 159.18459 559.71326 133.26375 133.29883
0 11.243433 332.07703 121.57702 109.94379
0 72.61449 545.4746 93.86833 89.045044
0 66.20199 510.56436 71.018394 55.902496
0 109.6105 707.58966 109.94111 95.27112
0 -103.52048 275.5997 106.90364 109.78479
0 -49.588497 406.0311 112.362366 105.66724
0 -25.313684 494.64343 112.5656 109.546814
0 -123.503044 342.47287 68.10896 86.84546
0 -175.2984 309.83133 74.29167 76.66168
0 7.4882627 665.3587 84.69233 88.58441
0 84.72246 818.4813 56.69876 62.04138
0 -114.150406 439.1816 65.9044 73.872284
0 -49.579643 573.41864 71.29067 90.10242
0 50.462715 789.24976 29.16185 45.16034
