0 673.4899 -158.45094 108.377075 99.75659
0 929.044 252.26643 97.21063 122.448746
0 758.2536 -13.086441 104.5517 100.76863
0 811.8053 205.31128 87.3537 84.406586
0 802.07275 159.11015 62.069153 48.811523
0 843.41876 369.52402 103.795044 88.03851
0 641.2248 -87.11678 98.10669 106.173
0 692.19 39.242867 97.61401 98.36219
0 716.53357 143.39513 104.29846 104.53615
0 616.28705 -25.194632 59.723938 87.91634
0 528.7078 -64.18631 105.302124 95.14455
0 741.37006 309.57944 77.458374 86.04407
0 817.10175 464.07825 51.409485 60.898804
0 595.38324 55.920765 89.47272 101.40341
0 676.4715 207.60352 73.19696 99.741394
0 726.0929 430.29587 83.14911 76.814026
0 598.8363 140.41354 84.234436 83.71753
0 525.5711 23.305346 65.362 84.35516
0 614.31274 207.73366 102.61139 119.77425
0 646.94073 318.49945 113.18646 118.29791
0 488.35422 118.24993 109.066315 164.90924
0 439.18597 54.24742 75.199585 96.28401
0 561.9779 291.74484 90.85602 102.65915
0 579.95703 469.4869 106.59479 86.76694
0 512.39166 370.4939 138.1419 118.894714
0 349.4577 -40.516434 98.66818 111.95553
0 443.27454 283.4761 101.25464 104.95627
0 347.06607 175.49524 124.69989 108.14703
0 448.80426 443.64246 71.4447 78.92584
0 395.0931 407.15976 98.100586 101.26587
