0 311.628173828125 390.97696 105.3642578125 105.67462
0 499.6534423828125 690.41595 108.496826171875 105.7254
0 379.234130859375 497.37387 100.94537353515625 100.93808
0 521.0020751953125 589.25195 85.49737548828125 85.59802
0 497.61041259765625 570.9556 58.7813720703125 60.37921
0 619.9664306640625 651.6104 99.1275634765625 100.88428
0 390.4241943359375 375.37982 103.28277587890625 102.48062
0 457.3299560546875 448.55652 100.16558837890625 100.20166
0 520.5918579101562 490.83975 106.82427978515625 106.927155
0 472.33477783203125 365.04565 71.18768310546875 68.03088
0 465.96051025390625 281.6221 104.14666748046875 105.443085
0 647.4454956054688 546.46765 82.33660888671875 81.44916
0 734.0260009765625 644.9867 55.993896484375 54.971313
0 531.3589477539062 364.80328 95.641845703125 94.36185
0 611.4737548828125 467.34158 84.3875732421875 81.43649
0 744.0133056640625 558.9893 82.83316040039062 83.663025
0 594.0317993164062 385.8343 86.02130126953125 86.18567
0 557.8553466796875 295.41248 73.673095703125 71.5777
0 633.0017700195312 413.94275 111.1407470703125 109.301636
0 692.9949340820312 466.48117 117.66043090820312 117.21585
0 641.8955688476562 283.3827 131.69622802734375 125.4487
0 627.7442626953125 226.14688 84.48065185546875 82.15878
0 731.7567749023438 385.01804 97.34918212890625 96.128265
0 845.6236572265625 439.2815 102.14321899414062 104.56494
0 795.0330200195312 360.0939 134.50958251953125 136.8888
0 594.9598388671875 128.00519 105.42193603515625 103.9978
0 787.8912963867188 279.13666 104.89935302734375 104.595764
0 745.9015502929688 172.67331 121.64208984375 123.68689
0 921.2758178710938 316.39926 75.78781127929688 75.01947
0 912.0540771484375 262.74005 101.526611328125 101.286224
