0 1100.9728 189.10997 88.32251 82.833084
0 989.418 102.60962 119.94708 114.40605
0 1106.4495 291.53464 107.74487 107.73151
0 982.6297 214.5072 103.175964 98.9104
0 818.7826 53.462605 131.03601 130.36237
0 883.86816 152.5426 120.44928 131.23355
0 1111.038 509.6102 122.619385 125.7009
0 891.0219 304.54816 129.02704 130.39722
0 859.29346 272.04602 91.11328 80.64975
0 938.0826 443.89185 125.73761 115.177124
0 739.01917 222.28818 127.276855 104.45834
0 674.72406 146.66185 120.187805 118.22575
0 807.4467 345.7075 118.81726 121.11569
0 585.098 189.23376 126.81995 118.258514
0 966.0995 610.3489 107.5885 94.6651
0 861.4873 511.91354 132.46417 137.23898
0 676.20386 309.49365 125.19147 118.525085
0 753.2712 512.71185 102.7337 98.1275
0 738.6788 479.4 71.92029 62.079132
0 794.5779 661.01556 120.49304 107.992615
0 548.9938 282.0124 116.849 118.20343
0 612.293 397.46365 117.02966 113.440216
0 641.27295 481.76675 123.1452 119.79959
0 527.12573 365.20856 74.12604 88.2988
0 428.63406 340.80768 123.00229 113.657745
0 681.4895 648.84155 92.53705 94.87457
0 769.021 785.5323 61.896545 65.62561
0 503.78622 444.99048 114.3978 115.030334
0 598.09674 569.0859 97.54529 106.888245
0 670.6634 772.7795 97.33472 90.926025
0 500.6481 525.73047 112.14114 103.35321
0 428.75616 443.70737 79.5975 88.306915
0 523.03906 590.3139 132.74884 134.97894
0 573.37714 686.7162 134.26385 133.41632
0 391.22763 549.448 130.7153 161.41376
0 333.33658 506.6149 91.95941 101.32602
0 479.07886 702.1348 103.13068 109.37079
0 509.4383 863.91516 118.56061 105.72717
0 425.95 781.3079 160.59705 144.94385
0 221.42296 429.5705 131.46779 131.2431
0 343.24506 729.673 129.35742 123.93933
0 236.87129 645.1993 147.44823 132.73456
0 360.01132 896.8469 85.29642 87.201294
0 293.09958 879.617 116.2059 114.74597
