0 1367.0392 374.2453 95.16455 112.598114
0 1385.5271 324.0293 90.62622 69.25006
0 1334.5015 497.09616 98.52466 93.882965
0 1313.7439 195.06812 130.96985 85.91791
0 1309.1859 95.29929 111.41797 106.461006
0 1282.7616 324.79514 104.5426 109.90747
0 1199.9514 57.533443 122.913574 104.29828
0 1250.1495 623.4909 99.83606 78.934326
0 1210.1207 482.99048 121.042725 127.02521
0 1199.2897 210.12875 117.72815 104.57565
0 1127.1985 399.37796 98.322754 87.5603
0 1156.8274 359.64914 71.9375 52.463623
0 1055.8156 541.30066 119.118286 93.3385
0 1119.5641 93.10667 108.303345 108.28379
0 1095.338 216.92117 109.116455 101.37427
0 1053.2059 305.1928 116.69336 107.82562
0 1056.2563 119.94605 61.57959 86.24526
0 978.93115 53.2459 119.77063 99.786316
0 982.77234 439.67905 85.09241 87.42166
0 975.7357 590.72656 55.765015 61.321777
0 974.85675 175.86653 100.53644 103.478226
0 971.94006 328.60367 76.96741 98.70792
0 889.5245 521.75946 94.249756 80.26318
0 928.5334 239.02922 94.37756 86.464066
0 925.84106 110.629974 69.60889 84.0291
0 891.9056 299.5693 111.642944 120.86566
0 858.46027 401.18832 125.73096 121.25284
0 800.659 165.83226 109.763 160.78355
0 804.47534 89.03807 80.229065 96.00609
0 786.71686 333.7915 97.46393 103.49338
0 695.85956 479.37497 121.316284 92.20053
0 670.39197 374.0355 158.22534 125.73337
0 757.18616 -24.251543 111.53949 115.025246
0 657.2289 266.8985 113.32428 107.90033
0 614.7936 140.93925 143.51996 114.450775
0 569.8419 388.10822 78.56799 80.25192
0 523.046 333.06964 109.21234 103.99823
