0 1265.8229 73.17104 41.93994 51.068893
0 1184.7433 -81.55913 94.00195 99.89526
0 1272.4459 132.22226 75.86072 94.11275
0 1155.4073 25.327917 79.13379 86.07396
0 1028.8835 -165.58093 103.39014 116.163734
0 1069.947 -61.724213 102.15588 126.5146
0 1237.9796 335.03046 112.11047 119.99426
0 1055.6534 90.014305 116.059814 122.93908
0 1031.463 48.552345 85.6427 71.44274
0 1083.4441 236.34651 116.924194 103.79198
0 913.6173 -20.145716 122.25488 88.766685
0 864.323 -106.54916 107.56958 109.638756
0 968.724 121.18066 102.592896 113.30816
0 765.0452 -82.8334 117.263245 107.50674
0 1079.1256 408.13416 101.30554 83.585754
0 993.79614 288.6023 118.076416 130.7344
0 845.6611 54.502045 112.805786 107.751144
0 884.0542 266.542 94.24402 90.220184
0 881.68335 227.20605 67.710144 54.13629
0 905.7327 425.38812 112.81549 96.27295
0 721.0509 0.6299541 105.075134 111.481186
0 764.87115 123.830376 105.03882 104.421104
0 782.9462 217.87483 112.26996 111.070755
0 687.65607 68.329605 62.381042 88.62106
0 597.37854 32.20035 114.06769 102.87105
0 800.27814 384.8679 82.80664 89.98682
0 866.989 532.3833 54.697815 63.093933
0 658.224 151.08517 102.21991 107.925385
0 737.20374 294.9578 77.00818 101.47531
0 768.2762 502.77222 89.947815 82.72998
0 650.0966 233.39757 90.7207 89.07185
0 587.3781 125.892075 69.076355 86.410355
0 659.7254 302.51617 109.2926 124.36722
0 688.3645 404.89288 121.507324 124.86401
0 535.717 228.1041 108.80359 164.15384
0 484.72076 167.3015 79.52136 98.72032
0 598.6379 392.05838 91.792175 105.39511
0 602.37915 562.3637 111.75061 94.19855
0 529.76526 472.33673 150.04047 129.67078
0 391.83676 83.30178 114.712555 121.521614
0 465.9162 394.44855 110.50372 111.49362
0 368.34885 298.56726 137.58063 118.49118
0 462.1564 563.70184 76.40762 82.60986
0 395.0683 526.9709 105.39841 107.09375
