0 76.12464 570.28375 99.46584 97.288574
0 73.198555 531.6423 81.81185 63.408813
0 107.517815 652.2191 122.36294 95.20715
0 98.85169 428.5424 117.18568 82.39636
0 110.78745 351.87595 102.156425 91.87082
0 156.53151 522.3172 96.87422 92.86182
0 195.46762 305.97427 111.72531 92.77069
0 206.43637 739.3293 96.80191 74.43848
0 216.05925 628.0089 111.820786 107.22485
0 211.34839 420.74252 107.34747 91.904755
0 304.1142 550.1349 89.67786 76.90448
0 298.09933 524.45325 64.7623 48.694275
0 358.5869 644.5279 107.70383 84.85596
0 281.1928 319.49512 99.65509 92.43405
0 310.76184 408.43668 99.824066 88.0849
0 347.47778 467.11545 106.7218 93.82193
0 380.27615 327.9385 58.48526 68.65936
0 393.4451 264.3255 108.73215 89.19455
0 445.89633 555.7243 78.470856 74.15411
0 487.93344 667.04846 51.726715 51.234375
0 421.75998 356.50018 93.29007 87.9787
0 455.214 471.02408 72.43848 79.88986
0 526.0706 600.4289 85.69183 71.32391
0 473.0395 394.79678 86.25806 75.395966
0 487.67175 298.20578 65.11658 68.82739
0 494.6657 435.62692 103.40088 101.31137
0 518.5035 506.1227 115.362 104.40073
0 567.5993 321.38602 104.359436 126.8056
0 584.6256 261.13025 74.98584 78.770325
0 602.2916 442.45615 89.688965 86.93521
0 671.58734 535.2322 109.11957 84.39624
0 655.3005 452.63077 143.19287 113.85733
0 591.3358 168.32573 103.672485 97.92244
0 698.1217 369.4816 104.03186 93.26199
0 701.2565 267.3804 130.09882 103.61984
0 813.8443 445.0413 72.41968 68.16385
0 825.4646 395.55954 100.104614 89.81253
