0 69.8828125 -14.114127 69.93212890625 69.08354
0 120.6982421875 -98.83575 71.134033203125 89.622696
0 18.7384033203125 86.98117 81.96044921875 98.16695
0 184.5406494140625 -88.02644 98.92840576171875 95.6831
0 -73.260498046875 330.4738 63.08447265625 66.38461
0 -35.0916748046875 226.05954 100.2685546875 115.50195
0 113.9617919921875 26.672031 95.2939453125 95.73607
0 85.62451171875 210.73102 79.6195068359375 80.15271
0 115.59716796875 174.5533 56.900634765625 48.487213
0 45.576171875 346.47348 94.9677734375 85.956726
0 225.785400390625 -18.42052 89.0836181640625 98.6358
0 182.3724365234375 84.24517 88.85162353515625 92.62824
0 157.12939453125 170.09421 94.9527587890625 98.54584
0 286.56402587890625 45.493298 53.5418701171875 77.68025
0 324.04815673828125 17.739668 96.17425537109375 91.61882
0 162.9429931640625 314.90094 70.2686767578125 79.55539
0 120.9031982421875 440.89133 46.5220947265625 55.662872
0 280.19525146484375 115.488785 81.59283447265625 93.61157
0 224.6781005859375 237.83824 65.8572998046875 89.13869
0 175.2001953125 421.00662 75.8916015625 73.621124
0 284.55657958984375 188.52808 76.70758056640625 79.051544
0 366.3314208984375 100.94058 58.94744873046875 76.02992
0 255.9986572265625 244.14742 92.9072265625 109.77101
0 218.7139892578125 333.6091 102.90069580078125 110.61978
0 365.343505859375 187.27057 97.30792236328125 145.03052
0 438.734375 140.691 67.8388671875 86.882126
0 317.42987060546875 326.705 81.99884033203125 94.48694
0 290.492431640625 475.31458 97.3304443359375 85.39746
0 321.9498291015625 396.25497 126.35101318359375 115.70917
0 497.25653076171875 69.15024 90.11297607421875 103.500015
0 417.25494384765625 336.41266 92.21160888671875 98.349
0 481.65185546875 253.73744 114.1815185546875 105.12871
0 443.512939453125 479.54916 64.82623291015625 73.04715
0 468.80145263671875 452.60425 89.2265625 94.927734
