0 959.9031 278.91528 81.569824 80.09726
0 947.60535 149.55035 110.5365 110.99161
0 868.57794 348.5643 98.63965 105.43164
0 869.9997 206.15663 95.00543 96.039444
0 887.3909 -20.999935 128.91547 131.70279
0 846.04047 86.13269 112.61798 132.13672
0 691.391 483.82153 105.92749 120.74005
0 729.22345 187.90877 117.93964 127.86705
0 765.00775 138.70561 84.76172 77.06175
0 651.6653 308.1729 116.471924 110.83548
0 724.48254 25.160091 119.46216 98.15689
0 744.6991 -80.05445 114.213745 117.23048
0 646.94336 141.84123 118.29303 123.627365
0 662.87427 -120.72596 117.204956 114.20804
0 541.87225 426.1274 100.1712 90.3436
0 549.53613 282.17328 120.65192 135.16455
0 611.7747 21.887426 121.37244 117.62432
0 505.43024 197.00122 94.64447 95.21246
0 546.50037 162.74225 68.08258 59.462067
0 404.07544 325.25037 111.92096 103.457855
0 573.31885 -101.56754 106.79352 115.91442
0 513.63477 18.316776 112.0094 112.484085
0 457.83594 96.8892 113.16809 116.64742
0 515.86 -82.87132 66.03259 88.94587
0 459.82574 -155.58066 113.80145 109.561005
0 363.47122 220.07716 84.41403 93.26857
0 320.3364 365.564 56.19223 64.89575
0 416.51733 -39.89311 104.65161 112.70073
0 375.02762 105.7434 88.09537 106.2766
0 261.9261 286.40656 89.934296 87.842865
0 355.69244 6.5980005 103.79614 99.58017
0 396.78107 -110.03416 71.74631 87.97847
0 295.48007 60.43098 127.151794 135.31952
0 248.73439 163.3885 123.024734 130.41963
0 253.94583 -75.18124 115.707214 163.45178
0 283.9909 -151.12859 90.3421 104.343094
0 203.22574 88.54973 93.60889 108.1523
0 132.6885 236.15973 68.71593 73.92087
0 136.82123 140.26802 97.326996 106.69432
0 304.44287 -252.06416 85.617676 107.697235
0 183.30167 47.562702 40.9402 68.87613
