0 327.82489013671875 273.05304 71.830322265625 77.14743
0 399.8641357421875 197.55717 98.266357421875 106.46913
0 284.85736083984375 369.0636 90.1055908203125 100.01108
0 398.4599609375 298.7143 84.7069091796875 92.01657
0 528.5892333984375 148.78172 113.9290771484375 124.71794
0 468.09808349609375 243.09573 104.111572265625 120.836
0 229.79443359375 572.7885 100.625732421875 114.10181
0 430.5185546875 385.3429 108.41778564453125 120.99307
0 498.14984130859375 355.10135 72.31884765625 75.34787
0 375.980712890625 511.91736 101.2403564453125 107.40515
0 570.4828491210938 309.87552 97.98565673828125 98.02338
0 634.2303466796875 240.43454 101.81939697265625 111.463104
0 495.11346435546875 427.05673 105.30230712890625 116.384796
0 692.171142578125 283.12982 102.88720703125 110.17435
0 342.05535888671875 669.0667 85.1849365234375 88.47119
0 413.56805419921875 575.0663 112.5556640625 127.184875
0 599.097900390625 393.7768 105.28424072265625 112.77466
0 525.7655029296875 583.0666 84.21063232421875 91.30536
0 569.9014892578125 551.19464 57.00048828125 58.480896
0 451.78387451171875 719.55194 96.1343994140625 100.82416
0 710.5691528320312 369.24472 98.22122192382812 109.66141
0 640.6334228515625 475.61078 98.82598876953125 107.29584
0 597.4127807617188 557.5031 101.74908447265625 111.366516
0 747.7587280273438 447.8559 67.25241088867188 81.32269
0 789.6421203613281 428.4744 99.40386962890625 105.93912
0 561.6908569335938 712.4542 78.259033203125 87.96814
0 495.15447998046875 838.4179 53.14898681640625 60.747192
0 718.908935546875 525.4714 95.91574096679688 106.76648
0 634.5964965820312 641.06934 85.0467529296875 98.80054
0 545.8328247070312 826.05774 79.0264892578125 84.70239
0 711.7626953125 599.6429 90.52682495117188 96.347595
0 806.2726135253906 525.0675 69.80136108398438 81.579895
0 661.3775024414062 659.18634 114.67935180664062 127.46216
0 604.3365478515625 750.5577 111.97479248046875 123.89319
0 765.562255859375 624.5873 120.71121215820312 148.44214
0 857.0722961425781 583.1965 84.19952392578125 96.68201
0 700.4246215820312 766.11816 88.5667724609375 101.24701
0 640.2269897460938 912.81213 88.10565185546875 92.99664
0 682.0703735351562 838.5169 127.87115478515625 134.86627
0 925.9649658203125 512.7188 108.28350830078125 120.18683
0 779.9667053222656 791.6172 86.89114379882812 97.64276
0 874.9019775390625 715.8566 56.2060546875 66.64197
