0 1053.9027 -166.6973 104.690674 110.36035
0 1155.1343 -47.552475 97.69263 103.57188
0 1230.2417 141.87038 84.429565 88.14491
0 1216.3256 104.44128 63.80542 57.059273
0 1277.5776 284.21005 103.730835 98.22125
0 1026.0159 -88.433495 104.45361 111.7229
0 1093.0865 17.421938 103.03113 105.76741
0 1125.8496 106.22044 110.01709 112.593765
0 1008.03503 -12.557557 66.460205 85.27042
0 918.5642 -37.42097 109.80188 105.97485
0 1167.4401 263.40262 82.75061 89.8562
0 1258.4816 393.6683 55.384644 62.445282
0 996.7926 62.595093 95.33142 105.02341
0 1092.3727 187.98499 80.46472 98.57068
0 1166.1613 380.09756 86.90332 84.92612
0 1009.7749 141.70103 88.765625 90.4086
0 924.02673 58.065483 71.27069 84.52853
0 1032.5157 198.79474 110.317505 123.31644
0 1076.7241 291.32718 119.991455 125.78638
0 898.29443 153.43806 122.263 159.13603
0 842.99493 110.79429 81.897766 96.67191
0 989.79846 295.98492 97.66089 106.88257
0 1027.3424 453.26205 110.29065 100.3591
0 951.15283 372.04532 143.31152 134.63351
0 745.0762 41.101112 104.96008 115.69897
0 872.69055 320.07178 107.114746 111.81796
0 766.9811 238.22372 129.2987 122.05347
0 894.60815 476.8394 76.26495 82.551605
0 839.24695 452.0292 103.84253 108.08359
