0 904.63885 305.52368 53.122864 78.81906
0 838.08264 488.95633 68.23218 91.17569
0 801.8708 563.2186 80.295044 108.56848
0 806.2209 340.10483 105.13312 154.99365
0 834.11127 268.7192 68.44275 92.63751
0 779.3327 499.91223 78.55701 100.241455
0 695.75244 631.73553 94.40167 95.67041
0 699.6239 531.84546 116.048706 124.9447
0 824.2231 160.19461 84.0166 105.93442
0 702.54944 428.02115 88.348816 105.6528
0 698.62756 302.33066 104.83356 113.387146
0 627.0469 528.27606 63.658142 78.62781
0 605.5456 483.17334 85.387634 101.96405
