0 557.1501 141.01984 80.49762 72.43498
0 530.3152 18.25764 108.53497 100.7233
0 475.09482 216.8676 95.69406 97.11931
0 455.0382 81.74504 93.15314 87.28282
0 447.93375 -139.90852 129.13089 120.87654
0 417.2161 -34.215305 112.94095 125.40604
0 311.8509 365.95572 98.25745 111.7135
0 311.95288 79.08943 113.824036 117.78757
0 336.7056 30.731897 84.9176 68.44943
0 245.75594 204.42311 115.649216 99.459885
0 281.22403 -74.10794 121.87445 85.04918
0 291.88257 -177.90846 112.94171 107.275505
0 216.73741 45.10579 118.49397 114.13066
0 201.7139 -207.31837 115.81601 103.008965
0 142.32205 330.20145 100.50816 80.09805
0 137.72562 187.9493 118.09187 126.05513
0 166.22726 -64.31681 122.089386 106.58781
0 77.18992 115.68416 92.89616 86.44624
0 111.465614 81.05719 69.95603 52.708466
0 -10.634914 251.41821 111.769455 92.24402
0 112.280525 -178.99016 103.04212 106.80953
0 64.14632 -56.22249 111.501785 102.558105
0 17.834364 25.291706 110.49028 106.42522
0 55.035088 -155.56474 60.08996 84.918465
0 -12.981227 -216.59526 112.73527 98.57452
0 -65.78848 154.63583 81.10374 86.22426
0 -93.90991 300.38452 53.388958 60.46393
0 -43.052948 -101.7971 101.158615 103.68519
0 -67.24958 43.447617 82.77595 99.75766
0 -162.60384 228.76193 88.82481 79.2688
0 -102.49083 -49.565456 102.89368 89.51743
0 -72.735085 -165.41388 67.10668 82.798904
0 -156.3604 5.7510633 126.739136 125.301155
0 -189.86794 112.04973 119.35597 119.64224
0 -149.85736 -96.82069 45.932343 118.61822
