0 152.740478515625 230.40326 78.697509765625 73.9577
0 216.8714599609375 123.62178 106.2540283203125 103.03027
0 150.5413818359375 333.04822 93.8096923828125 99.26343
0 256.5284423828125 230.105 91.22149658203125 89.28813
0 360.64300537109375 40.910152 110.8226318359375 118.74565
0 326.7860107421875 147.46036 94.94647216796875 123.57028
0 168.2496337890625 548.71246 108.0443115234375 117.8811
0 334.0908203125 300.23587 111.8621826171875 120.73874
0 386.2117919921875 258.57507 82.7762451171875 69.80444
0 312.0823974609375 449.59644 112.94012451171875 101.57391
0 458.2421875 190.22427 118.31976318359375 86.41232
0 517.0347290039062 98.17343 103.733154296875 107.604614
0 427.6258544921875 320.51642 98.83148193359375 111.378876
0 599.8392944335938 121.053246 113.22357177734375 105.27506
0 327.56378173828125 616.26184 97.91583251953125 81.643555
0 393.02337646484375 498.40622 113.74224853515625 128.51395
0 536.5029907226562 258.14053 108.87835693359375 105.61258
0 515.52880859375 470.45587 90.95208740234375 88.43109
0 548.2307739257812 431.49774 65.481689453125 52.84137
0 484.97723388671875 628.8735 109.013916015625 94.11743
0 658.3563232421875 201.72655 101.2724609375 109.48903
0 617.859619140625 328.9022 101.32403564453125 102.43173
0 598.2815551757812 417.35532 108.3057861328125 108.94382
0 730.0706787109375 269.4966 59.859283447265625 87.47116
0 771.1962280273438 233.3241 110.1483154296875 100.69498
0 614.4048461914062 584.40375 79.78717041015625 88.42761
0 581.3441772460938 732.8198 52.659912109375 62.0683
0 726.7857055664062 349.1833 99.37982177734375 106.264435
0 676.314453125 487.52655 80.8624267578125 102.210266
0 640.4470825195312 703.05133 86.84600830078125 81.01843
0 743.8627319335938 430.71338 98.88894653320312 90.92981
0 824.58447265625 325.74817 66.42291259765625 85.12311
0 718.4509887695312 498.2665 113.62765502929688 124.95633
0 683.9708862304688 603.182 117.16180419921875 122.567566
0 845.9380798339844 423.31274 103.67666625976562 161.96594
0 920.3956909179688 363.81964 76.47573852539062 97.23752
0 803.7826538085938 591.5889 87.71328735351562 103.46411
0 782.5124816894531 764.09106 107.4378662109375 91.875305
0 811.224365234375 670.58575 144.96517944335938 126.80591
0 971.9772338867188 276.22858 111.75941467285156 119.963776
0 910.5726928710938 591.47455 110.60891723632812 110.67224
0 977.2572326660156 492.2829 133.2076416015625 115.960815
0 955.2297668457031 755.4819 73.62648010253906 81.17059
0 990.5679321289062 723.1412 101.64691162109375 105.11157
