0 121.616325 -207.7389 91.301735 86.67291
0 221.90514 -277.74725 75.76735 80.22098
0 59.825783 -152.01558 98.92771 99.30673
0 3.1505473 -90.61065 113.67146 115.71099
0 182.47224 -194.35469 143.18504 155.0786
0 297.63458 -214.30244 92.73364 95.8231
0 100.08768 -75.2024 108.03764 107.54199
0 30.937843 55.643795 126.00332 112.176956
0 85.5148 -9.029636 156.4285 143.22318
0 387.99573 -259.43457 112.7023 112.511185
0 220.96277 -26.112137 118.875 115.014015
0 322.71823 -84.62406 140.89032 129.39708
0 223.21149 120.0651 85.80066 84.42794
0 248.22328 105.78523 115.29668 111.353165
