0 796.44696 136.99385 78.7511 60.72751
0 816.3865 25.549921 102.263306 83.06241
0 852.08734 215.30225 89.56378 82.285645
0 905.34265 97.25737 87.32922 70.0146
0 907.66327 -103.15647 131.14459 98.04562
0 938.9616 -0.8751301 108.5108 105.34904
0 1015.17755 370.3231 81.861145 94.36261
0 1034.9326 116.42908 116.6947 97.27574
0 1048.2972 71.43296 94.607666 54.029495
0 1090.5535 237.01381 110.803955 78.0204
0 1090.0624 -14.764088 132.07532 63.555115
0 1108.6077 -105.72722 104.967285 87.43173
0 1147.275 103.33105 108.90564 88.82604
0 1206.1427 -85.42319 26.381836 39.457745
0 1188.7253 373.59302 90.72229 58.123047
0 1203.0592 254.19072 68.69971 84.67125
0 1212.2892 28.078447 34.319946 63.210396
