0 -216.3670654296875 242.299 98.5892333984375 47.53334
0 -182.26953125 161.49399 87.3909912109375 69.6028
0 -204.186279296875 339.8776 79.0792236328125 74.06641
0 -86.5338134765625 150.77513 99.8385009765625 65.274475
0 -235.0386962890625 576.4197 75.4052734375 47.730957
0 -190.2081298828125 475.94043 91.99609375 85.56818
0 -116.1904296875 267.91782 94.3992919921875 66.61548
0 -75.47802734375 427.32492 78.7906494140625 55.829803
0 -67.9049072265625 392.44705 60.6630859375 30.68335
0 -63.4859619140625 549.55774 98.7681884765625 56.483215
0 -7.768798828125 192.2495 83.710693359375 71.85884
0 -15.4217529296875 291.7037 86.347412109375 65.63733
0 -5.2117919921875 367.6119 92.496337890625 69.68036
0 86.9027099609375 224.93695 41.1796875 62.46225
0 115.947509765625 187.95042 97.7542724609375 61.989716
0 58.0047607421875 484.4107 65.1607666015625 58.51117
0 57.5888671875 602.9019 41.6551513671875 41.88257
0 110.6263427734375 282.15842 76.3018798828125 69.26709
0 100.8935546875 400.1198 53.8333740234375 70.113464
0 113.9134521484375 565.43744 76.4810791015625 50.304016
0 142.6551513671875 340.366 75.00048828125 55.70584
0 198.7955322265625 241.88823 50.049560546875 58.82103
0 145.515380859375 391.7797 83.87744140625 82.16641
0 139.1854248046875 476.32797 98.3397216796875 79.52127
0 260.6429443359375 303.55948 72.02099609375 117.5278
0 302.305419921875 247.10165 57.9046630859375 67.048035
0 245.5845947265625 438.2188 74.24530029296875 69.97693
0 271.03955078125 567.86 101.74517822265625 55.03473
0 282.5347900390625 490.10214 130.7388916015625 76.56027
0 341.147216796875 167.82178 84.47735595703125 76.90567
0 362.35296630859375 410.57498 88.8349609375 70.45416
0 399.93804931640625 321.38138 118.27703857421875 69.78186
0 446.40081787109375 520.302 60.285888671875 53.616272
0 470.994140625 486.22714 85.76422119140625 67.914215
