0 1262.8127 -165.72833 63.170654 81.02281
0 1318.0181 -24.306719 72.66577 77.52871
0 1235.7208 -124.26839 62.85791 79.18569
0 1337.6255 37.17196 79.96179 108.013405
0 1344.0463 130.9857 108.104004 112.15683
0 1182.9185 -39.97673 108.733765 154.69653
0 1135.4912 -88.28516 74.546875 91.007095
0 1251.1833 114.43682 94.87854 99.06664
0 1252.3105 272.58752 117.42529 87.839935
0 1191.667 184.20786 144.67786 117.57617
0 1045.469 -168.27524 92.31299 103.14232
0 1117.9952 119.529366 102.56433 101.126625
0 1019.8143 25.985634 128.91815 106.417076
0 1105.0995 263.85037 72.762695 75.80142
0 1056.5076 237.94641 100.55859 97.92966
