0 545.1729 209.95538 73.63275 68.360016
0 456.76627 138.19354 99.48868 93.61337
0 538.94604 289.2829 90.64111 89.90204
0 442.11777 228.31558 85.549286 80.92166
0 312.82834 85.01122 121.84555 113.87469
0 363.164 177.50273 102.78021 109.053024
0 522.54285 479.69894 91.259094 98.207
0 354.47278 301.57623 117.19708 113.75223
0 332.7453 273.51776 84.64801 70.89392
0 385.40707 418.50046 104.56503 94.36142
0 235.10297 236.22139 109.9306 87.73616
0 191.88585 170.83466 103.998856 99.11127
0 274.1054 345.0687 109.394775 105.06299
0 116.76198 209.74464 105.34483 96.83229
0 389.5632 570.261 85.30948 75.2666
0 303.84024 480.52908 124.85651 120.5336
0 177.05766 311.1407 110.68153 100.70572
0 227.38574 486.46246 85.203186 80.28992
0 220.96759 456.38486 65.527374 53.952667
0 263.30984 613.67786 88.612 81.56714
0 84.80526 289.76535 92.634514 93.41467
0 135.95265 385.96487 85.27373 86.65402
0 172.97682 463.42856 66.54317 75.69443
