0 557.8343 241.42053 80.40344 79.93741
0 455.36136 169.92955 108.067535 108.281235
0 568.2053 331.35434 99.99829 102.731384
0 456.82474 275.21915 92.553314 92.79468
0 296.43588 126.54978 133.07678 132.2045
0 364.81952 225.51657 122.21524 127.67209
0 582.2273 545.69476 102.599365 109.79321
0 377.27206 365.5845 129.5296 132.18329
0 348.87778 338.13293 88.4303 83.35321
0 428.94696 491.34427 111.565796 109.226105
0 242.58917 305.36996 115.64374 105.98395
0 184.66266 237.69926 112.76663 113.487656
0 301.82547 424.19202 118.89517 120.12256
0 114.14341 289.13483 117.73167 117.471375
0 463.98035 660.7469 89.056885 86.48682
0 357.69257 568.81494 136.94034 138.45123
0 197.221 398.07175 118.37471 116.37601
0 305.06528 586.77295 64.63608 70.84418
0 281.26053 553.6363 50.05356 49.64392
0 396.9784 731.13275 25.52295 31.371582
0 149.16556 392.6492 35.536484 45.979797
