0 292.9672 149.92146 68.338745 61.31012
0 339.14212 71.213615 67.34146 80.41262
0 252.29402 242.84982 78.162674 87.898285
0 404.30847 78.8722 96.903625 84.824196
0 177.61891 466.753 61.190796 59.098633
0 210.77065 370.44687 96.137955 103.24881
0 342.8268 185.09735 92.943085 85.03586
0 329.01306 352.8136 77.63696 71.20148
0 353.97342 319.35486 56.470703 42.682312
0 300.1317 477.0617 93.68573 75.929565
0 452.7487 140.37582 85.860504 88.01758
0 417.023 234.87888 86.28226 82.424866
0 399.2017 313.40594 92.25659 87.67163
0 519.0805 196.25243 49.540283 70.05965
0 554.4478 169.87521 94.3631 81.15654
0 416.6045 444.42047 67.529755 71.06183
0 383.38693 560.1137 44.373016 49.838196
0 519.18463 259.75848 78.2738 83.666046
0 473.6254 372.39273 61.65445 80.19678
0 437.36047 540.15955 74.31372 65.27612
0 528.63245 325.89978 74.592224 70.304474
0 604.29913 243.76201 55.606995 68.27913
0 506.93027 376.88803 88.77139 98.23233
0 476.57242 459.18765 99.54965 98.57779
0 616.13727 321.195 89.602905 130.92126
0 681.8143 277.16135 64.06372 78.00372
0 575.1676 449.66888 78.61737 84.464355
0 559.2002 585.31964 96.319336 75.30249
0 586.1776 512.41064 124.49426 102.27765
0 735.7527 210.28416 86.43475 92.508316
0 677.1331 455.0364 89.296265 87.61044
0 735.09985 378.01236 112.44025 92.95291
0 714.57916 583.91125 62.338318 65.23474
0 739.13245 558.4802 86.43219 84.552795
