0 -41.9051513671875 103.56577 77.4456787109375 59.06359
0 -1.555908203125 9.9868145 71.01171875 82.64939
0 -60.7669677734375 210.77805 76.60107421875 88.573395
0 76.6265869140625 7.4817166 100.7178955078125 80.57352
0 -115.5166015625 472.76257 62.2783203125 57.580322
0 -75.2669677734375 360.98328 95.3648681640625 103.053375
0 30.0196533203125 135.04305 95.7235107421875 81.73364
0 46.3203125 320.7648 79.9189453125 68.47879
0 62.359619140625 281.1049 60.3040771484375 38.783783
0 39.176025390625 461.5409 98.8236083984375 70.53992
0 144.440673828125 64.756386 86.1710205078125 86.95983
0 122.55712890625 175.2057 88.0322265625 80.09294
0 119.544189453125 263.61737 94.237548828125 85.08127
0 228.7259521484375 113.30567 45.11944580078125 73.508965
0 262.25457763671875 77.8532 98.42181396484375 76.7132
0 163.35791015625 403.49762 67.3358154296875 70.61655
0 146.6715087890625 536.6755 43.496337890625 50.218018
0 242.5272216796875 182.24988 78.03509521484375 83.445465
0 214.9285888671875 313.52744 57.82196044921875 83.01636
0 204.392333984375 503.9986 77.18487548828125 62.063904
0 264.247802734375 253.02243 76.33245849609375 68.08777
0 332.63128662109375 148.77135 53.11724853515625 69.96881
0 255.6290283203125 311.40903 87.377197265625 98.66281
0 237.626953125 406.93347 100.73846435546875 96.619995
0 373.4329833984375 227.67508 80.3890380859375 138.02231
0 427.82720947265625 169.69853 61.35272216796875 79.81151
0 344.3367919921875 378.0384 77.74224853515625 84.285645
0 350.76763916015625 529.56915 102.0660400390625 69.148315
0 370.3450927734375 443.96805 130.9927978515625 95.40604
0 476.01263427734375 86.14537 86.21331787109375 92.38881
0 459.1646728515625 364.1193 90.6378173828125 85.69165
0 508.04962158203125 269.3106 118.26458740234375 86.87848
0 523.9707641601562 498.3273 62.24627685546875 64.74698
0 549.3316040039062 464.916 87.71148681640625 82.634735
