0 338.84136962890625 439.22125 68.8167724609375 53.621582
0 355.32763671875 341.49283 92.30108642578125 74.85651
0 386.458740234375 501.185 79.885498046875 72.48645
0 429.71966552734375 395.97043 79.08160400390625 64.91101
0 444.45660400390625 227.50616 99.2760009765625 87.81268
0 466.13140869140625 311.76953 77.7491455078125 91.46484
0 500.49798583984375 625.8666 87.85150146484375 85.53497
0 536.7954711914062 402.34537 94.7998046875 88.266815
0 550.8099975585938 363.8416 73.9168701171875 50.236176
0 575.5833740234375 505.17175 99.64208984375 73.43146
0 584.1586303710938 285.35956 108.25347900390625 61.496735
0 602.35009765625 204.05379 91.0555419921875 78.94881
0 623.5654296875 380.34375 88.58984375 82.76416
0 682.6951904296875 185.12054 99.22616577148438 76.27496
0 655.9666748046875 608.45593 87.62860107421875 58.719055
0 673.0974731445312 500.73032 95.27392578125 94.1824
0 687.0975952148438 297.1361 98.0208740234375 77.4158
0 758.2564697265625 443.3781 78.96121215820312 64.25302
0 759.8624267578125 413.11548 59.504364013671875 38.019073
0 798.8898315429688 551.8375 96.93685913085938 67.84973
0 769.9431457519531 213.1429 85.79055786132812 80.04997
0 786.5103454589844 310.39075 89.79458618164062 75.119446
0 811.2816772460938 373.40442 93.32357788085938 79.32126
0 858.2398071289062 236.26874 46.31060791015625 64.87396
0 878.66796875 188.6217 96.87356567382812 72.8775
0 892.8373413085938 478.6599 67.17098999023438 64.73926
0 921.5651550292969 592.5139 43.61859130859375 45.59613
0 893.971923828125 280.05112 84.41500854492188 77.644684
0 909.2437744140625 391.48294 66.61422729492188 75.52167
0 961.8518676757812 545.72614 76.05754089355469 58.713013
0 935.8824157714844 324.54684 88.48320007324219 66.158264
0 966.8456726074219 231.39827 53.696044921875 62.774704
0 954.1804809570312 373.138 97.04444885253906 91.683075
0 970.6331176757812 453.15503 100.04318237304688 89.445984
0 1041.7166290283203 275.57285 78.187744140625 120.43753
0 1062.5146026611328 220.06801 63.89530944824219 72.06731
0 1062.9968719482422 405.68842 72.63554382324219 75.99478
0 1113.20166015625 517.72534 95.70723724365234 66.19714
0 1106.0890655517578 438.69284 128.58633041381836 91.49881
0 1075.1400299072266 130.31487 98.95161437988281 88.495834
0 1154.8465957641602 359.96307 100.27980041503906 81.52615
0 1168.940185546875 265.04507 118.26523065567017 83.63696
0 1259.507568359375 450.62985 62.0673828125 59.409363
0 1282.4730093479156 417.0689 73.95472502708435 71.58417
