0 1123.2402 580.2222 64.292725 61.344482
0 1234.4081 397.61908 102.21118 100.63037
0 1139.9796 467.27213 124.27734 123.30405
0 849.68854 778.17865 124.54376 125.58606
0 1004.074 517.51215 128.12207 129.34644
0 1073.3157 474.835 82.415405 85.475555
0 897.93567 601.6824 116.4624 119.93939
0 1076.0476 348.39606 109.330444 115.17856
0 1121.8843 264.4387 116.04114 117.65646
0 953.62836 450.70966 116.174255 116.73633
0 1065.2864 189.50273 118.93945 122.04521
0 764.5683 672.49054 96.915955 100.63837
0 798.36194 544.51196 133.9115 134.52179
0 971.23517 316.1678 117.13495 119.63843
0 811.63544 439.33286 97.99341 100.0621
0 874.606 417.5196 63.68158 66.36377
0 673.36847 527.05975 109.92511 113.71417
0 976.6755 185.48294 116.10138 117.18915
0 887.70667 276.71347 111.651 113.52371
0 803.1034 331.80762 118.99823 121.06015
0 920.9962 178.95767 83.0506 81.18405
0 907.1014 91.47735 114.618164 117.829216
0 678.04755 413.0458 92.84393 93.46185
0 592.8793 531.5021 63.62683 63.625977
0 821.71014 192.5523 111.50122 112.45584
0 727.4254 318.38724 97.53699 96.120026
0 566.79736 437.8485 91.40094 93.75342
0 760.1014 220.92407 95.72974 97.471954
0 834.6865 116.166595 84.58795 83.833374
0 675.78613 259.37833 126.06079 126.251434
0 593.4176 329.1979 131.71808 133.42856
0 665.6777 116.49351 151.69171 147.47952
0 751.92035 46.098896 96.91138 96.12666
0 588.33307 241.76703 107.34668 107.526306
0 445.80154 320.887 108.8887 112.87845
0 472.97528 224.43765 147.2229 152.07953
0 776.2241 -66.33068 124.77356 125.80446
0 533.38837 130.17801 118.201965 119.9467
0 578.03125 8.04875 134.37299 138.81764
0 406.13177 193.14818 85.403076 86.020615
0 395.02286 125.21154 113.49881 115.11793
