0 681.9703 152.08765 77.46307 63.740723
0 678.6918 46.451794 103.306946 87.11856
0 745.03766 202.134 92.39789 84.664154
0 770.2972 91.22041 88.472595 74.88043
0 733.69415 -89.34608 128.30524 105.61381
0 783.3119 1.3469045 108.5979 106.31264
0 916.04346 307.87088 89.40839 93.85205
0 883.3633 77.6179 120.73059 107.929146
0 886.8331 39.2537 91.21326 63.253983
0 955.7052 173.23123 109.958374 86.15344
0 912.842 -48.97678 122.49835 77.80482
0 906.1745 -129.97775 107.25726 91.90092
0 982.6526 44.59561 112.49829 97.62521
0 991.59467 -157.25606 110.071106 88.883316
0 1082.5914 271.5266 88.6582 67.67438
0 1059.8809 156.93555 129.4502 112.59396
0 1025.0186 -46.45476 116.05725 92.15849
0 1141.3975 102.36683 68.19214 69.57627
0 1127.8617 70.15502 61.928833 44.492188
0 1215.1876 226.96747 32.95984 40.859283
0 1089.8243 -118.97206 44.22705 67.35567
0 1138.7722 -13.284532 26.25232 44.782406
