0 1079.1754 488.37198 65.65625 87.24539
0 1031.9159 407.87698 108.86926 105.38846
0 959.84814 801.05414 65.5011 82.80078
0 923.9748 945.15765 45.733948 58.870667
0 1006.67474 527.808 91.1745 104.44733
0 966.4232 684.9529 75.0376 98.33124
0 869.7622 878.23737 72.87726 78.345215
0 959.5587 593.60315 87.95813 90.45697
0 976.34015 461.74414 70.487 85.88403
0 915.2621 653.0019 109.1897 124.58484
0 860.41754 751.5206 118.85919 126.24585
0 848.1581 508.67358 123.06714 164.10345
0 881.3477 434.65692 81.00751 98.18939
0 817.52875 677.396 99.18286 108.9245
0 715.7868 818.49976 111.51111 100.0791
0 718.0246 711.57764 142.13593 133.46191
0 868.5223 315.1812 99.22827 113.72208
0 725.43567 603.3993 105.26947 111.782104
0 719.6074 471.52228 127.16992 120.5625
0 634.0221 712.3498 75.51587 83.1308
0 607.04193 663.9213 102.8764 108.406494
