0 693.25287 357.00537 82.93921 79.01645
0 600.9854 257.41388 112.012024 109.41962
0 679.1776 463.0587 99.79462 105.38022
0 575.16254 365.54938 96.20184 94.74542
0 442.43628 169.38275 133.33728 131.21619
0 488.32623 280.27042 118.2204 134.64517
0 643.4247 690.4633 101.72217 119.855835
0 468.26572 444.90222 118.45529 127.01715
0 447.93292 404.54788 86.80249 75.145355
0 490.00027 593.3881 118.70987 108.635864
0 338.96872 336.35608 123.50186 94.52594
0 292.50867 245.0617 116.76633 116.34186
0 370.19943 476.01328 122.62454 123.65433
0 199.51024 275.70685 119.15819 112.23215
0 477.21942 772.017 102.64819 87.99835
0 393.66238 645.34393 128.23691 137.62067
0 260.87558 416.14755 125.44983 116.29062
0 297.116 635.7111 95.88797 93.88226
0 295.9004 597.8169 72.988525 58.86908
0 311.13162 799.6371 114.41177 101.07349
0 147.51923 362.35214 107.24936 115.16669
0 184.16312 493.89725 114.994995 111.47153
0 197.96298 588.62726 114.34216 115.3056
0 114.133705 431.4201 64.38494 90.01776
0 22.428122 404.7992 115.846596 107.52429
0 206.94327 762.5332 84.590576 92.82361
0 269.64667 914.8279 55.991882 64.83789
0 70.374794 524.1891 105.19358 111.87787
0 140.93065 668.8899 87.28096 106.60632
0 176.57411 887.3721 91.04591 85.015015
0 66.533165 611.8529 91.336464 89.73895
0 21.20566 501.4759 58.575043 86.33655
0 92.38475 677.36206 91.36212 118.039185
0 136.31154 792.54065 68.295395 82.11511
