0 647.30054 228.96768 62.822754 63.632233
0 582.033 110.9365 84.432434 88.60586
0 624.9096 322.90158 74.9353 89.37839
0 551.1552 202.5425 72.43707 77.020676
0 463.85947 -14.387052 102.618805 106.887184
0 492.116 103.81973 77.98569 115.1523
0 572.9779 531.61597 72.77063 105.39905
0 457.69507 252.34627 97.72455 109.18245
0 445.28558 202.22496 75.25043 58.28047
0 461.92447 402.288 90.31088 85.25491
0 363.88544 120.07224 97.96185 67.05346
0 339.86438 15.500475 87.77124 95.07314
0 377.3828 258.25415 92.009705 101.58765
0 263.46036 21.207584 90.2955 89.34384
0 433.7951 569.18 76.5499 66.45325
0 374.50116 430.51135 103.12167 116.967834
0 297.4152 172.7011 95.272095 91.85329
0 306.94135 387.27002 72.262695 76.11441
0 308.98032 348.2882 58.614044 43.30359
0 301.39996 553.5512 87.44702 77.87738
0 215.75224 88.11993 79.69026 97.15713
0 230.71118 224.15152 86.78714 89.9592
0 233.47887 322.08728 85.794754 94.72992
0 197.32825 140.18358 27.352264 51.650787
