0 620.1019897460938 60.050205 71.12298583984375 63.830807
0 676.6267700195312 -8.94474 96.26919555664062 88.32114
0 611.8634643554688 142.9849 85.6136474609375 83.54027
0 704.5466918945312 75.68815 82.71243286132812 76.3868
0 798.5045776367188 -61.52698 111.66714477539062 104.445244
0 769.239990234375 22.217428 96.14788818359375 103.60716
0 624.70947265625 317.35654 91.90252685546875 95.41745
0 773.6820373535156 144.88593 102.27932739257812 101.22142
0 822.2759704589844 116.25683 74.20147705078125 61.775215
0 751.9718627929688 255.58229 101.7274169921875 88.54158
0 884.4524536132812 72.51639 105.07247924804688 79.33646
0 935.8761596679688 8.117347 99.12551879882812 93.038864
0 852.6104736328125 175.5866 102.24301147460938 97.850204
0 1008.6708984375 40.070213 102.24128723144531 91.0767
0 763.1917724609375 391.09088 87.71310424804688 72.45557
0 819.2601013183594 303.9772 104.40933227539062 106.763245
0 947.317626953125 139.87534 105.58052062988281 93.68918
0 929.4371643066406 304.81802 82.41995239257812 75.75488
0 956.5093078613281 275.84055 59.65643310546875 47.791443
0 895.810546875 424.7322 97.89645385742188 82.82907
0 1058.0149841308594 110.194214 92.60267639160156 91.75673
0 1016.9664611816406 205.02473 97.31683349609375 89.40083
0 999.8118896484375 277.56598 98.41873168945312 92.651855
0 1119.6013641357422 173.68549 56.43992614746094 69.50224
0 1156.0760955810547 154.93036 99.33517837524414 87.448135
0 1008.9859924316406 410.6148 73.11653137207031 73.73865
0 974.6829833984375 522.091 48.5390625 51.163025
0 1116.5734100341797 241.36798 90.78020477294922 89.24359
0 1066.0807495117188 344.87305 75.88282775878906 83.56491
0 1026.34765625 506.76053 78.433837890625 70.03537
0 1128.7457275390625 304.78864 90.6181411743164 79.5022
0 1203.926399230957 234.7445 61.73288345336914 69.11029
0 1103.7879638671875 356.79047 109.97720336914062 107.06558
0 1072.800064086914 438.42297 106.82007598876953 103.3927
0 1213.0885314941406 318.12796 98.53948402404785 127.40201
0 1278.2568504810333 278.6834 77.62734293937683 82.07498
0 1175.068244934082 444.50046 80.8490219116211 85.25986
0 1154.6836242675781 573.83624 66.97037887573242 63.038147
0 1179.433120727539 506.13174 99.63397943973541 97.871735
0 1330.8130226135254 216.95216 85.0678825378418 90.37038
0 1263.787197113037 460.62466 46.06075668334961 60.387604
