0 602.70135 427.56534 67.382324 67.978424
0 622.0764 337.6517 92.009094 92.62018
0 512.21967 442.83432 85.268555 85.22812
0 548.9212 342.56116 79.319214 79.787964
0 616.243 202.20607 109.91199 110.568954
0 556.9743 261.28024 104.65692 103.8934
0 339.27765 470.22168 91.332794 90.32727
0 442.1859 285.17227 101.750916 101.56656
0 491.6773 259.6369 67.503784 68.68625
0 359.39847 338.28842 94.62698 95.81293
0 489.5832 165.91853 91.16077 93.7531
0 524.4838 109.3946 96.80493 97.274055
0 390.50378 221.37198 102.24884 102.633575
0 475.57278 48.16314 96.23837 97.194725
0 246.06305 369.35907 79.48004 80.94144
0 274.94296 277.6465 111.68054 111.59491
0 398.66962 127.751656 100.58478 101.72883
0 276.2021 204.28558 78.854645 79.36154
0 320.3654 193.55733 55.587646 56.942657
0 165.17967 255.82516 89.772415 91.18207
0 398.6151 29.493828 92.196045 92.016495
0 323.61948 89.3444 94.120026 94.81069
0 263.29416 121.29878 95.34396 95.70247
0 356.87308 19.113201 63.5632 61.921406
0 339.76608 -44.550785 87.11124 87.83864
0 162.3828 167.52661 73.49577 73.208405
0 96.169655 247.97522 49.99111 49.550842
0 270.481 15.998381 85.98947 85.920944
0 195.99405 97.13206 80.096344 79.004005
0 83.522484 189.65247 60.51812 60.503998
0 234.07903 50.139256 56.416824 55.826153
0 302.57846 -4.440986 26.379547 24.796085
0 183.42871 78.97036 71.441864 68.69364
0 146.73425 136.82872 40.731903 39.558014
