0 222.64471 84.19175 84.89258 81.55659
0 238.58792 -22.247295 113.07654 109.00203
0 117.73918 106.706795 104.44859 101.5911
0 147.85603 -9.372651 96.31401 92.79469
0 210.33073 -182.9588 139.93507 134.22867
0 141.158 -108.70052 129.41692 126.43445
0 -93.95224 140.25284 106.50766 105.26303
0 0.05566905 -79.429825 134.16765 130.0642
0 57.257652 -110.90213 92.08715 86.705864
0 -90.65297 -16.625013 116.13054 110.88775
0 36.796844 -217.72282 121.889496 113.523605
0 82.26622 -281.6594 117.33525 113.210754
0 -71.50534 -147.58813 123.715195 119.54313
0 54.05357 -304.174 70.19238 69.10252
0 -223.22296 38.127487 97.05513 92.05531
0 -191.3553 -61.081787 123.437645 121.19853
0 -33.415195 -219.19939 83.834785 82.975296
