0 860.1853942871094 369.72687 74.59426879882812 72.1445
0 928.4032592773438 301.0744 101.54743957519531 99.31491
0 829.4339294433594 458.36047 92.56121826171875 93.59918
0 940.2113342285156 395.75912 87.44532775878906 85.82657
0 1057.1204223632812 253.3458 121.17315673828125 118.88461
0 1006.2911376953125 340.7466 112.68655395507812 117.75168
0 803.2261962890625 650.7985 98.49667358398438 104.12201
0 987.3966369628906 477.08472 110.65054321289062 112.66785
0 1049.2367095947266 449.6335 75.93348693847656 70.46976
0 942.7371826171875 593.53345 105.5355224609375 100.33258
0 1121.2164154052734 407.0123 104.4942855834961 91.9209
0 1179.6360397338867 342.9517 106.52248287200928 105.07794
0 1058.9997100830078 518.305 112.28907775878906 111.343506
0 1247.735939025879 383.79553 106.8460464477539 102.85733
0 929.6785583496094 743.2028 89.56219482421875 82.76587
0 995.49609375 652.6752 117.95077514648438 120.80206
0 1161.804801940918 487.0421 111.95305824279785 107.03052
0 1111.132095336914 664.76306 87.00144958496094 85.17346
0 1146.6872253417969 635.37897 61.968017578125 55.923157
0 1049.0968322753906 792.76556 100.66999816894531 94.247314
0 1279.5492049455643 465.55835 100.21821296215057 102.10864
0 1216.7845077514648 564.9208 104.01008605957031 101.38727
0 1183.7850875854492 641.6831 104.70571613311768 103.82526
0 1328.9278106689453 536.34357 66.14037322998047 75.36163
0 1368.6755599975586 520.9836 103.4218978881836 98.92877
0 1165.4255142211914 786.67926 79.61405944824219 81.87518
0 1108.6607513427734 904.1157 53.670021057128906 56.482056
0 1309.5970039367676 612.6178 97.98772048950195 99.42316
0 1234.6211204528809 721.7696 85.24618530273438 91.77368
0 1160.9420928955078 892.06683 82.02835083007812 79.06726
0 1310.4078254699707 682.7399 94.24494552612305 89.984436
0 1398.1936645507812 610.5486 68.65292358398438 74.79248
0 1267.5533542633057 736.93884 109.57716941833496 113.159
0 1225.5199584960938 825.00256 90.51362991333008 93.18152
