0 191.820068359375 -62.56897 57.6513671875 69.5619
0 235.43017578125 -85.037094 95.04779052734375 89.359886
0 47.7911376953125 153.9787 52.71435546875 63.90555
0 -1.297119140625 253.67601 40.1314697265625 47.196487
0 180.3818359375 -9.613111 79.60870361328125 85.42793
0 109.4951171875 93.67423 64.5682373046875 77.850365
0 40.4229736328125 244.53156 59.904052734375 62.80539
0 167.9903564453125 53.53164 76.865478515625 75.70954
0 262.8238525390625 -5.1112294 61.7845458984375 69.53262
0 123.8143310546875 95.41176 95.5986328125 102.12158
0 80.3175048828125 170.89462 103.925537109375 104.96042
0 236.5208740234375 70.39227 108.22509765625 130.85205
0 321.3634033203125 42.861153 70.99456787109375 79.56323
0 174.049560546875 179.33589 86.94073486328125 90.04793
0 127.841064453125 304.44693 97.381591796875 86.40723
0 166.3450927734375 240.54791 124.03350830078125 113.93323
0 391.9013671875 -8.285251 86.56201171875 92.91211
0 269.66058349609375 208.85368 91.99102783203125 92.910934
0 344.32708740234375 146.80608 110.9237060546875 102.662415
0 276.2794189453125 333.73883 66.06866455078125 68.61844
0 295.64129638671875 317.12442 89.93878173828125 90.27545
