0 716.4101 355.75037 75.10065 66.43823
0 733.64496 233.03499 100.69409 93.22185
0 770.7523 448.78436 87.06793 91.544495
0 813.1901 313.12262 86.26538 80.973724
0 819.45935 82.483406 119.59424 112.11117
0 852.17303 197.24765 100.87256 120.80014
0 905.6372 631.59644 88.08295 107.84454
0 935.6906 333.63284 103.29901 111.803375
0 948.19806 280.85114 80.754944 60.977722
0 980.4483 475.5239 108.78375 90.24838
0 981.0226 182.76642 118.39307 72.28203
0 997.3101 70.83807 104.326965 99.85242
0 1030.8168 315.54752 109.144775 106.58606
0 1088.2085 57.81834 108.295654 94.31169
0 1077.2642 625.80444 95.729614 71.09723
0 1087.495 476.94507 103.766235 120.07965
0 1094.7261 211.52179 114.54077 97.10956
0 1184.8744 414.51117 86.14026 80.06229
0 1180.1285 373.05606 66.26611 45.852966
0 1230.8779 569.8922 105.86902 82.74078
0 1185.6871 101.86274 93.4801 101.419945
0 1205.583 237.32632 103.6095 94.707855
0 1240.3192 331.18625 101.77185 99.39072
0 1284.7139 138.6036 50.22815 85.2809
0 1307.0798 87.03858 105.734375 89.834404
0 1333.1022 480.79956 73.16943 82.31598
0 1366.6356 637.61676 47.475464 58.46649
0 1330.4783 210.79086 91.99341 98.212616
0 1350.6036 365.0307 72.44092 97.588165
0 1409.6279 575.84955 83.006836 72.63977
0 1379.1565 276.3373 96.59082 81.48108
0 1406.0107 150.67776 58.372314 81.33946
0 1399.6372 341.78003 115.09326 117.59119
0 1423.3385 457.48373 109.052246 112.76785
0 1494.9045 225.58115 56.4469 143.27335
0 1508.7139 151.40587 24.634766 72.67491
0 1524.3756 409.46997 41.97766 81.67145
