0 556.7264404296875 -316.58813 78.05517578125 81.11911
0 636.4039916992188 -356.81024 93.71319580078125 90.51129
0 438.291748046875 -251.90678 104.2060546875 102.180725
0 689.3444213867188 -311.5452 108.90673828125 113.90871
0 235.2186279296875 -97.48317 73.41986083984375 74.85633
0 305.1624755859375 -158.78262 124.08514404296875 123.10723
0 561.1953125 -251.50566 107.54547119140625 111.19861
0 438.07611083984375 -108.930305 89.97698974609375 92.9758
0 500.071533203125 -128.64853 57.7965087890625 62.811058
0 325.77276611328125 -13.182987 100.18499755859375 106.91168
0 681.7474365234375 -225.26497 107.29763793945312 107.728874
0 589.1338500976562 -161.78755 102.76385498046875 105.071594
0 515.8232421875 -100.34941 109.49261474609375 112.10343
0 703.8455810546875 -135.97975 78.099365234375 72.35179
0 754.0084228515625 -139.16039 104.83871459960938 110.15871
0 445.03546142578125 27.55926 85.93194580078125 85.70003
0 346.26654052734375 110.172455 59.10589599609375 57.975372
0 655.0211791992188 -77.13815 100.6943359375 100.02164
0 535.7465209960938 -1.6993494 91.3218994140625 86.34487
0 400.84649658203125 125.668785 83.70849609375 87.47411
0 625.7008056640625 -13.6103115 88.040283203125 90.33185
0 744.9589233398438 -42.270077 78.96133422851562 75.73295
0 552.9185791015625 24.297436 117.0089111328125 115.2052
0 471.2388916015625 80.44029 121.487548828125 123.06792
0 659.4476318359375 45.342216 144.78964233398438 133.08582
0 781.1929931640625 36.03268 90.41598510742188 86.9017
0 567.387939453125 129.44067 101.49835205078125 100.68863
0 469.04705810546875 240.57643 100.681640625 108.45656
0 528.9674072265625 193.97177 134.288818359375 142.79868
0 867.9406433105469 9.048906 111.2928466796875 110.51304
0 649.7015380859375 195.52739 108.29083251953125 109.961624
0 754.2962646484375 159.9365 121.77212524414062 129.27817
0 601.3073120117188 332.545 79.02001953125 78.91919
0 630.5816040039062 326.46622 104.6094970703125 106.30377
