0 1396.4332 148.06548 108.32776 78.55553
0 1570.1986 481.55902 91.78577 95.51935
0 1457.4852 267.39032 101.83679 76.70276
0 1456.4092 438.84802 86.93555 64.45889
0 1459.7452 402.52 69.54382 37.08255
0 1441.0024 570.19165 111.280396 66.973755
0 1331.0806 202.53925 99.114136 82.23956
0 1356.3207 304.88385 101.32678 75.90549
0 1352.2639 386.93564 108.47473 80.64633
0 1282.7524 249.06807 51.666138 69.00676
0 1181.2811 216.95027 113.4032 72.96422
0 1331.8396 517.8049 77.42786 66.73468
0 1379.45 641.5131 49.97632 47.366882
0 1228.5374 313.0205 88.3468 78.697815
0 1283.3354 434.76038 66.30371 78.058655
0 1273.4824 612.8056 88.90857 58.98468
0 1205.9893 379.82755 87.87134 64.55557
0 1152.1244 284.29633 60.960815 65.87128
0 1203.621 433.47986 100.41504 93.11536
0 1208.3478 522.3698 115.91113 91.46759
0 1073.6837 358.2396 92.976074 129.59021
0 1033.0615 305.81708 70.42053 75.1517
0 1110.9933 497.59955 90.44763 79.71503
0 1075.2034 639.0771 118.57593 66.11688
0 1020.4283 559.4203 150.97113 90.900635
0 948.9778 228.58055 97.29602 86.80821
0 963.3232 487.29877 103.933044 81.10809
0 874.8863 399.59067 135.84583 82.71048
0 920.5776 612.5443 71.57977 61.197083
0 863.51776 582.84973 100.933044 78.247314
