0 951.5492 164.44438 82.62439 79.8922
0 841.19965 114.885895 112.71045 109.31879
0 970.4832 249.77126 102.4986 100.28438
0 848.9867 214.98204 97.074585 94.24043
0 678.3356 113.821846 126.86975 123.797874
0 755.32513 188.08867 112.35083 112.250565
0 1003.06146 436.03412 115.82416 114.00659
0 776.6513 314.7284 123.08765 120.66965
0 742.90906 298.32645 84.02716 80.40045
0 837.28687 420.03156 116.93146 112.57886
0 629.97754 277.91815 115.285706 108.84445
0 559.4708 234.84634 114.88873 111.973236
0 703.372 374.73206 116.2439 113.891174
0 484.826 293.41467 118.46832 114.428955
0 882.5152 560.3 99.07544 94.697815
0 775.1439 500.62018 127.22101 125.30383
0 581.86 374.05484 118.9939 115.12512
0 676.2696 534.69104 96.559204 93.67786
0 658.7203 512.8201 66.18317 63.02716
0 734.48224 647.03754 111.45032 106.87976
0 462.16296 386.61078 111.49896 109.32825
0 533.9947 468.59732 111.607605 108.468414
0 572.22217 534.59155 116.29596 113.207275
0 449.8409 474.30634 74.10983 74.96698
0 361.3714 466.69965 114.63797 110.54553
0 628.2883 674.68994 88.62109 87.11426
0 724.25653 775.1065 59.8338 59.188538
0 441.1387 541.289 108.98404 106.74249
0 541.9498 628.91815 95.16254 94.72858
0 635.7672 781.944 90.96594 87.893005
0 448.97687 609.34406 104.447266 100.6712
0 369.77557 567.15094 77.92859 77.75665
0 476.66833 659.0615 127.62714 125.18848
0 535.3673 729.34644 127.50653 124.60889
0 350.07358 665.057 132.13437 134.60345
0 290.67813 643.6916 91.835175 91.295166
0 449.99597 773.56647 99.6886 98.61932
0 499.7347 897.398 109.52756 104.940796
0 415.11093 841.2745 148.79208 142.8703
0 181.08461 597.3715 126.88817 123.93878
0 330.66946 825.116 122.58115 118.91498
0 226.46931 774.92596 136.52397 131.02826
0 374.39246 973.71936 73.18576 72.32605
0 337.00314 973.253 72.95773 73.32526
