0 66.026611328125 55.285454 63.4267578125 77.65885
0 116.1390380859375 28.298653 120.9755859375 97.694595
0 -57.3309326171875 301.47647 64.982177734375 74.12201
0 -104.3175048828125 412.53107 44.946044921875 52.590088
0 70.7467041015625 115.121284 94.80029296875 94.62365
0 10.344970703125 231.82533 73.044921875 87.6631
0 -38.427734375 404.3146 77.843994140625 71.56656
0 72.0413818359375 186.45691 95.602294921875 83.131836
0 178.74560546875 115.987724 71.223876953125 77.21685
0 36.86279296875 234.91702 113.733154296875 112.92453
0 1.973388671875 320.5619 127.57568359375 115.50995
0 186.701904296875 200.17578 118.6591796875 146.01541
0 274.8914794921875 166.21681 82.06072998046875 88.33577
0 126.626953125 326.03296 105.016845703125 99.21875
0 102.6678466796875 468.11707 127.076171875 93.84131
0 138.396728515625 394.5376 159.60308837890625 124.27942
0 352.98907470703125 105.42627 103.15484619140625 103.02046
0 262.88232421875 353.8131 113.00115966796875 102.27985
0 340.44818115234375 280.9839 142.33380126953125 112.10602
0 308.7738037109375 493.26016 79.878173828125 75.69974
0 333.283935546875 473.28848 110.76812744140625 99.294525
