0 267.7030029296875 -218.15076 72.36090087890625 79.332214
0 189.787841796875 -139.26686 75.139404296875 84.07596
0 -0.8289794921875 117.85521 46.0643310546875 53.58058
0 154.034423828125 -86.92184 80.9613037109375 85.04441
0 265.40771484375 -138.35455 69.13543701171875 76.09639
0 98.1522216796875 -42.73092 98.3310546875 107.66499
0 34.7620849609375 32.283424 111.2457275390625 117.78547
0 207.740966796875 -57.058655 125.8604736328125 141.81696
0 309.72515869140625 -78.8922 79.2847900390625 87.14157
0 128.4564208984375 50.459827 94.2056884765625 100.613556
0 55.0645751953125 179.99608 98.6009521484375 99.672745
0 104.688232421875 116.063255 126.7908935546875 129.88806
0 392.16412353515625 -125.26915 93.60382080078125 101.53031
0 216.9346923828125 94.82926 97.7813720703125 103.67173
0 307.1038818359375 36.11029 113.5042724609375 116.63678
0 196.8668212890625 229.30908 71.2464599609375 76.25833
0 215.8076171875 214.63516 95.5213623046875 101.015076
