0 1241.4514 708.1704 75.35071 75.12854
0 1206.7505 459.51205 117.811035 74.80472
0 1199.7958 376.09808 105.375244 91.27783
0 1181.1354 560.84515 98.43005 93.400024
0 1094.2052 337.16907 116.61316 90.45166
0 1158.4808 802.3946 91.272095 67.88312
0 1115.3922 686.5197 114.1615 108.0202
0 1097.8788 461.84442 111.552246 90.27698
0 1033.1035 611.648 93.16797 75.57233
0 1059.638 580.3177 68.486084 46.24524
0 968.3253 723.07825 113.22766 81.62854
0 1018.11646 361.11847 102.2959 92.46536
0 998.17096 460.3959 103.278625 87.142365
0 960.3133 530.24585 110.466736 92.73535
0 958.3441 378.94055 57.477356 71.802
0 882.2988 319.39783 113.682556 86.7012
0 895.8338 635.3283 80.30719 74.475586
0 892.62915 758.0743 52.519653 51.956482
0 882.0307 419.4078 94.55017 88.03372
0 883.0362 544.0634 72.092896 82.66254
0 808.43274 696.4667 89.41058 69.58215
0 838.9534 467.97824 89.36224 74.42331
0 832.83777 362.86108 65.34613 70.67517
0 806.34515 515.5744 105.18201 102.515076
0 776.65076 596.425 118.88086 103.87286
0 716.1785 401.1502 102.48358 133.5503
0 716.4405 337.7329 75.336914 80.792206
0 705.8494 536.58453 92.13934 87.99823
0 622.0376 649.47174 115.59949 80.95923
0 595.90704 562.1959 150.35217 109.792114
0 668.7058 242.23022 104.81964 97.7569
0 580.1538 473.71497 107.1026 92.51581
0 536.3219 367.95218 136.26874 99.872314
0 499.0461 566.62085 74.16275 68.40161
0 453.53705 519.28516 103.29913 89.19409
