0 704.5732 300.05435 79.745544 67.169525
0 616.9732 233.57806 107.63251 92.72116
0 688.7833 384.17838 94.9317 87.17209
0 592.1953 321.6479 92.39618 80.138855
0 465.06018 189.18578 123.34735 108.91008
0 510.79883 272.22516 102.586 106.02573
0 649.3983 562.4378 101.79675 99.3468
0 483.91385 396.82562 113.17728 105.47586
0 463.6547 369.96567 83.96341 65.52576
0 498.20288 507.7741 114.489685 93.46051
0 359.9121 329.7091 120.164764 85.09909
0 315.32892 268.26025 109.97766 97.22153
0 391.56287 432.71924 112.367584 101.71564
0 224.67712 305.06235 114.73886 95.902954
0 488.79367 645.4862 99.340546 76.92023
0 413.72836 562.17285 115.01218 110.92163
0 281.65225 402.5541 117.756744 98.34415
0 313.2748 568.585 92.126495 79.51404
0 311.28198 540.4078 67.6759 50.863525
0 321.24078 688.3754 110.54962 87.68854
0 173.02466 379.86618 102.45795 95.59897
0 205.31465 473.4162 108.18715 93.57648
0 216.28557 545.5665 109.663864 97.017334
0 139.26003 448.1242 60.304276 71.07623
0 48.092842 430.98187 111.644966 92.2038
0 222.54303 681.14606 80.69708 76.70557
0 279.56696 791.8185 53.21396 53.004272
0 95.53333 516.34314 100.55619 93.05731
0 160.73277 618.1331 82.64432 86.256165
0 186.75916 780.2287 88.00528 73.73297
0 75.391075 581.21967 101.88743 83.84851
0 30.18243 515.10913 67.05292 71.229675
0 77.22987 633.3797 121.020905 111.31641
0 107.5211 713.8799 118.57866 107.971375
0 -30.5419 601.9408 104.33754 129.8233
0 -76.983734 565.07526 84.093 84.57422
0 20.52231 726.4983 88.64435 88.331116
0 30.451212 855.48285 91.79144 75.9389
0 -40.997402 789.72015 137.54414 113.80267
0 -154.4364 503.84888 107.10083 101.022156
0 -69.83402 748.05475 75.97856 77.24658
0 -104.94805 681.0776 36.28676 45.947388
