0 1185.3075 14.181985 47.691772 76.118904
0 1097.7559 -27.325026 97.309204 81.09624
0 1264.973 306.59982 43.385986 70.12747
0 1294.9054 436.97946 34.103027 50.837463
0 1149.6582 74.54838 73.69568 86.477715
0 1206.9222 214.1347 53.456055 85.15082
0 1228.2704 408.5763 56.544678 62.48242
0 1141.1879 150.17857 76.153564 71.62065
0 1080.729 47.573742 54.8114 72.781494
0 1151.626 207.86273 88.841064 103.03189
0 1158.9146 307.34488 101.046875 101.38852
0 1026.4548 127.50043 89.33057 143.3631
0 987.9516 73.44933 63.228577 83.04453
0 1075.2535 279.80106 82.87915 88.74805
0 1062.4966 436.2742 103.49536 74.06412
0 1012.6564 347.69052 128.95996 101.13257
0 911.5392 -11.886648 80.115845 94.0706
0 953.86273 272.31482 89.440125 89.75214
0 871.764 175.45738 114.7605 91.7957
0 931.1793 406.91574 62.84308 67.77261
0 886.9552 378.388 87.859924 86.763306
