0 794.3209 382.14316 85.27075 89.741394
0 669.2233 329.27402 116.95404 122.39902
0 838.3966 476.98383 109.75287 112.84827
0 700.3059 442.3082 100.98767 105.4935
0 493.81976 321.31277 139.90674 146.17645
0 586.02155 404.28537 136.612 138.1083
0 924.5301 695.02606 120.159 120.46619
0 654.2257 556.8928 131.46448 134.71478
0 613.6547 538.8352 84.02191 90.381226
0 751.23676 671.9428 118.93463 126.3302
0 493.21646 515.0669 111.03525 122.82916
0 404.25653 465.939 123.49707 128.66818
0 589.05176 628.22687 130.70569 135.80902
0 342.1521 535.09143 121.570526 128.28748
0 829.81726 839.30597 98.775635 106.48627
0 695.5043 764.4465 143.19751 146.91833
0 467.63043 625.455 126.707886 134.1936
0 606.2048 811.705 100.277954 104.89191
0 583.6193 785.088 67.976074 74.36163
0 706.49304 939.3882 112.13782 120.070435
0 340.21857 643.3773 119.13306 122.040405
0 441.34674 735.48065 119.49225 125.27362
0 500.7965 812.0596 121.8797 126.637634
0 339.3748 737.6644 85.84964 82.9646
0 259.27466 733.4253 117.1015 123.98407
0 592.78284 971.74414 95.32831 97.18042
0 719.80365 1084.8602 65.43964 65.91101
0 358.14407 821.6362 116.10739 119.19885
0 488.47052 923.1157 105.79358 105.302734
0 638.7549 1091.033 87.85956 92.381836
0 410.7584 905.7524 84.91388 87.19177
0 315.2776 854.4547 59.48343 55.628784
0 460.5084 953.75726 106.931854 102.88458
0 554.2476 1039.057 68.60077 67.43506
