0 473.36633 179.17299 77.95288 63.709732
0 442.59 66.75268 104.71274 88.0147
0 397.57767 240.31065 92.74594 86.43373
0 366.50018 121.23606 89.81857 76.28748
0 353.02457 -72.70749 127.281494 106.34987
0 331.96625 24.00878 96.13257 107.09965
0 236.38983 373.40912 89.74005 98.3475
0 223.5369 121.91901 121.08121 107.004776
0 243.25244 78.64268 93.68854 62.41587
0 165.66772 234.46295 112.17035 86.76788
0 180.21204 -13.368491 122.11969 74.42377
0 193.14595 -101.9447 108.80153 93.790825
0 125.99971 93.36021 114.02173 99.80996
0 99.76854 -128.37445 112.07922 89.931854
0 60.16768 345.7991 95.18062 69.045166
0 40.25826 220.51665 127.73747 114.27434
0 70.82949 -1.9868507 118.29882 93.01785
0 -11.518343 159.06952 89.61499 75.545395
0 16.293987 130.3733 73.01265 46.9962
0 -94.85951 281.30942 108.6954 80.3956
0 10.395068 -99.213684 98.593994 93.55076
0 -32.28205 8.369113 107.6527 89.60345
0 -74.653984 81.87364 106.31986 93.07138
0 -24.113356 -71.94883 33.519226 46.288414
