0 469.06195 167.64606 56.29236 43.198837
0 503.23715 83.44618 75.21164 60.830902
0 492.5519 236.73224 64.354706 60.28531
0 554.96045 150.32378 64.37225 52.894623
0 605.73816 3.2547703 75.678345 72.392784
0 602.01447 80.82356 73.66162 80.20384
0 554.2635 379.9841 73.25159 72.25177
0 637.7321 184.02858 76.16315 73.77641
0 662.0254 149.55609 61.179382 39.09877
0 646.5743 290.528 81.91113 58.365906
0 706.8629 91.488785 90.755005 45.293823
0 740.9772 17.37543 71.70337 64.95152
0 715.4177 182.23071 66.130005 68.90431
0 810.7321 20.174093 81.26666 61.244034
0 688.23267 402.06003 72.59772 45.514313
0 726.99 309.28217 76.02521 79.56253
0 788.8716 123.34719 77.059204 62.363075
0 811.731 272.18118 64.328064 52.25992
0 824.68835 241.81084 48.983887 29.044296
0 819.92566 384.7573 80.03198 53.225464
0 876.1128 64.95513 68.90802 66.92768
0 867.7721 158.86658 70.69763 61.32364
0 871.2675 221.45146 75.70386 65.11638
0 945.46277 100.40686 35.116272 57.595963
0 971.2748 69.26207 79.483765 58.21669
0 915.8331 333.29794 53.754395 54.446472
0 915.4879 440.71774 34.563965 38.872192
0 961.0619 154.39128 67.91089 64.74284
0 948.5167 256.0777 52.221375 65.212524
0 958.72815 410.6741 62.258972 47.188904
0 987.4177 208.12886 72.64661 52.771408
0 1032.482 123.75814 41.91211 54.447746
0 987.20685 256.3579 77.83856 76.829285
0 980.4141 333.7085 80.730774 74.17865
0 1084.7312 182.56293 58.23999 108.05188
0 1119.9734 133.52545 48.444824 62.07895
0 1072.9597 307.32855 57.552124 64.81085
0 1086.7858 429.49228 79.09277 51.76544
0 1095.6467 359.6449 106.01831 72.08627
0 1146.0724 64.68186 76.25647 73.174095
0 1158.6477 290.1415 77.92493 66.06348
0 1191.7853 211.69453 97.55786 65.795395
0 1224.4023 395.06955 49.709595 49.90222
0 1249.5961 367.11218 70.34253 63.38446
