0 1368.4994 151.30412 77.12317 72.96492
0 1380.9376 252.4742 55.227783 76.51289
0 1344.2803 546.61786 38.430298 54.55902
0 1344.9498 306.9899 70.15405 66.148346
0 1323.8282 200.34482 50.58618 66.172485
0 1332.9755 360.5338 81.91821 94.19629
0 1303.5918 446.39703 93.11389 93.328
0 1239.2811 252.69725 83.097046 129.58662
0 1233.4095 194.4986 58.350586 75.53549
0 1242.7858 394.50162 76.9928 81.55087
0 1183.8529 523.54785 95.74634 69.64435
0 1164.4307 437.40588 118.712036 94.400024
0 1192.242 101.94506 72.84851 85.561424
0 1139.3127 352.17593 82.225586 82.5784
0 1097.8555 249.70459 105.39404 85.52823
0 1081.0198 453.2042 57.930054 62.166412
0 1048.6659 419.75073 80.9563 79.93002
