0 110.32177734375 629.0117 105.2200927734375 108.43982
0 101.9332275390625 586.7362 76.620849609375 69.714905
0 174.6258544921875 714.1766 114.7490234375 104.65845
0 105.7550048828125 477.49582 106.507568359375 91.09738
0 92.4891357421875 394.58224 100.5579833984375 100.244415
0 179.7667236328125 577.145 97.67803955078125 101.09766
0 160.3951416015625 343.2075 107.0128173828125 101.62552
0 284.7099609375 807.4885 90.43048095703125 81.880005
0 263.35369873046875 687.4571 112.63433837890625 116.65289
0 205.102783203125 465.86237 103.8848876953125 100.521545
0 323.17449951171875 602.0795 86.83428955078125 84.10797
0 308.9827880859375 575.50903 60.08111572265625 53.635376
0 400.49407958984375 700.93317 101.400634765625 93.211975
0 241.345458984375 355.57175 99.1778564453125 100.71335
0 292.75225830078125 450.05286 97.61962890625 96.20532
0 342.8079833984375 511.25745 104.22308349609375 102.48505
0 331.01531982421875 362.4842 63.74951171875 74.085266
0 332.16436767578125 292.283 103.72625732421875 97.769226
0 454.225341796875 603.9791 78.621826171875 80.727295
0 520.1304321289062 722.5232 52.72637939453125 55.65161
0 380.55609130859375 390.8523 93.62835693359375 95.9285
0 439.33404541015625 513.25555 76.9774169921875 86.407715
0 541.326171875 648.7548 82.14276123046875 78.12213
0 438.0499267578125 430.09 84.07073974609375 82.38077
0 423.17791748046875 326.96286 68.04754638671875 74.56891
0 469.84539794921875 472.98416 104.98419189453125 110.11441
0 511.86810302734375 547.3776 113.80859375 113.88257
0 505.51702880859375 348.66577 115.2386474609375 136.55307
0 503.8809814453125 283.71924 78.1781005859375 85.37103
0 569.9804077148438 477.14578 90.51983642578125 94.42111
0 661.3675537109375 573.50214 101.9774169921875 92.7063
0 627.7178955078125 484.5553 135.21319580078125 125.00775
0 488.38671875 183.26244 104.19677734375 106.85405
0 640.7075805664062 395.26126 102.34588623046875 101.81241
0 619.8200073242188 284.91452 122.99444580078125 113.80658
0 764.7293090820312 473.58163 72.454345703125 74.21939
0 765.1844482421875 419.03445 98.45626831054688 98.00961
