0 532.2431 314.82858 79.63226 74.73163
0 436.58307 264.22095 107.757935 101.87497
0 528.466 393.94055 97.81152 94.96936
0 421.85782 359.47116 92.66312 87.84119
0 281.6017 247.95956 129.99112 122.869354
0 336.65952 332.63327 103.69711 106.50586
0 517.0244 584.33203 99.37146 100.74408
0 332.03485 446.97205 125.62045 120.07446
0 307.19852 429.00082 91.47183 81.62067
0 369.053 554.1358 113.153564 104.742065
0 201.21811 412.376 116.099945 101.57974
0 151.7617 366.05563 112.66417 107.21097
0 244.927 510.96216 118.528656 113.24066
0 68.27198 420.95444 114.03881 106.543
0 371.70132 699.6492 96.20444 87.37189
0 277.90906 629.99115 132.36069 127.43036
0 139.33434 502.57587 119.79176 111.34479
0 193.6132 664.09436 92.28111 87.31018
0 188.25275 640.9135 70.78812 62.64868
0 224.13214 776.96375 108.535095 99.34888
0 28.344517 512.1204 104.67552 102.13721
0 76.37583 593.7977 110.50872 104.21472
0 97.825714 660.93976 110.52338 105.593506
0 5.3652267 591.5449 65.84073 70.526306
0 -22.110834 578.7539 44.879166 46.147095
0 147.2318 801.79156 61.068466 62.671387
0 211.90675 897.8541 40.234467 42.525757
0 37.79745 669.8787 34.871075 39.116272
0 94.84011 751.48724 43.06968 52.543945
