0 782.0675 219.55054 76.849304 74.15607
0 759.5808 92.115425 103.78723 103.395256
0 701.76483 302.6679 91.65192 99.78653
0 688.5611 161.86949 89.10736 89.62456
0 686.2956 -71.05683 122.94702 123.93797
0 653.25885 41.039654 107.59888 129.24506
0 543.8729 464.88055 95.78528 115.54816
0 552.33374 163.42139 109.31818 121.42975
0 578.52045 111.62649 80.802246 69.80773
0 486.33597 296.60104 110.28421 101.74542
0 529.3581 4.620222 115.461 86.07732
0 541.1989 -105.880394 107.8548 110.14264
0 464.6957 131.11703 112.84836 117.13495
0 457.55417 -132.42506 110.57419 105.53568
0 387.7734 433.21295 95.59213 81.63855
0 387.4618 284.37228 111.16751 129.36139
0 420.07544 18.021292 116.10571 108.99379
0 331.78876 210.20345 88.84207 88.75136
0 366.49084 171.89761 65.50763 53.276505
0 245.48778 354.73938 106.43538 94.18198
0 372.97702 -100.14464 98.96445 110.127144
0 324.4058 29.616386 106.30899 105.141716
0 277.75922 117.75685 105.80289 109.4052
0 317.61795 -71.78982 58.580048 88.427666
0 255.63564 -134.16667 107.564285 100.904236
0 196.21655 256.6194 77.97455 88.97769
0 166.19052 410.35156 51.4812 62.538208
0 224.46736 -12.696398 97.107254 106.849884
0 197.75179 139.84528 80.02434 103.385925
0 103.04552 338.64496 84.81485 81.22522
0 167.77902 44.40153 98.15991 91.622665
0 198.17625 -78.45537 64.95784 85.87724
0 115.74566 104.621635 120.08863 128.5123
0 80.59376 216.33786 114.47225 123.18802
0 81.89893 -20.801397 87.83077 154.18515
0 121.64732 -91.68296 47.69139 81.15384
0 50.34813 158.90515 62.439217 90.60771
0 3.8027592 321.99142 30.878237 52.589447
0 27.42751 256.43835 23.782764 39.334045
