0 562.3538818359375 -117.056435 92.8028564453125 93.769714
0 458.84478759765625 -51.5848 84.57843017578125 85.47725
0 364.7548828125 74.066475 73.6004638671875 74.53101
0 405.20672607421875 49.31934 53.5291748046875 54.93919
0 275.54046630859375 165.70555 87.99884033203125 89.87367
0 564.7215576171875 -48.240776 95.26800537109375 96.45865
0 486.112548828125 13.798937 92.1142578125 93.559525
0 432.554443359375 72.07017 98.216064453125 99.7804
0 593.6318969726562 27.805737 66.53125 66.423035
0 637.7603759765625 22.376135 95.353759765625 97.30554
0 385.72216796875 190.2841 76.02545166015625 76.88628
0 306.7218017578125 270.47147 51.8428955078125 52.2782
0 559.84814453125 82.88679 88.0491943359375 88.93832
0 463.45361328125 156.9962 78.60284423828125 78.756805
0 357.2138671875 280.32764 75.901123046875 77.38135
0 538.7603759765625 140.95879 79.06219482421875 80.35092
0 641.8246459960938 108.16086 68.46173095703125 68.76776
0 481.91156005859375 176.80804 102.83050537109375 103.763336
0 416.684326171875 232.70222 108.36590576171875 109.88988
0 582.2734375 186.01271 123.46282958984375 123.133286
0 683.755126953125 173.50761 78.484375 78.86395
0 506.3480224609375 269.17923 90.20635986328125 91.18002
0 431.820556640625 375.1846 93.35479736328125 95.69394
0 480.90057373046875 328.05014 122.91717529296875 125.68945
0 759.314697265625 143.48929 96.88442993164062 97.85806
0 587.8133544921875 322.39212 96.49456787109375 97.880646
0 675.8507690429688 283.50198 111.07666015625 113.538605
0 561.4871826171875 446.37213 69.96240234375 70.772095
0 585.96484375 437.8728 93.46527099609375 94.83118
