0 -88.37060546875 167.1618 46.4183349609375 62.16034
0 -50.54296875 129.62312 103.8238525390625 62.63217
0 -140.358154296875 417.89688 42.1192626953125 57.31024
0 -150.72021484375 528.95044 33.633544921875 41.341003
0 -69.661865234375 216.9791 75.5521240234375 69.11182
0 -95.153076171875 336.6874 52.04931640625 69.52786
0 -102.984619140625 501.79483 58.4442138671875 49.68033
0 -55.876708984375 280.14697 80.25048828125 56.0701
0 25.37451171875 188.08261 55.1529541015625 58.723267
0 -71.8388671875 329.80585 91.228515625 82.261505
0 -82.7696533203125 414.68033 105.7025146484375 79.89685
0 64.8529052734375 252.77246 86.8487548828125 117.11145
0 125.010986328125 203.48206 63.7347412109375 66.950745
0 28.1885986328125 384.2684 86.0113525390625 70.36615
0 35.352294921875 516.26105 111.9205322265625 56.071167
0 55.4298095703125 439.90378 138.3721923828125 77.51871
0 183.5189208984375 127.47169 82.12677001953125 75.18386
0 157.3846435546875 369.58878 93.559814453125 70.72778
0 210.2132568359375 284.25745 122.9154052734375 70.539154
0 226.7176513671875 479.0641 65.1593017578125 53.769836
0 246.9683837890625 453.53992 92.07904052734375 68.264465
