0 -77.98972 36.48077 71.66904 52.20078
0 -44.81153 -59.98017 63.098503 76.59794
0 -84.089714 143.86974 68.11835 82.040695
0 30.760765 -69.66091 92.85997 71.6803
0 -116.68027 408.1252 56.706963 52.146942
0 -83.63625 293.51056 85.467155 94.859406
0 -3.115877 60.69537 87.78188 73.32506
0 28.398811 242.8147 73.26659 61.46057
0 37.989464 202.41693 56.467934 33.378952
0 34.054806 382.5819 91.89592 61.74182
0 102.78462 -19.444426 77.79295 79.503654
0 90.69847 91.79674 80.276215 72.40169
0 96.07987 179.39407 85.99526 76.842316
0 188.55789 20.793333 38.163574 69.84173
0 217.85408 -17.324718 90.92891 68.0056
0 150.32631 313.66177 60.544403 64.81268
0 144.37544 446.98807 38.68669 46.507935
0 208.78305 87.5725 70.01688 76.73301
0 193.79167 219.83517 49.93512 78.221954
0 198.5022 409.25668 71.13397 55.251312
0 234.94551 155.64186 69.732254 61.40718
0 292.71442 46.23469 46.450043 65.511246
0 234.43903 213.83641 77.918976 91.191025
0 225.12526 309.93326 91.40694 87.86066
0 345.50662 119.75058 67.348114 131.5481
0 388.2818 57.983086 53.74411 74.65432
0 325.7539 271.57306 69.6481 77.608185
0 344.0045 420.88763 95.25134 60.030243
0 357.52475 334.25055 121.63507 83.76013
0 428.6959 -29.152075 77.33649 84.97458
0 436.5381 247.15724 82.35596 77.800095
0 475.56393 148.95422 109.747894 76.37047
0 510.18384 373.93515 56.016968 59.37732
0 533.3022 338.4122 79.72357 74.995514
