0 974.4021 195.9177 63.75464 53.23085
0 936.9197 96.280045 85.467896 74.64632
0 919.42755 268.26425 73.86151 73.160095
0 881.89233 159.1672 73.21594 64.81709
0 846.7393 -21.587765 97.19879 89.14514
0 843.6944 69.53371 76.48151 95.11621
0 805.8143 412.17993 77.546936 86.4227
0 764.6151 175.3835 87.62042 89.32536
0 771.5715 133.72871 68.59259 48.98993
0 723.5255 288.52692 92.37073 72.38449
0 709.60535 55.107044 100.614685 58.32761
0 707.63275 -33.185436 86.63049 79.64052
0 683.2954 159.3778 87.84137 84.60492
0 625.92474 -45.15811 91.940186 75.58244
0 656.3781 406.28445 81.32556 57.13919
0 636.8593 289.82684 87.98724 95.846344
0 619.5409 76.16621 94.38129 77.460075
0 569.9368 237.1901 73.11249 64.09708
0 588.5103 204.05138 55.837097 36.836975
0 515.50934 359.3396 89.91266 66.42316
0 556.5733 -10.075743 79.289734 81.01855
0 534.6379 96.738495 85.80182 75.54367
0 507.94165 169.07317 86.36267 79.51274
0 510.1237 18.733742 42.490814 67.79492
0 443.4909 -24.537247 89.775024 72.03282
0 455.47333 287.09192 62.051636 65.72684
0 450.4725 410.8586 40.23532 46.63159
0 438.59125 73.71303 78.034424 78.47302
0 440.3319 194.83055 61.377075 77.768326
0 382.87836 363.53604 70.46918 58.209656
0 394.62643 125.366394 82.01257 65.33421
0 400.82516 25.375698 49.44632 64.789185
0 365.69156 178.0819 94.1073 93.520676
0 349.95834 267.9583 92.51807 90.14163
0 305.67465 78.89574 71.585236 126.59715
0 297.9049 19.691986 63.35385 74.794464
0 289.665 222.1107 67.01422 77.72832
0 236.77652 350.54248 73.77347 59.401947
0 206.19066 266.56754 110.5417 89.0275
0 266.76346 -70.15379 82.57498 86.171616
0 219.13655 189.56721 57.00557 68.708725
0 235.40039 95.80838 24.671234 45.110657
