0 980.6807861328125 86.46704 89.53871154785156 81.43405
0 952.7920532226562 -35.37383 119.83236694335938 112.217026
0 1065.919662475586 140.85046 107.91968536376953 104.436615
0 1062.3061981201172 7.4563446 100.94933319091797 93.06701
0 988.2806396484375 -197.82387 153.16873168945312 135.67068
0 1058.4429016113281 -107.55818 136.27291107177734 133.80342
0 1281.8010357618332 239.5154 101.17060577869415 110.37312
0 1194.1128997802734 -12.16828 101.2305965423584 109.76934
0 1185.544448852539 -55.087444 67.1038990020752 64.252365
0 1290.2188816070557 107.31491 49.7466983795166 59.14354
0 1192.0585861206055 -115.11726 23.825241088867188 34.87709
