0 975.81915 481.33118 59.364075 70.7713
0 959.02826 339.62347 98.27374 105.957825
0 892.2624 555.5145 87.85297 101.84497
0 888.887 407.47058 84.48395 91.8125
0 905.709 183.06673 103.97986 121.794876
0 872.16235 292.38605 94.316284 127.14133
0 741.09265 716.3207 101.65021 120.85309
0 772.8451 411.66437 105.07068 123.81622
0 802.9054 360.8997 75.18695 72.08908
0 710.5512 548.97394 103.416016 104.68872
0 762.0257 244.61832 105.71808 89.68298
0 776.1762 139.90512 96.86316 110.46013
0 706.2133 382.20844 93.43994 114.09274
0 701.1981 103.01057 104.12781 108.39637
0 613.4756 681.615 88.82092 84.35773
0 615.147 535.3736 107.59033 131.64099
0 670.29504 259.45227 100.7016 108.601135
0 576.3484 448.92212 84.152466 90.93701
0 612.37616 411.60873 59.15753 54.64615
0 491.929 594.20874 99.306 97.12549
0 622.3904 139.81834 95.15155 112.28563
0 579.1968 265.71115 94.25537 105.2189
0 533.1267 352.57645 100.68628 111.92648
0 574.2453 164.07947 59.224487 89.109406
0 530.3218 94.818275 101.082214 103.73559
0 454.9957 490.77286 75.24594 90.621796
0 420.53 643.0957 50.148834 63.515137
0 496.54712 222.55275 93.218994 109.01021
0 465.06152 377.53702 72.97266 102.41217
0 367.2106 568.8064 79.90454 83.412476
0 449.38974 281.39404 82.63632 90.31784
0 478.19504 152.676 64.15207 86.945465
0 400.66467 344.94882 100.99927 125.608215
0 357.71674 448.13733 109.53793 125.79236
0 354.3976 207.24889 103.950195 164.79948
0 383.94217 125.66381 73.760376 99.33599
0 318.2428 377.48578 83.5412 105.8739
0 222.36346 523.7252 97.75458 94.84009
0 214.58853 415.8063 132.27213 130.80527
0 364.84662 11.10628 104.88696 123.0387
0 230.35796 304.98428 100.01369 112.60101
0 222.16003 177.21391 121.47159 119.63637
0 141.10115 431.57962 69.37961 83.195526
0 109.34255 367.80087 94.871895 107.90976
