0 146.016845703125 -15.189385 77.30419921875 70.10629
0 96.23779296875 32.271244 86.4281005859375 108.09303
0 -61.653564453125 376.0871 76.3514404296875 90.71411
0 81.772216796875 157.69481 106.71044921875 109.85161
0 139.246337890625 122.502975 77.0140380859375 65.19432
0 50.580810546875 281.6212 105.7100830078125 94.16696
0 216.1728515625 71.13123 108.74951171875 82.1798
0 278.30267333984375 -2.2753005 98.520751953125 98.27761
0 171.6593017578125 189.42847 94.7484130859375 100.92978
0 356.4439697265625 26.013475 106.3193359375 97.24177
0 47.558837890625 426.18555 91.0111083984375 76.363434
0 122.3011474609375 334.29617 109.077392578125 116.43045
0 279.57843017578125 140.70277 102.66717529296875 97.112015
0 241.8209228515625 322.34085 85.79168701171875 81.29657
0 273.85028076171875 288.54367 60.68603515625 49.613953
0 194.1229248046875 456.37604 101.64349365234375 87.66034
0 394.64129638671875 97.39996 96.62646484375 99.60072
0 345.75006103515625 202.12164 95.9658203125 93.79288
0 318.18426513671875 284.57846 102.52386474609375 99.806
0 459.14154052734375 164.29527 59.384033203125 77.61334
0 497.9447021484375 136.56078 103.2598876953125 93.18338
0 317.3663330078125 429.4206 76.34307861328125 80.254944
0 270.87677001953125 553.9272 50.76068115234375 56.030334
0 445.7862548828125 234.77919 91.463134765625 95.468124
0 384.478759765625 355.53696 72.59613037109375 89.28525
0 328.3626708984375 534.15784 81.568359375 74.805664
0 453.00103759765625 307.25287 82.7841796875 80.08923
0 538.828857421875 221.0563 64.70404052734375 76.28998
0 419.66937255859375 364.1545 101.2735595703125 110.53818
0 376.228515625 451.09732 111.377685546875 111.85092
0 533.3180541992188 309.96274 106.2286376953125 143.98215
0 614.3147583007812 263.09216 74.42010498046875 87.203156
0 481.95196533203125 447.34802 87.0791015625 94.39191
0 448.430908203125 593.68164 102.19818115234375 86.52283
0 483.89605712890625 517.32715 135.3287353515625 117.928345
0 674.4910888671875 194.0458 101.9193115234375 106.56799
0 584.0675048828125 458.42197 100.4632568359375 99.764984
0 654.6690063476562 378.9771 123.23516845703125 107.47586
0 605.7044067382812 604.5705 70.405517578125 73.70471
0 636.9635009765625 577.0183 96.5064697265625 96.03015
