0 1344.1185 123.81124 89.35132 77.68969
0 1238.0265 26.283451 120.61987 107.82225
0 1327.8582 226.04082 106.404785 102.83501
0 1210.0881 133.45499 103.546875 93.33832
0 1070.7203 -41.28747 125.69824 122.85318
0 1123.0494 60.69321 109.60596 126.14055
0 1292.9445 440.2557 122.51428 121.71628
0 1100.416 211.55539 126.86072 124.82257
0 1075.2389 174.3021 94.0603 74.34392
0 1126.612 354.31558 128.28687 107.277466
0 949.50165 113.06995 134.60187 93.953064
0 898.54 32.328476 117.67114 111.71886
0 1006.65454 246.26372 112.03137 114.60921
0 790.66736 62.301876 128.57373 110.72316
0 1119.1136 523.5614 111.28662 87.09076
0 1029.4481 412.39737 128.93005 132.20566
0 872.6063 191.37962 123.58319 110.50481
0 911.5147 398.453 103.243286 92.5051
0 907.4531 361.83197 74.44153 56.621857
0 928.6678 551.9098 123.86737 99.93005
0 737.9904 149.56013 114.849365 113.17241
0 783.1229 268.58377 114.97687 106.66373
0 799.7403 356.57642 122.90491 113.51016
0 701.82404 221.79488 67.649475 87.86116
0 600.9873 189.33807 125.11047 106.13391
0 814.33997 522.1131 90.45856 91.15198
0 883.02637 664.26483 59.665283 63.576355
0 664.09863 301.77112 112.721436 109.965
0 745.4346 436.82544 87.05701 102.36865
0 775.59375 640.32733 98.605774 85.17206
0 649.12134 383.66 104.892944 93.09894
0 588.65393 285.84705 75.18933 86.49048
0 659.07605 450.05554 123.36145 126.94202
0 690.608 548.44586 132.9065 127.138245
0 525.54846 388.48944 117.0625 161.82233
0 471.2125 333.7382 86.57681 98.87198
0 590.45874 546.47327 99.38098 105.96979
0 590.5142 712.5937 122.08942 97.68353
0 513.30524 626.0912 164.70013 134.40619
0 371.4421 254.60904 126.74698 124.08508
0 443.23175 557.09186 123.03876 114.48694
0 339.67252 467.28555 151.34918 122.989044
0 434.72458 725.1926 83.47836 83.7182
0 361.1436 694.2722 115.31674 109.1626
