0 499.2021 107.71392 56.22693 66.55976
0 531.3076 -11.225078 75.1048 93.53426
0 524.95215 213.01624 64.19104 92.16638
0 582.4756 87.848274 64.266846 81.27708
0 626.9497 -130.76196 82.03381 111.52399
0 629.3767 -13.751762 60.498962 120.15918
0 594.95074 428.24295 68.62085 109.63388
0 670.109 141.95284 75.93829 112.64389
0 692.1051 91.26808 61.16992 60.783722
0 682.08234 297.76804 81.85657 90.24945
0 734.1151 7.2458396 90.86713 71.449005
0 765.3861 -101.51883 74.45044 99.83591
0 747.6245 145.78653 73.17767 105.98959
0 836.864 -92.556335 81.1828 94.45645
0 730.22076 467.3158 72.613525 70.83179
0 763.7052 327.23532 75.74097 121.17279
0 817.2214 60.823 81.327576 96.50862
0 849.5191 281.91406 64.22809 80.33963
0 858.0387 237.484 49.71991 45.439133
0 860.18164 449.7368 80.01251 82.578094
0 904.5416 -24.724262 68.70349 102.188446
0 898.366 115.10832 73.82953 94.48929
0 906.6892 212.17833 75.553955 99.87279
0 975.95447 31.049763 34.802856 86.68388
0 1000.86615 -10.55357 79.4256 89.90469
0 954.957 380.2099 53.57483 83.01178
0 957.1377 540.2471 34.414185 59.06836
0 995.77405 115.60382 67.72009 98.91757
0 986.302 268.29675 51.937378 98.794495
0 998.9523 499.72586 62.20105 72.76193
0 1022.4527 194.01285 72.58942 81.52542
0 1067.8763 70.63484 41.665283 82.39848
0 1026.0673 267.61444 79.2522 117.47577
0 1023.9169 384.28192 80.52881 113.4859
0 1118.7943 163.44595 57.608765 162.22491
0 1149.4501 94.55178 51.537964 94.47147
0 1112.4071 349.27408 57.302002 98.479645
0 1130.9155 526.5729 79.08057 80.36609
0 1139.2994 425.30615 105.97864 111.71686
0 1176.4902 -13.630542 81.2605 112.51405
0 1197.2485 328.82446 81.57654 101.92212
0 1227.373 212.43132 87.53491 102.02623
0 1268.5187 483.14453 28.185425 62.870483
0 1294.3473 452.91086 14.061279 71.0499
