0 1077.6526 -82.54226 77.80322 82.79066
0 1140.6228 43.976215 62.005127 82.8224
0 1132.6534 217.04634 66.54382 64.36815
0 1135.3334 182.24133 64.77075 37.51007
0 1113.2823 354.5717 96.195435 67.26126
0 1006.3562 -30.145407 92.04578 84.102
0 1033.9358 79.54515 94.17383 77.454315
0 1026.8306 161.5581 100.82263 82.27846
0 962.25836 16.5177 47.743713 71.07908
0 866.7947 -17.23457 105.50665 74.19025
0 1006.79095 296.4944 71.88275 68.28772
0 1051.4711 425.30484 46.3584 48.550995
0 911.28705 82.21326 81.03345 80.48396
0 961.8087 209.12646 61.365417 80.27374
0 952.33 394.93085 82.701355 60.0213
0 890.44116 151.67627 81.67975 65.844955
0 839.25226 51.420277 56.473938 67.658264
0 888.4005 207.00722 93.164 95.40755
0 892.1157 299.8242 107.6864 93.43567
0 765.9537 127.02234 86.56525 133.61636
0 728.34564 72.21853 65.24603 77.176125
0 800.85034 272.3485 84.70618 81.67709
0 766.85724 419.37585 111.02942 67.01871
0 716.82336 335.9992 140.51514 92.26892
0 650.2665 -9.151469 89.01611 88.525764
0 662.92175 259.9441 96.323 82.81055
0 580.5752 167.75648 126.10657 83.93921
0 622.2233 388.14148 66.45801 62.611877
0 570.16327 357.57312 93.785095 79.91168
