0 479.12515 663.23285 91.43405 91.181335
0 381.6207 446.82605 97.21988 100.970215
0 582.0154 755.6334 94.98877 92.334656
0 454.4876 548.57153 95.70447 98.682556
0 598.20184 643.2604 80.05682 82.51599
0 574.6196 623.8251 52.14502 55.46631
0 698.7907 708.97687 89.93005 94.57861
0 454.32327 438.22708 94.73404 95.893036
0 524.97003 509.27542 91.17328 93.35184
0 589.1848 553.7249 97.17859 99.58545
0 526.5013 431.5379 67.5401 64.96539
0 515.3775 355.70575 93.70624 97.6012
0 711.0932 612.6228 75.73541 76.33807
0 800.8082 708.67847 51.872986 51.73883
0 583.76184 436.36835 88.49103 88.93799
0 668.159 536.23016 79.381775 77.35455
0 802.93805 630.27057 74.70715 77.54529
0 644.582 459.47055 78.18378 80.22751
0 598.65796 372.41345 68.88818 67.74155
0 684.8672 488.4079 102.77753 102.759094
0 747.3081 541.71796 107.51727 109.445435
0 677.5406 367.13892 125.0755 119.73483
0 656.5717 312.11115 78.924194 77.71411
0 772.6883 467.3476 89.451904 89.88873
0 886.4344 525.9099 90.71448 95.98096
0 832.95447 449.713 120.41931 126.36334
0 616.93384 219.4877 97.72327 98.195496
0 813.65546 372.34998 95.8562 97.713196
0 765.2288 271.66846 109.09796 114.3584
0 939.965 414.60965 69.66986 70.287506
0 927.3399 364.16464 92.6579 94.506226
