0 666.9547729492188 273.54428 69.57916259765625 66.75983
0 677.6790161132812 149.27528 93.3763427734375 93.16116
0 719.234130859375 359.4602 81.59713745117188 92.10608
0 756.9393310546875 224.61668 80.0426025390625 80.897995
0 749.7608642578125 0.9417363 110.97174072265625 112.01114
0 778.1084899902344 111.91202 94.5113525390625 120.12337
0 853.8953552246094 534.6822 80.10858154296875 108.00098
0 866.6143798828125 243.88235 96.36941528320312 111.38995
0 875.949951171875 194.75923 74.40994262695312 61.240677
0 910.0649719238281 384.62787 100.52066040039062 90.420074
0 903.5993041992188 93.4709 108.48104858398438 73.05141
0 911.7243957519531 -12.716474 96.86865234375 99.71745
0 952.6039428710938 224.02504 101.41642761230469 106.39705
0 995.0477905273438 -31.646255 100.22636413574219 94.381966
0 1009.5268249511719 527.26514 88.17817687988281 71.448975
0 1010.3709106445312 380.47467 105.51066589355469 120.911865
0 1006.0274047851562 120.93214 105.91343688964844 97.24334
0 1096.6710968017578 318.21124 79.89859008789062 80.00455
0 1089.575210571289 281.84668 63.91376495361328 46.662018
0 1145.4890747070312 471.77518 97.64887237548828 83.02249
0 1087.0601959228516 11.971833 87.21614837646484 101.02991
0 1109.4666137695312 146.38757 96.05601501464844 94.675934
0 1143.1741027832031 232.66847 94.5658073425293 99.2144
0 1174.7057418823242 40.573536 47.941566467285156 84.3779
0 1193.3630142211914 -9.896083 97.7770004272461 89.95359
0 1234.7469329833984 377.32755 68.36919021606445 81.94464
0 1271.3867616653442 531.5056 44.53807735443115 58.111633
0 1221.2709350585938 111.136024 85.77307319641113 97.86469
0 1246.1894454956055 263.7511 68.25261306762695 96.85809
0 1306.5614795684814 475.2635 71.43999290466309 68.98193
0 1269.625883102417 188.24576 62.78023338317871 71.53265
0 1284.9077854156494 68.04796 27.662927627563477 62.776093
0 1287.6415567398071 249.47707 58.35661220550537 106.153
0 1314.5776481628418 366.10443 41.72067642211914 64.776276
