0 267.00732421875 -171.19724 121.9510498046875 115.866165
0 -58.751708984375 35.64338 119.8095703125 119.3166
0 156.2718505859375 -96.82635 116.2681884765625 111.00745
0 80.4661865234375 59.097324 98.674560546875 94.019394
0 126.6329345703125 33.366844 70.693115234375 64.63767
0 0.230224609375 167.94786 117.4654541015625 109.0052
0 296.025146484375 -84.549065 117.47760009765625 113.57923
0 220.20361328125 -10.954468 115.4508056640625 110.14988
0 169.8975830078125 58.626377 123.2457275390625 117.47211
0 354.318603515625 5.520206 76.11309814453125 78.28925
0 406.431396484375 -1.499937 122.38824462890625 114.52543
0 146.0260009765625 198.13782 93.18994140625 90.54535
0 70.00732421875 293.3708 62.593017578125 61.577057
0 330.0823974609375 70.435135 107.78424072265625 105.177536
0 234.5037841796875 158.55904 91.7021484375 92.804504
0 137.23876953125 304.3396 96.966064453125 91.08829
0 320.04736328125 139.36247 99.39691162109375 94.59544
0 437.6888427734375 99.55384 80.95648193359375 81.02047
0 266.546142578125 182.2261 124.59466552734375 122.22241
0 202.3175048828125 248.21593 134.70672607421875 129.38942
0 401.2452392578125 191.97493 140.0478515625 144.8348
0 511.9678955078125 176.39699 92.9833984375 92.90575
0 323.00927734375 290.82068 109.86114501953125 107.05496
0 260.189453125 416.05872 122.1800537109375 112.32019
0 310.869140625 360.40942 159.3843994140625 147.9129
0 597.2373657226562 140.32452 118.78125 115.9328
0 439.97821044921875 352.53018 120.27001953125 115.35608
0 536.427001953125 306.3335 143.93798828125 133.76343
0 442.1097412109375 499.21942 85.8685302734375 83.34357
0 473.6717529296875 489.06976 116.50274658203125 111.64703
