0 184.736572265625 235.20303 72.0670166015625 64.4783
0 243.3037109375 159.55138 97.40228271484375 89.31384
0 179.599365234375 318.48965 86.27685546875 84.76309
0 276.22979736328125 248.35684 83.6607666015625 77.283356
0 372.6302490234375 108.9101 105.08856201171875 102.485664
0 340.87115478515625 191.867 93.80340576171875 104.62393
0 193.0025634765625 494.70477 97.4287109375 99.29407
0 346.09100341796875 315.51218 102.97900390625 102.77225
0 394.9788818359375 286.31454 75.5208740234375 62.1297
0 324.7236328125 431.25174 103.26898193359375 89.28409
0 459.8360595703125 240.50851 107.50579833984375 79.29611
0 513.31884765625 173.96991 96.71795654296875 92.77304
0 429.33056640625 342.6138 94.5762939453125 95.58707
0 587.6825561523438 202.92487 103.645751953125 91.96207
0 335.80938720703125 566.39905 89.31585693359375 72.84534
0 395.43804931640625 480.35355 104.896728515625 108.58713
0 528.26171875 305.5429 101.87744140625 92.41205
0 507.001953125 473.093 83.39007568359375 76.624176
0 537.2821655273438 444.31693 60.00006103515625 47.596985
0 476.45404052734375 596.32404 99.545166015625 83.38519
0 639.218017578125 274.22098 93.23162841796875 93.175995
0 599.8564453125 371.57764 94.58795166015625 88.80136
0 581.7699584960938 441.56732 99.425048828125 93.83594
0 702.8792114257812 337.21683 55.880859375 71.27185
0 741.0274658203125 314.39688 100.78085327148438 88.2428
0 593.6202392578125 577.0578 73.5235595703125 74.94513
0 561.128662109375 691.4682 48.64801025390625 52.10797
0 699.7059936523438 402.2899 91.44580078125 90.5878
0 650.8640747070312 507.1953 75.81689453125 85.28589
0 613.3057250976562 676.735 79.5086669921875 70.72943
0 712.6200561523438 467.4614 91.94766235351562 80.2056
0 790.2624816894531 394.38757 61.6009521484375 70.58551
0 688.5936889648438 521.17 105.74832153320312 106.48627
0 657.0025024414062 602.2966 107.7156982421875 104.866516
0 800.7422790527344 477.92465 97.14291381835938 130.89511
0 869.111328125 439.16507 71.33834838867188 80.912445
0 762.8988037109375 606.7638 81.0496826171875 86.845825
0 742.9307250976562 740.62445 98.07931518554688 81.560486
0 770.0767211914062 670.5517 132.429931640625 112.059265
0 921.4529724121094 371.9487 105.32423400878906 103.235565
0 858.3361206054688 621.6617 104.90719604492188 96.83038
0 921.3205261230469 547.9195 121.67109680175781 102.57202
0 900.3350524902344 755.0248 67.83187866210938 68.852844
0 930.2551574707031 738.21246 93.40643310546875 90.098816
