0 256.20657 384.42462 62.876312 60.104492
0 210.2161 263.74127 82.0253 83.05615
0 207.8516 475.82068 70.875916 83.97797
0 152.18813 351.7983 70.127625 70.58368
0 99.033195 130.68224 104.62118 97.87247
0 101.925064 249.61108 84.559296 108.58008
0 91.67141 665.383 63.454582 98.88916
0 23.297995 386.8356 93.432106 107.63861
0 23.034416 336.0362 77.82367 51.61621
0 -9.564273 527.63715 89.89598 77.24078
0 -54.47132 251.9865 109.6515 58.537704
0 -50.60917 140.47134 84.57294 87.27164
0 -70.56287 384.10736 88.21684 93.40735
0 -104.50156 146.90326 55.02893 73.499405
0 -73.59984 688.8613 73.19101 59.56305
0 -104.980804 550.9717 89.58441 108.10571
0 -106.59575 292.71085 61.638638 83.98627
