0 340.28635 257.09885 79.91324 69.30502
0 397.66406 176.2516 107.75827 96.097
0 345.12546 350.2467 94.7428 91.42636
0 440.73758 269.072 92.47635 83.17267
0 531.5219 108.3648 125.77472 114.30752
0 511.70624 204.26595 106.79974 115.275986
0 387.61914 544.6315 99.65268 104.696045
0 534.06146 341.8255 112.86505 110.91226
0 580.9932 307.52682 84.446045 66.56564
0 522.98956 467.39142 114.91382 95.836365
0 646.73486 254.39142 121.35303 84.54971
0 699.4862 178.25182 111.04144 101.6584
0 628.8071 371.66882 114.90765 107.385315
0 787.72577 209.82256 115.04138 98.82008
0 554.39905 619.2812 99.94873 78.017456
0 610.81116 516.4577 114.48529 117.32495
0 731.45105 325.62018 119.68512 101.913025
0 734.46704 512.004 92.228455 82.44702
0 757.6932 478.30505 68.42914 51.336487
0 712.9241 648.4916 111.108826 89.3999
0 855.95276 284.9093 102.16901 100.54703
0 821.44336 394.01465 109.5 97.511536
0 813.0915 476.90067 109.65234 101.06546
0 935.3586 352.39062 59.30609 77.48157
0 974.2874 329.52344 111.9986 94.77106
0 841.75903 625.7022 80.39032 80.93463
0 816.232 753.2575 52.88159 56.356873
0 942.7759 428.833 100.31555 97.733154
0 899.704 548.2642 81.90515 92.392944
0 874.80725 732.0433 88.22754 76.0116
0 964.4739 499.49323 102.22974 86.130066
0 1040.9712 416.0479 66.37732 76.50641
0 946.6091 558.45 122.759094 117.51654
0 922.55237 652.4089 118.39404 113.07013
0 1071.8668 507.37653 102.2207 142.50049
0 1134.2089 460.00873 85.53369 90.81714
0 1040.2216 652.8858 88.089355 93.93829
0 1033.1063 800.44385 57.14795 59.441406
0 1056.8052 732.63666 75.63013 77.94525
0 1188.8202 389.6326 62.8761 82.47327
