0 398.9001 490.50244 65.925385 61.494812
0 384.3376 386.2495 89.417114 85.14383
0 457.19617 540.62366 79.99603 80.674805
0 462.3597 428.64468 76.8732 73.65286
0 427.1305 261.52838 94.69556 96.283966
0 466.6704 342.11356 84.61243 97.33368
0 585.27985 642.81354 92.58649 95.27667
0 550.2392 416.79565 95.691895 97.77515
0 549.87274 379.49698 68.31958 59.376495
0 612.10895 510.9874 94.03052 85.22232
0 557.28143 289.00745 95.96765 76.0047
0 549.0436 211.74878 88.1839 87.77545
0 617.09094 383.63895 85.135254 89.50516
0 609.4204 175.64998 94.70453 87.724014
0 709.8939 599.19135 80.71002 69.63257
0 692.577 491.3876 98.03046 103.23294
0 644.6526 287.23254 91.618774 87.25989
0 744.76013 420.16852 76.566895 73.03357
0 736.42645 393.2537 53.745605 45.398987
0 810.8331 517.1972 90.26282 79.65375
0 689.0085 192.59445 86.655945 88.63876
0 731.3428 283.2833 85.79602 83.96182
0 768.13226 340.53278 91.63446 89.37677
0 765.66766 205.84702 54.111816 67.49808
0 768.9997 146.40892 91.913574 84.19902
0 864.3617 434.06592 68.547 71.27234
0 920.4728 543.7103 45.71228 49.500122
0 807.18024 237.55331 84.890686 86.20792
0 853.1645 348.0505 69.57953 79.87662
0 941.1048 482.18832 72.67554 67.46573
0 858.61206 274.27902 80.12811 74.754944
0 849.853 183.8744 58.527832 66.97331
0 886.1976 317.6045 95.68225 99.97644
0 920.43005 391.42023 99.730896 99.82416
0 927.6448 209.56503 95.05206 123.854645
0 927.868 149.8528 67.28815 76.59923
0 981.58167 332.16965 76.151 82.50308
0 1057.6614 430.70886 88.84973 77.92502
0 1030.2759 349.2862 120.23987 107.01773
0 914.44495 61.01431 95.51959 97.24452
0 1044.9021 266.21164 92.68323 90.49426
0 1031.0018 168.27429 110.41748 97.9664
0 1155.2866 347.22842 63.199707 65.48425
0 1161.4037 298.2111 86.36853 85.79175
