0 660.5874633789062 337.3485 80.14044189453125 69.69162
0 724.2869262695312 270.62015 108.51858520507812 96.15921
0 650.3008422851562 424.4786 96.6025390625 90.2764
0 754.642578125 360.93378 93.24972534179688 83.10382
0 860.9142761230469 224.82227 127.03033447265625 114.00781
0 827.7655029296875 311.10046 110.99386596679688 111.858154
0 663.6915283203125 609.1162 103.07391357421875 102.00464
0 832.0295104980469 440.13687 115.423583984375 109.19522
0 887.1194152832031 412.62515 83.54052734375 68.13272
0 807.002197265625 553.66016 114.58389282226562 97.056274
0 957.0578918457031 371.84726 118.14411926269531 88.73102
0 1014.9930114746094 309.10083 112.27719116210938 101.26511
0 920.2510375976562 478.84827 116.56210327148438 106.59845
0 1096.7025909423828 348.61575 115.20531463623047 99.541595
0 818.9750671386719 696.7136 98.74505615234375 80.00568
0 882.0152282714844 610.4573 117.90841674804688 114.74603
0 1026.6747283935547 448.50116 119.70176696777344 102.819275
0 1006.1621704101562 620.0248 92.91339111328125 82.46564
0 1036.5069122314453 590.7479 67.24827575683594 53.058533
0 967.1459045410156 743.08636 110.22953796386719 91.14618
0 1151.6280364990234 426.28806 104.51007652282715 98.96744
0 1104.609115600586 522.3034 110.24878692626953 97.59888
0 1084.9529418945312 597.7723 110.98920440673828 100.559204
0 1220.4663314819336 497.65887 63.94819641113281 73.244385
0 1261.4533233642578 481.2048 111.91170501708984 95.72275
0 1094.237777709961 737.7909 82.54505157470703 79.37555
0 1054.7667999267578 851.46606 54.83439636230469 54.789917
0 1216.654369354248 569.1766 102.44427871704102 96.35419
0 1158.8906478881836 674.00385 85.80642700195312 89.079285
0 1113.1817169189453 839.3184 88.39176940917969 76.52594
0 1230.0753364562988 636.27094 102.08605194091797 87.0639
0 1314.5722770690918 568.8471 69.81886672973633 73.5379
0 1201.317153930664 689.51935 125.00636672973633 116.190674
0 1165.976203918457 772.988 120.51541376113892 111.83795
0 1324.1936073303223 659.15265 111.75918197631836 133.64233
0 1397.6946640014648 620.9186 88.63419342041016 88.34125
0 1280.8269329071045 787.2552 91.3524112701416 91.317505
0 1257.7993812561035 921.1607 59.00711441040039 58.001953
0 1287.9559922218323 862.14435 77.96690511703491 76.16528
0 1459.8475799560547 562.71655 67.85377502441406 77.92413
