0 749.6946 142.23277 73.95746 69.31062
0 751.8188 32.064312 100.41406 95.53812
0 660.6126 193.57257 91.34412 91.217285
0 674.6769 72.80905 86.401 82.6178
0 716.0205 -113.67405 119.746216 114.44974
0 668.5675 -26.620266 110.09747 115.109665
0 486.5917 296.83923 95.12253 101.95221
0 552.0695 52.926846 108.61633 109.45044
0 592.8594 14.848517 75.743835 66.852066
0 474.62354 152.31549 104.845764 95.795425
0 569.5571 -85.64278 105.10034 85.88633
0 596.5522 -168.7749 105.157104 101.28513
0 482.0684 9.66665 110.757904 107.46983
0 530.0617 -210.53012 105.9256 98.52956
0 360.4102 240.80058 89.37729 78.40767
0 374.96954 118.4281 119.545685 119.61607
0 467.73633 -91.40364 111.117676 102.34142
0 354.9505 48.677727 86.0105 81.953285
0 395.41614 24.88898 63.450043 53.36803
0 249.91353 153.76721 100.270706 89.624756
0 445.64026 -197.89418 98.38153 99.22771
0 379.59045 -98.25974 102.903076 97.44047
0 323.99835 -38.134705 103.27768 100.21343
0 398.05704 -187.64572 63.54007 75.11179
0 364.66644 -246.65442 95.48929 89.79529
0 226.88313 59.897793 78.01924 79.73782
0 173.486 180.4858 52.37642 55.317642
0 306.63165 -152.7295 92.037964 92.110985
0 247.68654 -34.048386 82.8253 90.33842
0 147.16306 122.78251 64.87129 64.675835
0 273.7145 -94.62325 58.84381 62.84206
0 331.29245 -179.67693 23.82196 35.154434
0 231.43684 -50.32294 68.86549 88.40782
0 200.88971 39.211388 40.37303 48.670074
