0 888.5925 328.53558 34.947083 46.725983
0 840.9765 218.08128 74.44946 66.93587
0 860.6426 394.18298 54.01996 66.384094
0 798.8062 289.17966 54.78784 57.93515
0 743.37164 120.94433 67.895996 79.3269
0 752.48486 207.6302 60.329468 88.76576
0 786.4427 548.7175 71.900635 80.073425
0 703.1162 323.69812 74.82068 81.713745
0 695.56866 283.95743 61.02362 42.551605
0 689.018 442.6216 81.43652 63.86151
0 616.9941 213.47844 91.11536 48.574234
0 601.1754 132.22081 70.647705 71.7711
0 628.32153 326.06384 64.73932 76.498535
0 516.52576 130.91354 80.6416 67.1801
0 643.66455 569.9151 72.464294 49.48419
0 606.50684 460.65918 74.41168 88.34357
0 546.99854 251.49437 76.26837 68.61363
0 526.2712 417.40637 63.65857 57.506805
0 535.3613 383.6173 48.970703 31.481445
0 503.13422 546.6955 79.743835 58.044006
0 462.27335 181.53531 67.68533 74.14357
0 466.44833 284.9416 69.78232 67.65375
0 457.61642 361.27994 74.74899 71.81506
0 422.96835 216.72432 33.407898 64.67348
0 356.76822 181.07309 78.9592 63.778778
0 432.62238 486.19214 52.697113 60.392883
0 450.65683 607.8581 33.70569 43.255737
0 376.6469 281.35196 66.256836 71.66196
0 405.79318 401.99054 43.634857 72.541595
0 377.72076 570.7425 61.77652 51.77594
0 350.51144 340.5274 60.606903 57.404877
0 329.5816 240.2329 40.533478 60.822983
0 340.50647 396.83722 67.87088 84.86359
0 337.07883 483.5806 79.49368 82.00894
0 262.6758 309.90863 55.192963 121.618225
0 238.02945 250.70587 46.8909 69.32391
0 271.80026 448.52502 56.519684 72.13556
0 231.08484 584.1628 79.168396 56.417053
0 193.32516 506.63992 105.56378 78.69809
0 182.93152 173.62775 74.28906 80.85971
0 165.29892 425.35382 72.98782 72.68555
0 109.74224 337.5168 96.999565 71.78674
0 123.29983 547.04114 48.752586 55.336426
0 77.32982 509.4103 69.32225 70.02615
