0 -42.43412 123.384865 49.95182 64.029976
0 30.936415 -30.29446 72.05963 88.028625
0 -3.5681436 49.81696 80.123474 99.95064
0 -140.65627 359.45395 88.33499 94.878845
0 -0.17838262 168.26263 91.47974 97.20734
0 42.726055 135.23811 67.913345 56.587982
0 -20.125847 283.24188 92.58793 82.180756
0 106.893875 82.25836 97.22931 70.3925
0 157.3902 13.612024 84.874695 86.71755
0 81.362305 192.87872 80.753494 89.57269
0 229.50911 33.341988 92.7805 85.09275
0 -4.2191563 417.5265 80.348 66.21814
0 51.977562 325.27585 92.942406 103.34976
0 171.11494 141.37527 89.169174 85.26422
0 157.07736 308.3989 74.48558 71.38852
0 179.35588 277.20825 53.743347 42.894623
0 127.39867 433.16614 89.41464 76.24185
0 274.62686 98.27038 82.81265 88.152336
0 241.09813 195.45927 82.93443 82.6042
0 223.14824 270.13263 88.65529 87.86737
0 336.98965 152.97893 48.683685 69.96565
0 367.73706 124.96919 90.288635 81.43326
0 235.38416 401.76364 65.21655 71.14545
0 205.82642 517.78485 42.99318 49.863464
0 330.81516 217.95882 79.87125 85.114914
0 289.41275 331.04605 60.268738 80.14307
0 256.28024 495.22763 71.15411 65.47745
0 346.19412 283.1004 71.65326 70.46774
0 413.01996 199.11067 54.15988 68.26335
0 325.03934 337.01996 85.96466 98.30316
0 294.0175 417.78302 95.85007 98.75458
0 424.6004 279.4144 85.20868 129.72586
0 487.07166 232.31007 62.36841 78.00017
0 388.75708 408.28375 72.72101 83.47882
0 371.94275 542.6407 89.04419 74.74396
0 398.40097 471.56708 118.88321 102.680725
0 533.0721 166.27095 89.43878 95.60182
0 480.48822 411.19986 87.03644 88.13266
0 535.519 335.71255 108.7879 93.763214
0 512.9999 544.1692 60.185913 65.315125
0 542.1387 515.89795 83.16876 84.70636
