0 942.2256 767.3233 90.6814 88.42297
0 874.5806 821.0728 91.678894 87.07477
0 993.98865 662.79456 82.58545 77.6485
0 988.15094 571.4469 106.803406 115.33069
0 737.2055 885.5464 88.97174 90.62225
0 645.9287 1005.56683 61.508484 61.512756
0 902.99567 670.2053 102.30853 102.77734
0 796.0635 791.9564 96.02466 92.27911
0 627.3044 913.86444 85.42206 91.667786
0 839.9704 703.5431 90.36743 94.99872
0 916.75305 593.91003 82.693054 80.7041
0 758.1857 739.8113 121.60162 122.12128
0 669.02484 805.8175 125.19116 129.74292
0 753.71643 591.8625 154.91614 145.26483
0 846.75354 526.8581 94.64172 92.57428
0 673.18304 717.31683 106.865906 108.974
0 529.28595 793.3238 103.080505 115.0202
0 570.8691 702.63007 136.27777 149.17163
0 889.51105 414.91098 111.68634 112.17856
0 633.4006 607.3266 110.97644 115.07947
0 693.78284 485.11417 122.95154 134.07059
0 513.0714 659.82794 81.78027 83.42871
0 506.92072 605.6581 107.6853 111.99457
