0 1033.5939 465.40125 66.27844 68.40851
0 1004.11304 393.33563 106.07605 97.89374
0 972.81146 482.16574 89.94806 88.03543
0 922.8618 597.65045 74.22308 76.582214
0 824.89404 715.7826 63.578003 62.40631
0 924.86505 517.12134 86.218445 81.19177
0 947.93024 417.78885 70.39728 70.36365
0 878.68866 556.842 108.23541 105.659546
0 818.1147 615.2059 116.89905 111.302185
0 818.7542 423.9697 124.611694 128.69601
0 858.4476 366.836 80.84894 80.65588
0 783.1084 539.92834 98.249695 94.56073
0 678.6148 616.3121 108.174805 97.3775
0 686.1973 535.78455 138.08728 126.173096
0 853.20233 268.68234 97.72308 95.65842
0 699.59674 450.92847 103.4209 98.48169
0 702.2153 343.4472 123.510925 113.23123
0 607.1431 504.56815 74.55499 71.870514
0 583.51886 460.36996 101.095764 95.99411
