0 465.90228 216.15141 74.68494 75.62352
0 490.6838 118.300705 101.98508 102.82596
0 364.7021 227.5409 94.95828 94.36984
0 408.91763 118.34515 87.94937 88.54349
0 488.57462 -31.334808 122.138336 123.02635
0 420.36536 31.294987 105.23718 101.05682
0 170.37794 246.95413 101.58418 98.69559
0 291.2072 49.433277 113.1384 112.14714
0 347.57834 23.15534 74.5376 76.79326
0 197.71323 103.232605 104.66525 106.77528
0 348.46802 -81.212 100.25531 105.52637
0 388.76294 -139.46169 107.376434 107.87408
0 235.73932 -24.522415 113.451935 113.729065
0 336.66522 -211.33476 106.546906 108.13487
0 69.75234 128.2832 87.73371 90.54401
0 103.10898 29.157393 125.71614 125.15398
0 248.16835 -127.57915 111.30144 113.283936
0 109.12656 -51.400074 87.40396 88.08828
0 158.24818 -61.235027 61.795944 64.600845
0 -16.900215 -1.0995249 99.18263 101.820015
0 250.63698 -236.4468 102.50688 101.58084
0 165.06354 -174.6873 104.29877 105.30547
0 97.693924 -143.61572 105.7906 106.04846
0 203.72769 -249.0479 71.27487 67.246
0 202.18752 -307.96063 83.79692 83.565704
0 -16.824032 -98.11925 81.77254 80.71221
0 -94.65363 -14.024631 55.71815 54.450096
0 123.405014 -242.30869 78.23059 77.03703
0 27.177507 -169.27097 84.710434 81.7046
0 -87.46798 -58.20126 48.069862 45.095726
0 83.73727 -201.01193 42.432953 38.554184
