0 -183.63367 274.56082 57.251907 53.300415
0 -165.43015 438.54755 41.243546 59.52411
0 -122.165634 322.25702 52.254158 59.55066
0 -101.56604 151.69273 73.14878 81.121475
0 -97.9224 234.52434 76.43608 91.54204
0 -111.19569 563.6207 89.212814 84.61511
0 -43.134922 335.01297 92.7276 86.51898
0 -23.694769 294.70242 73.844826 47.63324
0 -19.345354 445.10052 99.06792 70.30127
0 24.552588 215.07254 109.166954 56.885468
0 57.091938 133.4666 87.14932 76.56712
0 56.129852 322.68774 80.64247 80.374146
0 143.80847 117.70034 98.3913 73.366615
0 55.50998 557.64764 87.62344 55.579285
0 87.36555 447.42322 92.731834 92.77948
0 128.73013 237.64607 93.439804 74.22081
0 185.89151 391.76312 77.99988 62.174347
0 187.83566 360.45926 59.063187 35.68811
0 209.73611 510.7622 96.67792 64.56671
0 226.09145 155.17175 83.89073 78.47029
0 231.06621 254.67334 85.843216 72.547424
0 246.0531 326.0353 91.90488 77.08859
0 316.5689 181.0175 43.47574 65.457214
0 336.7706 136.65794 96.19125 69.9328
0 315.64853 439.4523 65.5112 63.63916
0 330.42825 558.00415 42.242706 45.10858
0 340.9094 234.726 81.176025 75.83736
0 347.30057 354.06635 55.90564 74.14136
0 378.29065 510.84558 75.39685 56.500183
0 383.2272 286.71118 74.45636 61.72049
0 419.82172 186.83527 51.448578 62.62599
0 393.46448 338.33707 84.89642 88.70267
0 394.6948 420.71677 98.153656 87.34509
0 489.2561 241.326 73.55005 122.28108
0 519.47864 180.769 59.441467 71.459854
0 492.0359 375.0209 71.49188 75.34967
0 528.97675 497.6287 96.477905 63.026215
0 533.07635 417.7782 128.11798 87.24301
0 543.3966 98.07179 90.85651 85.28958
0 594.3078 334.60022 89.69574 77.681305
0 620.2145 241.55646 117.39264 79.63516
0 685.1 441.396 60.568054 58.36557
0 709.3629 398.847 85.48395 74.74249
