0 121.6939 30.238255 37.127632 75.6687
0 141.22876 -17.678179 78.647934 74.44389
0 121.83848 90.5262 58.354057 83.35597
0 95.04652 242.19225 41.62168 84.633194
0 84.5176 443.70966 40.94774 59.64377
0 128.6069 168.32832 61.23152 67.04462
0 193.22058 52.139935 43.243423 71.12831
0 111.54607 230.4294 70.67331 99.19841
0 100.02625 335.75305 80.99915 95.80777
0 214.7001 130.53033 69.67279 142.58673
0 264.32108 68.12 49.9198 81.06689
0 182.8642 294.20108 66.39348 84.60919
0 181.29509 457.09116 84.27281 66.04208
0 199.15514 362.0204 104.47627 91.8266
0 311.2007 -27.703407 63.37625 90.6145
0 278.02682 272.17108 71.63977 84.811005
0 321.59448 165.08026 92.822876 83.65028
0 323.05606 404.9917 50.19104 64.66623
0 338.24753 373.10175 70.48291 81.80313
