0 996.57324 85.63447 53.210083 62.97776
0 910.1139 -11.276701 89.12067 94.46073
0 983.53705 173.38069 79.01251 90.67372
0 894.1394 83.0135 76.54852 81.83805
0 786.3961 -81.28877 93.40076 108.415596
0 826.8108 12.615442 83.18085 112.91534
0 967.8575 365.8812 91.143005 107.54944
0 818.80084 149.11299 94.31177 110.203354
0 799.08405 113.309784 69.01343 64.41876
0 844.7665 279.49213 94.41339 93.44452
0 704.633 52.826725 98.116455 80.36275
0 663.6597 -22.768814 87.285095 98.37266
0 751.3362 177.63774 83.50421 101.48726
0 585.80286 -0.7780908 94.78729 96.70017
0 843.79895 433.41388 81.60211 75.39731
0 775.0774 327.02145 96.125 117.09271
0 652.3818 120.17505 91.32007 96.81677
0 687.12854 308.82037 76.295715 81.066315
0 683.88214 274.42023 54.49176 48.871185
0 707.4099 449.92792 90.975464 86.754944
0 551.1232 75.46747 85.39374 99.938
0 588.56006 184.71022 85.14459 93.74126
0 605.27783 266.7814 90.9975 99.72482
0 526.61395 136.1486 51.37555 79.01344
0 454.10977 104.349594 92.15256 92.568405
0 622.5647 415.86127 67.36078 80.628235
0 678.08636 546.7436 44.60559 56.463623
0 504.54535 209.60934 83.75134 97.03812
0 569.8894 336.30673 63.983643 90.89847
0 599.175 521.0559 72.715454 74.40796
0 498.46075 282.97678 74.82703 80.49716
0 447.98428 188.65979 56.53485 77.210724
0 507.81332 344.55624 90.048615 111.69632
0 533.6622 435.1647 98.62543 112.01303
0 408.07806 280.29407 89.398346 146.02621
0 365.99014 226.79362 65.06067 88.22246
0 461.39166 425.9143 74.30072 94.11871
0 468.21173 577.2559 89.62512 84.727905
0 408.4289 497.5857 121.043396 116.81177
0 290.50598 152.62962 94.19876 109.51997
0 355.4684 429.27954 90.25824 100.30249
0 276.31467 344.83383 111.2048 106.84671
0 355.9966 580.66705 62.14258 74.02643
0 301.10483 548.8099 85.51654 96.105835
