0 358.19183 237.20863 76.16455 59.921616
0 333.78015 136.47397 102.3945 82.32146
0 281.73398 282.05066 91.45349 80.18289
0 258.91046 176.5221 87.862854 71.24684
0 254.30188 6.7149434 126.142334 100.0993
0 226.92957 90.77678 102.440796 99.24925
0 117.53051 381.7728 88.76775 89.109985
0 117.08599 163.55902 119.34232 101.25806
0 141.34546 127.16 90.7207 60.361588
0 56.75554 254.24733 109.26807 82.06056
0 84.24704 42.72048 120.17934 73.793205
0 103.05244 -33.023205 106.50707 87.42715
0 25.750322 130.88193 111.69934 92.85733
0 15.0241585 -61.62245 109.3542 84.6245
0 -49.24763 344.64838 88.98694 64.76758
0 -66.3817 237.0836 127.883934 106.88115
0 -21.369757 42.879875 115.31959 87.77157
0 -108.37627 177.57422 87.63292 70.62244
0 -78.18155 151.95897 70.6108 45.70244
0 -169.1909 285.57483 78.47616 66.89691
0 -55.218033 -37.54789 80.39148 79.51155
0 -87.78853 54.60324 72.031006 73.51808
0 -110.56225 123.05242 47.926517 59.8285
