0 -49.589599609375 505.36386 104.54931640625 98.31259
0 -79.413818359375 412.32352 111.6976318359375 114.1199
0 26.8309326171875 607.7586 108.75 114.150024
0 -12.6512451171875 344.90292 117.7437744140625 116.38873
0 166.516357421875 863.6048 87.8419189453125 86.36438
0 131.9920654296875 730.79816 126.1004638671875 132.20984
0 45.3387451171875 481.19562 114.7205810546875 114.85687
0 186.642578125 628.40826 95.910400390625 96.090515
0 167.972900390625 598.51526 65.324462890625 61.902527
0 280.873046875 734.7357 110.87774658203125 107.19519
0 76.45166015625 353.98587 110.586181640625 114.40787
0 139.3798828125 456.64658 108.1929931640625 109.67929
0 199.8870849609375 524.5522 115.4605712890625 116.869934
0 171.166259765625 359.52618 73.177734375 82.905426
0 169.2884521484375 277.49234 113.95458984375 112.0715
0 328.83135986328125 623.23755 87.86468505859375 91.585144
0 409.92291259765625 754.8302 59.2705078125 62.94513
0 229.836181640625 386.42554 103.4083251953125 107.98251
0 303.38458251953125 522.02954 87.6700439453125 97.04608
0 428.27264404296875 669.54126 90.405517578125 89.45459
0 294.784423828125 428.78525 93.07086181640625 93.983734
0 269.45147705078125 313.39148 77.10028076171875 83.97516
0 332.73101806640625 474.72543 117.84588623046875 124.61734
0 386.638671875 555.5447 126.52154541015625 129.59418
0 360.29766845703125 332.35587 133.72149658203125 153.13275
0 353.1207275390625 260.5018 88.50506591796875 96.16815
0 441.86688232421875 474.03482 102.40582275390625 107.60251
0 551.7898559570312 576.651 112.037353515625 107.33179
0 507.5379638671875 477.45697 148.0103759765625 143.65503
0 328.87432861328125 146.59859 114.63836669921875 119.76543
0 513.205322265625 377.51636 113.33636474609375 115.71228
0 481.20428466796875 252.6593 134.26177978515625 130.47192
0 653.3131103515625 458.7549 80.93292236328125 84.22519
0 649.30126953125 398.43555 109.34625244140625 111.60977
