0 956.29004 19.903122 63.951477 80.29616
0 814.10065 -159.68138 94.67389 112.33234
0 858.81036 -66.192184 109.80194 129.52925
0 1069.6858 296.55225 117.85657 125.59369
0 861.2244 81.179474 121.832886 128.88506
0 830.73175 45.323406 87.188416 78.16571
0 904.07214 220.03796 119.91901 112.22479
0 707.8711 -8.889652 122.60266 99.96213
0 647.85486 -84.74929 112.31012 115.67591
0 777.1836 125.71771 108.33484 118.00462
0 552.9913 -47.541946 120.74188 115.540565
0 922.99994 388.79324 103.00421 91.64984
0 821.5024 286.4528 124.74072 136.1052
0 647.6087 77.04233 116.770935 114.96063
0 711.5067 282.11362 97.56683 96.21051
0 703.37634 245.69916 68.61688 59.750763
0 751.8717 432.32278 115.15582 104.86752
0 520.51117 41.084167 110.32245 116.8481
0 578.61395 156.11607 109.296875 110.6353
0 606.47473 246.56696 116.7453 117.77789
0 493.069 120.1726 68.65134 89.094
0 401.2075 90.66706 117.20181 110.88744
0 641.6208 412.169 87.2417 93.95853
0 724.6449 550.681 58.145996 65.286194
0 474.94522 200.33458 106.14859 112.66777
0 568.4389 334.06015 83.63422 103.01758
0 625.28204 531.97815 92.65344 88.86017
0 477.31308 283.47385 94.241486 94.57385
0 400.6582 190.8724 74.371124 88.35159
0 495.40842 348.18683 115.928375 128.92181
0 535.8791 443.36108 127.00537 131.56012
0 362.67102 295.9134 121.8721 164.19775
0 305.40924 245.64503 85.51059 101.046585
0 444.71594 447.59744 98.36688 109.540985
0 469.62878 611.3304 114.617676 103.203674
0 389.50958 528.37054 153.38239 140.90387
0 205.29294 171.91508 118.832 126.38115
0 315.30054 467.49832 114.92923 117.69266
0 208.83727 382.85275 140.22118 128.66922
0 329.76453 637.7534 80.44034 86.325806
0 262.13348 608.47626 110.00156 113.059875
