0 -207.12332 286.64008 48.885544 74.19107
0 -203.00688 68.12788 75.55927 101.33288
0 -196.97911 173.16972 88.000015 116.54631
0 -186.16685 592.8548 101.009514 107.6272
0 -130.21849 300.72888 104.878746 110.028595
0 -111.90587 248.6195 81.91776 60.45038
0 -95.830734 440.97546 110.369675 89.2738
0 -64.744255 147.91046 120.04564 72.06526
0 -35.867813 43.003593 98.210335 97.352745
0 -23.506378 284.8488 91.601326 102.25696
0 57.14766 23.805176 109.8853 93.19583
0 -9.358166 585.0953 97.11632 70.51251
0 19.609169 444.76706 105.36065 118.0419
0 49.700665 176.85376 104.7009 94.31677
0 121.34539 374.38495 87.40566 79.008575
0 121.200455 334.0039 65.329834 45.279297
0 155.68759 526.4195 107.400116 81.95819
0 147.1443 71.66077 94.90192 99.81506
0 159.5236 199.1194 96.52019 92.22258
0 181.6719 290.583 103.291534 97.9913
0 247.18527 105.45625 51.065308 83.40927
0 266.81958 49.257633 107.28085 88.81816
0 264.79944 435.59253 74.28812 80.95593
0 288.5238 587.16016 48.21341 57.41913
0 278.14197 174.07155 91.194214 96.35127
0 292.77942 326.48026 64.90286 94.43594
0 337.31726 527.7477 84.22589 71.77289
0 326.55893 241.20471 83.62555 78.45093
0 359.58575 113.60924 59.30252 79.74361
0 341.01315 306.98087 96.73135 112.864105
0 348.53464 412.42624 110.69565 111.063995
0 437.80206 183.63455 87.70917 155.91666
0 466.47922 106.75026 68.4476 90.98775
0 449.87866 354.58896 82.00525 95.96051
0 498.7415 511.79974 107.47067 80.04932
0 497.5818 409.8592 142.45459 110.75726
0 487.31552 1.1410787 101.96835 108.19034
0 558.179 303.91745 100.83276 98.737976
0 579.8142 185.15657 130.30133 101.066086
0 663.3391 440.21402 68.64685 74.24454
0 686.07965 386.88034 96.30792 95.04181
