0 160.490234375 485.32742 78.6624755859375 74.8967
0 143.2738037109375 352.09924 117.45794677734375 109.05368
0 229.6859130859375 540.5191 104.64166259765625 102.74335
0 243.2933349609375 399.35452 100.93597412109375 94.276825
0 207.039306640625 193.34296 123.79766845703125 122.53549
0 255.5633544921875 290.3865 110.964111328125 123.213165
0 391.23980712890625 658.7738 120.9244384765625 121.105286
0 359.30755615234375 378.6464 125.04852294921875 124.36505
0 361.20416259765625 333.39893 90.3109130859375 76.79523
0 432.79083251953125 491.88123 123.93609619140625 109.70654
0 377.1497802734375 215.51923 127.569091796875 99.351074
0 373.9871826171875 122.05865 115.4549560546875 111.92341
0 454.2667236328125 334.4878 111.01715087890625 113.545746
0 457.09027099609375 70.06452 124.64404296875 112.67817
0 562.1312255859375 593.8406 106.733154296875 90.12262
0 543.4044799804688 460.26514 127.79486083984375 130.93011
0 494.15277099609375 209.90219 120.34820556640625 111.76141
0 621.031005859375 366.90338 100.565673828125 93.526215
0 609.87451171875 336.64172 71.1715087890625 58.895905
0 700.3267211914062 484.05167 119.18563842773438 102.84201
0 562.4267578125 87.154106 113.23553466796875 112.74134
0 611.7708129882812 195.83595 112.47943115234375 107.24461
0 656.7733154296875 266.84348 120.16775512695312 114.20871
0 664.1740112304688 98.63455 69.51654052734375 84.37221
0 669.188232421875 22.47632 121.07302856445312 108.28146
0 778.2137145996094 378.17133 89.45523071289062 90.50513
0 845.5625915527344 512.29016 59.46246337890625 62.62262
0 715.1119384765625 135.72214 110.9808349609375 109.70685
0 771.9286193847656 274.1274 87.02120971679688 99.00278
0 876.3793029785156 431.0498 95.63644409179688 86.63751
0 782.6475219726562 178.63829 100.38409423828125 93.43538
0 775.6410522460938 65.13788 75.78070068359375 84.31615
0 816.9580383300781 230.33119 121.115478515625 125.04347
0 855.5677185058594 318.07288 130.5301513671875 127.22351
0 875.8758850097656 93.573074 121.59371948242188 154.29166
0 879.7905578613281 18.25244 87.16238403320312 96.477875
0 938.7343139648438 241.24217 99.05305480957031 104.36989
0 1032.4797821044922 355.97113 117.36698913574219 100.67767
0 1002.7818908691406 254.56714 158.67906951904297 138.04404
0 868.4107666015625 -93.24628 124.84912109375 123.72867
0 1027.4856262207031 152.67451 119.84768676757812 114.77367
0 1015.4061279296875 29.981897 145.7420196533203 126.40191
0 1169.0525283813477 249.31175 82.49921989440918 83.18233
0 1178.9552154541016 184.03064 113.10563373565674 109.42102
