0 261.84042 421.0014 98.91876 96.23505
0 306.6018 535.768 92.35974 90.09015
0 419.8993 649.00635 79.69745 77.19116
0 400.9832 626.1972 59.367035 53.661804
0 497.28723 730.4282 97.00775 89.90979
0 336.8032 420.50296 98.8403 96.80582
0 384.64545 504.97238 97.094086 93.31857
0 434.909 557.3008 103.646484 99.477295
0 420.86475 422.56485 64.16876 68.53287
0 423.6792 349.92566 102.86615 96.15265
0 546.65173 632.27515 78.42511 77.35065
0 611.66077 739.9836 52.69763 52.89789
0 471.9725 438.59708 90.484344 89.84726
0 529.7496 548.9524 77.269226 80.69086
0 633.16583 665.6799 81.50891 76.61499
0 526.23755 471.68445 83.58618 80.04846
0 513.4499 375.8443 68.189514 70.11148
0 556.0334 507.19138 104.869446 104.8436
0 600.25604 570.8051 113.3125 109.95593
0 591.26685 384.74078 118.25244 127.18594
0 591.2164 326.3001 78.315674 80.34042
0 655.2055 499.4162 92.63147 91.69678
0 747.78345 577.5326 102.77472 93.602905
0 711.989 496.154 133.92688 123.69525
0 576.5178 230.2126 99.62958 98.955215
0 726.8881 413.14072 101.11017 97.92639
0 704.19836 308.04575 120.88428 111.88623
0 848.1729 472.06985 72.25488 71.160065
0 846.4574 423.2961 97.992615 94.77902
