0 933.0355 218.52301 67.878235 52.980286
0 883.6446 113.96316 90.69873 74.545555
0 880.49133 296.97107 77.620605 73.65903
0 825.95264 184.27632 77.628296 64.790436
0 773.9245 -2.538171 98.551575 88.988434
0 784.2405 93.0417 72.772095 96.49284
0 768.5434 455.2213 83.49066 87.82007
0 701.13684 208.43715 91.87738 90.08095
0 700.9307 164.70773 73.75751 48.169937
0 664.7371 331.0821 98.76257 71.71469
0 624.0282 85.52776 109.38013 56.20794
0 616.59686 -7.085938 89.710205 79.661476
0 613.3243 195.58963 87.84192 84.66934
0 523.23303 -15.411427 97.99164 75.15527
0 602.27496 458.42822 87.52246 56.112
0 570.5203 338.42062 91.7113 97.02075
0 530.31903 112.03892 97.77252 76.79125
0 490.06027 285.0594 77.57382 64.02789
0 503.712 248.99254 59.83847 35.916702
0 440.70126 416.41467 96.48984 65.50766
0 450.42685 26.37565 83.11752 81.73223
0 437.55826 139.72739 88.89279 75.318726
0 415.0762 215.72926 91.298645 79.6884
0 401.34637 59.688473 42.400055 69.83397
0 322.97916 16.65677 95.84918 71.48678
0 367.34955 343.0875 64.84259 66.43555
0 371.98822 473.29822 41.700775 47.35388
0 329.3139 120.31897 81.91257 79.0907
0 343.19946 246.52191 63.0159 79.32373
0 292.9436 429.66296 75.07248 57.9003
0 284.73767 177.55293 87.59396 64.81174
0 280.5236 71.621544 50.579315 66.195
0 263.13467 235.38988 95.38437 93.904495
0 251.74176 329.455 97.36978 90.66608
0 187.19873 134.04292 70.342285 130.8448
0 169.48564 73.17174 61.99922 75.76288
0 179.18025 285.1573 69.44609 78.95151
0 113.55831 422.29236 95.35613 63.73639
0 80.658226 336.30487 127.823006 88.67218
0 112.44613 -22.249496 97.75591 89.82102
0 51.240837 248.54793 98.52622 81.226364
0 9.218033 147.12842 117.62283 80.95015
0 8.472977 363.5529 42.8373 54.016785
0 -7.5439095 333.68207 30.919094 61.54477
