0 611.55273 179.89494 69.39337 62.920868
0 591.5043 71.5863 93.71948 87.64099
0 539.5379 247.57721 82.8042 84.36847
0 527.4103 128.49983 80.467224 75.94681
0 525.29913 -64.79572 108.49292 104.22938
0 500.16406 29.37555 91.93085 107.34538
0 397.38327 380.58698 88.263885 97.95343
0 405.09406 128.21252 98.76904 102.61798
0 428.282 85.09048 72.9198 59.443474
0 345.8249 239.10118 99.55255 86.44948
0 383.34085 -5.703516 104.14078 73.69925
0 394.37595 -97.47182 96.27261 92.94024
0 329.18677 99.37917 99.095825 98.28936
0 318.64478 -121.95329 99.82892 89.573
0 258.8606 351.3567 86.259766 69.53613
0 256.54413 227.80644 100.45337 109.17406
0 286.75085 3.3206975 103.12863 92.032486
0 207.82883 163.00337 80.221924 75.21263
0 238.12585 130.94713 58.829407 45.378952
0 130.17406 282.07364 96.061554 80.13342
0 242.63788 -95.88195 89.41235 93.05324
0 200.38298 11.817537 94.72655 88.7473
0 158.80655 83.62358 95.55618 92.633224
0 193.20476 -73.08176 53.022278 74.18796
0 137.67352 -127.61454 97.1042 85.68884
0 85.870285 198.31761 70.457565 75.13243
0 59.102177 326.07892 46.533985 52.722656
0 110.81025 -26.104055 87.72941 90.31168
0 87.3513 100.44625 72.35982 87.030205
0 1.7625682 266.35977 76.565155 68.929535
0 60.27734 20.703934 88.61244 77.819275
0 86.31632 -82.08863 58.74444 72.25298
0 15.261976 71.38381 106.3952 108.05825
0 -17.262016 162.97018 103.405945 104.184906
0 -29.563084 -39.69729 91.915375 137.3206
0 -14.830251 -103.7128 74.39344 84.641335
0 -64.53359 106.05881 77.50493 87.86919
0 -123.307655 236.64146 65.0234 63.02318
0 -131.86026 147.73828 96.29387 99.02222
0 -16.711111 -195.70699 81.477516 93.30564
0 -99.64921 70.46848 42.87377 65.26359
