0 843.31836 8.076725 44.836487 63.596424
0 713.4052 -161.83975 82.438354 97.171745
0 756.7792 -81.94392 107.29559 119.28233
0 977.82306 241.3682 107.5202 112.7565
0 768.1737 50.56106 117.487 119.67015
0 735.7255 19.645658 82.61456 73.632484
0 816.69366 174.80652 114.12079 105.30008
0 617.8124 -24.37535 115.13098 95.043335
0 555.1891 -90.40581 107.984436 107.644295
0 690.7504 95.733955 104.84125 109.32215
0 468.84906 -51.442455 115.16986 108.19597
0 847.90717 326.5022 97.524475 86.40048
0 743.39996 240.44919 120.73309 126.069214
0 565.54047 57.984394 111.70984 107.38176
0 640.23816 242.37306 93.370605 89.86415
0 629.21344 210.08554 64.83276 56.441284
0 688.69 376.3165 109.28491 98.64191
0 444.96942 30.260778 106.40973 108.48777
0 507.7321 132.48361 104.88486 103.10246
0 539.4417 214.28642 111.99115 109.78984
0 422.73038 107.009705 67.92828 81.49547
0 335.66714 82.6362 111.66098 103.9433
0 582.5152 364.8995 84.31012 87.1196
0 669.7772 487.99835 56.47046 60.338562
0 412.08545 179.2947 101.66034 104.17561
0 508.0688 297.6031 82.17651 94.56821
0 576.3471 474.9365 88.39838 83.19522
0 420.5154 255.22733 90.35138 88.19885
0 340.57117 176.27827 72.73462 81.314285
0 442.2514 312.42776 112.4668 119.24399
0 486.99066 396.9496 122.19208 122.368164
0 312.76077 272.63397 121.766266 150.13419
0 255.61142 230.7666 83.57272 93.034
0 400.71423 406.62613 96.02246 101.62579
0 436.25552 553.83813 109.1362 97.4397
0 356.85178 480.40146 145.69064 132.43253
0 157.53534 167.17955 113.5701 116.54433
0 281.35614 431.172 110.24222 109.46893
0 176.38033 357.72928 132.93321 120.812836
0 305.17352 586.4964 77.70529 80.065
0 241.75461 562.3804 105.73993 105.22821
