0 152.90654 191.75702 38.5632 60.02385
0 184.24947 156.69623 85.415634 61.650696
0 107.75042 429.98163 35.00167 55.326538
0 98.24578 535.72424 27.901306 39.976807
0 167.59137 239.69228 62.41504 67.22792
0 145.44328 353.42172 43.239456 67.14078
0 137.4688 510.79327 48.24031 48.41101
0 178.31355 300.23047 66.106094 54.930847
0 245.66486 214.02809 45.653687 56.936905
0 164.4501 347.35034 75.35246 80.0459
0 154.62872 428.12256 87.13837 78.09592
0 276.59872 276.6836 72.16086 113.07385
0 326.82715 230.76657 52.747437 64.93167
0 245.71982 401.33752 70.964264 68.63464
0 250.30785 527.42 91.95128 55.58197
0 267.3235 454.99698 113.77319 76.50662
0 375.3816 159.43008 67.84708 73.13315
0 351.44846 389.95502 77.12842 69.13327
0 395.56128 309.58932 101.0827 69.55667
0 407.08206 495.81192 53.765198 52.43509
0 423.7626 471.8913 75.893005 66.76196
