0 640.16595 -67.29769 86.40021 83.59172
0 593.36194 -169.75958 114.66333 111.15688
0 729.48535 -48.09929 105.043396 102.15161
0 701.1601 -162.56612 96.60266 93.56268
0 594.9004 -330.78928 143.16913 138.27788
0 674.8609 -265.50864 132.18 128.72192
0 945.7459 -28.35347 105.951965 103.86404
0 816.5152 -245.10728 131.20709 127.2341
0 799.92084 -275.26932 92.208374 88.39131
0 928.1675 -168.44087 95.03937 92.10126
0 781.4766 -333.25546 74.16376 71.90329
0 747.7499 -391.2769 62.26465 61.64984
0 898.44275 -248.63861 49.645874 49.88649
