0 1010.3477 85.106 75.63312 58.421936
0 923.8521 15.881801 101.91498 80.95047
0 991.37964 160.18233 89.41736 76.87271
0 894.6054 95.97377 87.44061 70.042725
0 782.8412 -28.558702 105.533875 91.77882
0 824.0685 45.268925 90.3548 93.33435
0 950.00323 318.1476 102.74591 90.85483
0 795.5263 156.04056 106.46747 93.220566
0 775.79926 129.94466 80.08856 56.23633
0 810.1989 260.0221 108.86005 80.861084
0 670.58844 87.80726 115.3927 71.67686
0 631.4461 30.283741 99.02161 83.5972
0 713.80304 183.60013 93.73584 85.41785
0 537.40576 55.163063 108.90112 83.310265
0 796.97284 383.92975 94.82367 65.93204
0 724.6765 305.5713 107.86682 98.52463
0 600.5118 147.58783 104.42682 82.96643
0 625.04065 298.6984 87.219604 69.44144
0 622.81683 272.61887 63.51367 42.935608
0 631.08136 410.09897 105.34015 75.491486
0 487.89386 120.92165 96.3764 84.51334
0 520.8831 207.17235 96.90198 79.91286
0 530.20123 270.57904 103.61572 85.063385
0 454.25433 176.49925 55.430817 64.78107
0 367.28177 154.11722 106.06912 79.92926
0 534.8304 392.45535 75.78174 67.990326
0 587.2154 495.4378 49.766663 47.289307
0 416.2254 234.76677 94.65201 82.15874
0 479.36908 331.5108 72.99725 76.125946
0 495.5108 480.12488 83.51245 64.07703
0 398.3679 295.235 90.29498 70.46826
0 352.98376 226.68709 62.31317 64.10231
0 403.96808 343.18826 104.38464 94.98743
0 426.77316 414.38504 111.77066 95.09256
0 292.42142 302.98456 95.301544 119.02252
0 248.63467 264.9708 71.79581 73.30298
0 340.55164 417.18854 82.88873 78.81961
0 332.03937 538.35785 103.886536 73.82886
0 269.72443 475.81012 139.96863 101.46295
0 166.27344 208.50417 106.41153 92.69435
0 212.70218 428.5882 104.22272 85.94263
0 127.96157 364.66754 128.65253 92.86105
0 197.50105 552.63556 69.959274 62.460815
0 135.49345 531.9193 97.04941 81.693726
