0 909.7116 258.85947 73.89319 69.674774
0 819.2816 199.07498 100.40149 95.90274
0 914.5422 342.4593 90.28302 89.428925
0 815.1294 288.23764 86.36304 82.81473
0 674.3482 165.5186 116.85809 112.89809
0 729.3156 246.09747 103.340454 108.547424
0 917.8577 521.18835 98.0578 100.75751
0 735.06775 370.09018 108.14014 108.013824
0 709.88934 346.2568 76.132324 68.69574
0 772.3048 477.3418 105.14099 97.37128
0 611.9063 311.9628 106.186035 90.5275
0 556.6855 256.34195 103.798035 100.48694
0 659.4395 412.8667 107.437744 105.210266
0 484.42023 299.4388 106.08777 99.59415
0 792.1918 614.9256 89.882324 80.73346
0 707.43823 538.0195 111.07587 113.11017
0 556.13416 390.83932 109.48053 102.54669
0 617.86005 553.8724 85.985596 82.221924
0 609.0141 527.2028 60.83557 53.675842
0 652.65344 669.71674 100.70807 91.73273
0 452.63568 378.21964 97.931274 97.88736
0 502.07382 467.20963 101.51773 97.04465
0 527.66327 538.0247 103.112915 99.99957
0 433.22855 451.21164 62.39084 70.918
0 353.1935 437.72894 102.865326 95.901184
0 559.9557 673.0228 77.58069 78.3587
0 632.836 779.2286 51.94281 53.852173
0 412.24963 519.40643 95.86316 95.37445
0 490.81482 616.2093 81.91675 87.157104
0 550.0235 772.14825 81.417786 76.541016
0 408.65662 584.3971 93.78436 87.26001
0 350.99185 525.49744 66.86618 71.83984
0 421.54742 634.72754 115.925964 114.672424
0 466.51785 712.14764 112.47873 110.883606
0 316.08206 614.7716 110.13507 128.83856
0 266.25574 581.7418 83.12091 86.332825
0 388.88684 733.39453 86.52646 89.73224
0 439.99673 859.347 70.162994 68.03943
0 374.45154 796.615 105.19757 104.613464
0 197.90173 527.94934 91.17331 94.96307
0 334.7307 762.4582 51.647278 60.91626
