0 896.1634 316.3326 33.671265 68.86203
0 863.82465 109.085 52.70514 92.97202
0 855.6183 213.1412 61.456055 106.795166
0 857.17126 622.7873 71.83826 96.19116
0 798.53455 350.30176 74.675476 98.13849
0 797.3011 300.71506 59.591187 50.926178
0 774.2523 492.92014 79.90033 76.514496
0 728.86346 216.60388 88.14679 57.954407
0 719.98474 116.32473 70.20917 86.16581
0 727.4473 351.1476 64.91632 91.92944
0 640.2979 115.21636 79.33563 80.53266
0 725.3889 645.27856 70.70465 59.21057
0 693.07214 514.6817 74.6463 106.16705
0 657.1308 261.14597 75.31891 82.30237
0 625.1487 461.98175 62.86377 68.98132
0 638.41016 420.41772 47.669556 37.656464
0 591.6341 617.5986 77.99426 69.49646
0 586.76074 174.3108 67.559265 89.058395
0 581.9416 300.01596 69.1723 81.196014
0 564.83673 393.03403 74.059875 86.18463
0 545.74585 217.78773 34.879517 77.89763
0 486.06915 174.84128 77.56287 76.43494
0 530.5283 543.35706 52.74469 72.56201
0 538.5353 690.583 33.989624 52.016785
0 496.05185 294.90936 64.898224 86.01892
0 512.12524 440.92706 44.905212 87.32306
0 472.5703 646.3044 60.79309 62.069885
0 467.8013 367.2418 60.003204 68.88394
0 455.45087 245.87447 41.35498 73.18358
0 451.84082 434.44452 68.309875 102.0036
0 440.55457 539.72626 79.0686 98.467285
0 382.3347 329.26358 59.281006 146.56763
0 368.60822 258.33603 47.784607 83.40631
0 382.80853 497.0146 57.89676 86.75598
0 333.59668 661.2792 78.14282 67.56116
0 304.63504 566.97675 103.34927 94.24719
0 323.433 164.26453 72.543 96.64151
0 285.08997 468.94766 72.144165 87.241
0 241.0358 362.02167 94.54431 85.96231
0 235.89587 614.25183 48.767273 66.48279
0 196.38628 570.1089 68.870224 84.06763
