0 320.57953 113.52739 63.61911 61.36548
0 296.68036 -3.7072003 83.99228 84.49085
0 259.86313 194.37173 74.58508 84.573425
0 234.2715 73.20354 71.7802 72.06554
0 220.46603 -138.31038 105.482086 100.51216
0 201.51602 -25.253841 90.13971 108.8513
0 126.16367 362.68466 70.78628 98.04404
0 111.72324 95.4626 97.773705 108.15164
0 128.83206 47.71842 75.23764 54.932056
0 65.174065 225.04552 89.82377 79.968765
0 74.821945 -37.916378 103.16626 64.03627
0 91.06009 -141.7065 86.9214 88.92429
0 33.23357 84.72228 91.059525 94.98261
0 34.865948 -148.70357 71.17264 84.30831
0 -14.726312 370.73593 72.58215 61.992065
0 -36.626167 237.55359 104.75812 109.65335
0 7.486066 -4.415264 77.01951 83.36737
0 -20.224535 188.50017 16.017227 37.364243
0 -12.034541 146.85948 16.604809 33.773987
