0 -122.21299 232.7813 44.07692 66.00545
0 -53.636353 60.171432 70.78849 91.52678
0 -89.3516 147.36346 86.51263 106.803696
0 -218.76157 490.81268 96.94823 100.64551
0 -75.835915 274.58798 100.50888 103.06641
0 -31.805502 236.9392 76.19021 59.10585
0 -90.037575 400.0628 103.373 86.205505
0 38.13454 176.97722 110.18364 72.7608
0 92.51169 99.24731 93.602844 91.7385
0 20.039764 296.9866 88.34729 95.17853
0 176.72896 117.6036 103.30907 89.446526
0 -63.884975 543.99567 90.2237 69.104675
0 -1.8510517 441.93433 101.64647 109.829285
0 118.85228 237.38954 98.92369 89.85353
0 114.48036 418.97836 82.62515 75.24344
0 135.73538 384.30286 60.50264 44.67099
0 90.54528 555.2395 100.14782 79.76349
0 233.3565 184.75844 90.966095 93.45653
0 202.02075 291.85873 91.6799 87.26114
0 188.38387 373.9094 98.048355 92.79468
0 309.2931 241.73445 51.629364 75.201584
0 342.53824 210.1596 100.66455 85.50687
0 212.40904 515.8536 71.46391 75.53137
0 186.08551 643.05255 46.818756 53.103455
0 308.49515 312.06564 87.18103 90.1185
0 269.73837 436.38455 64.57718 85.880035
0 242.81758 616.4211 79.21593 68.84454
0 329.3388 382.18417 79.30078 74.385925
0 400.322 288.2062 58.41385 72.97943
0 311.3704 440.82162 93.72702 104.60123
0 282.149 529.9421 105.62311 104.52112
0 424.23953 373.38187 90.02664 139.8599
0 488.31717 320.50397 67.32669 83.350006
0 389.14417 515.2434 79.70047 88.966736
0 379.33063 661.8538 100.213196 78.20569
0 405.5886 583.13763 133.0203 107.51642
0 537.2956 246.54623 97.44989 101.055756
0 495.14023 514.2735 95.92587 93.1521
0 552.19104 429.76822 121.565125 98.118866
0 541.8866 656.35785 65.986206 69.32263
0 573.3795 624.5196 91.75128 89.60474
