0 93.9786376953125 529.54913 44.4478759765625 58.109802
0 132.8388671875 310.28925 79.101806640625 43.887817
0 163.0106201171875 233.28342 65.263671875 66.08545
0 146.3173828125 408.82303 59.1292724609375 70.68988
0 234.6904296875 226.51973 74.6021728515625 61.50612
0 121.32421875 640.4044 59.04638671875 44.93347
0 156.4005126953125 542.1145 68.6488037109375 81.649414
0 212.4605712890625 340.6678 70.51971435546875 62.96643
0 242.4442138671875 497.682 58.8587646484375 52.78015
0 248.0748291015625 463.39285 45.362060546875 28.551239
0 251.134765625 618.4106 73.83209228515625 52.8974
0 293.4453125 268.8981 62.48822021484375 68.3985
0 287.64935302734375 366.6339 64.487548828125 62.21698
0 295.2852783203125 441.25946 69.08209228515625 66.0275
0 364.6243896484375 302.34024 30.6402587890625 60.283936
0 386.29119873046875 268.2537 73.0601806640625 58.33383
0 342.28369140625 556.8449 48.631591796875 55.77234
0 341.83990478515625 672.4546 31.07220458984375 40.05316
0 382.03753662109375 360.16635 57.177978515625 66.048706
0 374.637451171875 475.02048 40.09771728515625 67.468475
0 384.090576171875 637.93164 57.147705078125 47.41205
0 406.2371826171875 417.90823 56.01806640625 52.757874
0 448.2579345703125 322.08224 37.302734375 56.473694
0 408.370361328125 468.76923 62.57537841796875 78.52069
0 403.3302001953125 551.88165 73.42645263671875 75.542175
0 494.70953369140625 384.808 53.38800048828125 113.57132
0 525.9268188476562 330.03333 43.1610107421875 64.349976
0 483.24658203125 516.5923 55.2225341796875 66.796875
0 501.9892578125 645.1153 75.91448974609375 51.386047
0 510.85333251953125 569.9459 97.72454833984375 71.782166
0 554.9832763671875 254.06831 63.3519287109375 73.40028
0 570.5985717773438 492.81622 66.39166259765625 66.88434
0 598.9594116210938 407.1375 88.4886474609375 65.459595
0 633.3410034179688 602.13025 44.99530029296875 51.09143
0 652.1148681640625 569.744 64.04205322265625 64.46924
