0 1028.8662 -185.33269 78.17139 96.90256
0 1084.3884 -71.43735 77.44006 90.57314
0 1102.9875 6.564937 80.576294 95.48467
0 1006.1051 -124.78504 52.89734 79.31118
0 929.4689 -153.10027 90.987915 92.040695
0 1124.9991 154.00114 67.54663 80.52644
0 1196.6201 284.0473 44.970947 56.470764
0 991.4407 -54.080532 76.14111 93.85492
0 1065.7058 72.35425 64.525635 90.809265
0 1118.55 263.86526 71.9104 74.023346
0 999.3504 21.374762 73.06586 79.69783
0 929.9734 -69.36783 57.439575 77.328636
0 1015.62134 76.78371 89.69263 111.294464
0 1047.315 170.46596 98.4104 111.73018
0 902.9541 16.390488 98.16608 148.86583
0 859.3318 -30.720785 66.055664 88.35467
0 973.5689 160.65752 80.8078 96.4315
0 996.4733 314.52945 93.01532 86.04938
0 936.9695 231.25546 119.14575 116.01965
0 779.82446 -106.27858 83.33038 102.77154
0 873.2839 169.39018 87.50342 99.06032
0 787.3907 81.93052 106.935974 105.131874
0 883.11017 312.41776 62.279724 73.922455
0 839.51624 285.96848 85.24951 95.83862
