0 865.91064 248.65733 52.61609 62.46196
0 820.00946 126.7425 70.192505 87.993385
0 828.1996 348.65863 59.727234 87.25073
0 776.26 221.51698 60.036194 76.508316
0 729.50073 9.58928 70.16724 104.782234
0 738.7781 121.0635 55.782166 115.082375
0 750.03644 555.4655 67.8288 104.59119
0 684.1956 271.11346 70.57941 106.790405
0 679.9281 221.53728 57.502747 56.47499
0 664.3167 424.1432 76.75592 84.35983
0 611.1293 134.53105 85.81976 65.3094
0 600.8437 30.818077 66.62073 93.98911
0 616.4543 274.25226 61.08545 99.766754
0 522.8899 32.671803 76.016785 88.54657
0 617.8158 587.7102 68.28052 65.73462
0 587.47253 450.53458 70.21167 115.200775
0 543.1608 184.1953 71.90735 90.19713
0 517.1942 397.87683 60.019165 75.58612
0 526.1537 354.73276 46.138428 41.932404
0 487.3014 562.357 75.14905 76.899536
0 468.24783 99.271385 63.84909 96.88908
0 466.85318 232.38156 65.80472 88.72281
0 454.48325 327.05325 70.4866 94.20648
0 430.85657 147.79095 31.586365 83.50888
0 369.0695 102.82933 74.42569 84.15756
0 424.57825 488.46313 49.717133 78.824524
0 435.1084 643.7301 31.811584 56.29889
0 382.2613 229.1303 62.981598 93.70894
0 402.51883 380.31903 43.687286 94.12384
0 368.7645 598.6059 58.226013 68.22772
0 352.33075 305.9286 61.22934 75.69113
0 341.15674 181.02176 38.2782 78.89432
0 340.55542 377.2941 67.05234 110.78189
0 334.86194 488.1429 74.97513 107.34885
0 271.60645 269.79843 51.878113 156.70917
0 252.65587 196.4482 44.27925 89.948105
0 273.99426 447.73853 52.965607 93.866516
0 229.46751 622.4685 74.30113 74.7829
0 198.30704 523.16174 99.48599 104.1629
0 205.19955 98.4267 70.69388 105.914474
0 174.59938 421.7744 70.321014 95.37305
0 128.32527 309.99893 91.5697 95.0683
0 129.77032 577.5272 45.994324 72.243225
0 87.682495 532.5494 65.37891 91.70825
