0 198.3759765625 187.18799 67.3489990234375 51.688766
0 242.455322265625 99.61037 90.2847900390625 72.429
0 218.1241455078125 265.2779 77.98529052734375 70.84418
0 295.61651611328125 176.41364 77.33831787109375 62.877365
0 362.5006103515625 19.606049 94.68011474609375 85.32041
0 353.015869140625 104.69012 82.040283203125 92.01447
0 277.66705322265625 427.25638 87.1744384765625 84.287994
0 386.8973388671875 220.81157 92.49951171875 86.45195
0 419.8385009765625 184.94264 72.49761962890625 47.713486
0 390.02935791015625 337.06937 97.61395263671875 70.371185
0 474.54913330078125 125.52258 106.41827392578125 57.082565
0 517.01220703125 47.604534 87.95343017578125 76.71796
0 475.66241455078125 226.53386 83.90313720703125 80.73366
0 597.1979370117188 57.301643 97.14306640625 73.41515
0 431.026611328125 463.1506 85.9715576171875 55.67105
0 478.3358154296875 364.2016 92.86053466796875 92.68582
0 563.6327514648438 168.38211 94.40130615234375 74.50305
0 580.9126586914062 332.74945 77.23193359375 62.189148
0 598.57373046875 300.5653 58.16058349609375 35.809235
0 580.9200439453125 456.5059 95.0360107421875 64.65872
0 667.8779296875 111.58474 83.70550537109375 78.41778
0 651.1822509765625 213.5979 86.65093994140625 72.73709
0 651.0692749023438 283.47055 91.21160888671875 77.083466
0 745.0568237304688 156.41577 44.74871826171875 65.28374
0 776.9939575195312 125.65454 94.86196899414062 69.98944
0 693.9229125976562 409.51743 65.49688720703125 63.58423
0 686.0469970703125 526.8853 42.45843505859375 45.049194
0 759.0897216796875 217.87614 82.38723754882812 75.9807
0 736.5979614257812 328.49283 64.72598266601562 75.05075
0 736.3711547851562 499.37384 74.45578002929688 56.535645
0 785.0712280273438 277.78384 86.6630859375 63.497345
0 845.0314331054688 189.61073 52.1357421875 62.508224
0 780.2391357421875 331.64365 94.65313720703125 89.90289
0 767.7505493164062 416.0784 97.69027709960938 87.30997
0 889.8937377929688 260.35013 75.3310546875 121.77945
0 937.1815185546875 212.0008 60.18597412109375 71.3291
0 872.7154235839844 395.5624 70.71441650390625 75.104065
0 882.1652221679688 528.5151 93.84649658203125 62.99939
0 896.6998596191406 453.71344 126.03475952148438 87.3551
0 975.2859497070312 134.99567 94.81425476074219 86.13374
0 972.0988464355469 386.08823 96.48736572265625 78.67905
0 1016.3801574707031 301.68936 115.92889404296875 79.79498
0 1042.6902923583984 503.8639 60.52873229980469 58.317566
0 1071.7433319091797 478.8422 85.00704956054688 74.71982
