0 537.6349 144.7266 69.568054 68.44716
0 536.129 30.635082 94.04889 94.024765
0 457.94666 195.26167 85.87799 91.36171
0 464.5763 75.15562 80.889404 81.37519
0 495.30484 -116.94996 115.15097 114.19621
0 451.3817 -22.497574 97.67645 112.38013
0 292.73087 306.8579 86.785 101.4852
0 342.0897 59.31807 110.93439 115.054184
0 379.0306 18.092485 79.65369 69.18529
0 273.8075 161.64989 98.67929 93.84651
0 348.89987 -78.47471 103.26349 84.498535
0 376.87888 -163.8208 98.3649 99.83617
0 272.9902 20.921547 103.50235 106.01584
0 309.41766 -198.0586 99.489075 96.72909
0 165.58188 261.77386 80.43576 74.442535
0 168.54117 139.30191 118.15726 121.76715
0 254.42137 -79.32693 104.48601 100.35463
0 151.65532 71.49927 80.54947 80.67009
0 188.03163 43.449795 61.622437 52.411922
0 65.412834 187.23181 83.691216 81.50748
0 233.34862 -176.45561 87.830826 95.267456
0 185.21791 -72.24786 80.87941 88.51526
0 149.42908 3.1858017 63.451614 79.04531
