0 900.9559 27.358303 74.982544 75.62399
0 807.0805 -73.2261 101.54877 105.12483
0 896.7044 129.18262 90.43616 100.69447
0 793.05664 32.21393 87.26123 91.04679
0 665.2332 -147.15973 106.986084 120.36703
0 715.863 -44.061714 95.395325 124.561424
0 886.854 342.1926 104.49487 119.35425
0 710.9117 106.52397 108.06781 122.33922
0 686.7558 67.712524 78.11023 71.93898
0 744.639 250.45605 107.184265 104.179535
0 580.4507 3.2024765 110.400024 90.12658
0 531.30566 -80.4308 99.789734 109.289635
0 637.20795 137.09299 95.920105 112.5517
0 446.50992 -54.143307 107.7789 107.71756
0 752.5971 418.77252 92.31915 84.218506
0 670.25024 304.35632 110.42273 129.84738
0 523.96545 77.70317 104.0473 107.74216
0 572.74243 285.40002 86.94354 90.20294
0 565.76904 247.97336 61.572876 54.649933
0 600.3803 440.1145 103.08734 96.825745
0 410.57056 30.333082 97.85443 110.92937
0 457.49396 151.05122 97.22833 104.2128
0 478.68723 239.81155 103.87619 110.87448
0 385.9593 99.40603 59.986725 87.19633
0 302.9694 65.362 104.697845 103.1595
0 503.78757 404.62463 77.29593 89.44766
0 571.0175 548.3185 51.365845 62.559204
0 363.38202 179.46863 95.918365 107.72916
0 440.22153 316.46527 76.01108 101.18179
0 482.69183 521.65656 82.68622 82.87494
0 358.1063 260.60355 88.23477 90.732666
0 299.63986 159.38278 65.43628 85.405914
0 372.0679 327.5693 105.70288 124.69937
0 406.41934 427.4661 112.81564 124.42404
0 257.5507 260.1081 104.88629 160.97482
0 208.43051 203.0034 75.26715 97.60097
0 323.8812 420.50455 85.56537 104.2778
0 338.96448 587.5548 101.5177 94.598694
0 269.83536 499.48743 137.23987 130.32611
0 121.63912 121.5104 107.90162 121.58459
0 205.75597 426.3601 104.08388 111.874756
0 114.77103 333.80243 126.0571 119.22351
0 212.13681 592.6666 71.28711 82.13306
0 150.45195 559.9556 97.75755 106.77203
