0 793.2156372070312 421.82837 72.35165405273438 57.52246
0 825.7396545410156 318.2114 92.72055053710938 78.6355
0 831.74609375 510.62885 80.98599243164062 77.33899
0 897.54931640625 401.3251 79.1685791015625 65.391205
0 927.2803039550781 211.16054 121.05690002441406 91.17308
0 942.2720031738281 312.03473 99.10806274414062 99.77484
0 961.0533447265625 689.3312 72.830322265625 90.17676
0 1015.4255676269531 442.80914 105.64131164550781 91.11725
0 1037.1048126220703 398.14844 86.63175964355469 48.905518
0 1051.397689819336 573.5133 100.87831115722656 72.09711
0 1082.6390075683594 324.5974 84.50785064697266 53.299377
0 1113.885513305664 234.79103 61.568336486816406 73.44508
0 1117.4592590332031 451.73914 45.653892517089844 70.72998
0 1118.9605560302734 720.2154 28.868606567382812 45.034485
