0 601.7791137695312 254.10461 79.21795654296875 75.31485
0 669.1456298828125 196.63016 107.34133911132812 103.025024
0 584.5590209960938 338.13205 97.19415283203125 96.285736
0 697.3252563476562 294.11282 92.31832885742188 88.896454
0 802.2751770019531 171.151 127.9420166015625 123.156494
0 758.1918334960938 248.16844 116.37774658203125 118.869125
0 588.7028198242188 530.31836 99.95465087890625 103.99371
0 760.4213256835938 385.0492 115.34506225585938 114.9346
0 817.5187377929688 364.63412 81.63760375976562 74.74896
0 723.85693359375 492.5922 112.58865356445312 105.32443
0 892.0887145996094 333.236 114.163818359375 99.809204
0 946.2624206542969 280.8494 112.26835632324219 108.60864
0 843.0866088867188 437.5408 118.1378173828125 114.83676
0 1027.3596954345703 331.3342 113.52549743652344 107.40466
0 733.7656860351562 641.19116 96.4066162109375 87.94513
0 794.821533203125 563.6321 128.14028930664062 126.77881
0 948.0776977539062 421.66132 119.21481323242188 112.08203
0 918.0732421875 591.213 91.92813110351562 88.31384
0 946.7311096191406 566.0282 69.11151123046875 61.390503
0 868.7636108398438 711.1702 107.92953491210938 99.594604
0 1074.3967590332031 420.98856 104.45187377929688 104.1434
0 1018.4925842285156 510.33633 110.06657409667969 105.32114
0 995.4979248046875 579.789 110.15896606445312 107.08209
0 1134.0639953613281 498.4815 66.0582046508789 73.54651
0 1176.0149154663086 486.03137 94.31839084625244 91.174255
0 994.5420227050781 722.419 82.70341491699219 83.19092
0 948.0614318847656 831.4618 55.288116455078125 56.858948
0 1125.692367553711 572.41895 93.33627319335938 92.46167
0 1060.2142486572266 670.1918 87.07283020019531 91.55603
0 1003.5225830078125 829.0304 56.515167236328125 58.970337
0 1134.1817932128906 650.3189 49.242759704589844 54.28125
0 1099.880386352539 690.5683 59.96476745605469 75.927734
0 1079.8700256347656 772.3107 28.823196411132812 35.428955
