0 141.6256103515625 446.60147 53.276611328125 60.982086
0 98.9210205078125 323.34195 96.6978759765625 98.86453
0 193.140380859375 499.5546 83.325439453125 91.05972
0 186.2803955078125 368.18808 79.43243408203125 83.2677
0 131.1636962890625 178.89548 100.5411376953125 109.50632
0 179.38037109375 266.87018 96.16937255859375 113.020905
0 330.8114013671875 610.12164 101.35528564453125 110.19171
0 272.673095703125 351.8218 104.63543701171875 113.122375
0 267.7335205078125 309.8999 72.91949462890625 69.31546
0 344.22119140625 457.91022 100.960693359375 99.24341
0 268.98834228515625 201.63484 101.174560546875 89.25624
0 254.9034423828125 115.52949 96.027099609375 101.691216
0 344.5753173828125 314.08392 93.52288818359375 103.40491
0 316.120849609375 69.21057 102.00799560546875 102.030136
0 460.561767578125 554.0748 86.05645751953125 81.3241
0 429.21466064453125 430.5871 107.71771240234375 119.25476
0 361.02911376953125 200.08391 99.09405517578125 101.3336
0 480.752197265625 346.03275 82.83282470703125 84.80582
0 466.2449951171875 318.48782 57.1422119140625 53.085175
0 558.2611083984375 457.18588 96.54656982421875 92.90274
0 400.8939208984375 87.87296 94.771484375 102.54615
0 452.77227783203125 188.34839 93.1810302734375 97.360535
0 497.99462890625 256.38925 99.47589111328125 103.667114
0 481.16754150390625 99.13333 61.25885009765625 77.36836
0 478.41961669921875 31.323376 98.84857177734375 97.99632
0 606.1492919921875 361.16772 75.16455078125 82.38635
0 674.1341552734375 485.75046 50.4676513671875 57.11319
0 528.1781616210938 136.97229 92.513427734375 99.63478
0 589.7182006835938 266.51913 73.85943603515625 89.68698
0 691.0272827148438 412.21127 78.3052978515625 78.45853
0 587.4193725585938 178.82048 80.2310791015625 83.26967
0 565.8649291992188 71.780975 65.2254638671875 77.060135
0 621.5588989257812 227.2787 100.45928955078125 112.854996
0 662.5878295898438 308.26236 108.69619750976562 115.61624
0 649.4066772460938 102.64705 108.6673583984375 141.80077
0 642.9357299804688 32.798763 74.9200439453125 88.15692
0 716.6661376953125 239.26878 84.24261474609375 95.275345
0 806.4693298339844 347.06033 95.0941162109375 91.00305
0 773.5235595703125 253.95877 128.75885009765625 124.75125
0 623.3862915039062 -69.00915 104.06573486328125 112.29207
0 778.6572265625 160.66658 98.51239013671875 103.70064
0 756.3201904296875 48.27838 118.12213134765625 114.17636
0 901.1016845703125 253.33127 69.261962890625 75.708984
0 901.8119506835938 193.19484 94.02108764648438 99.40434
