0 251.0792236328125 -115.176895 126.47882080078125 108.26807
0 -39.81005859375 118.0251 114.1875 113.52219
0 154.6947021484375 -31.236696 122.1163330078125 106.702705
0 108.719970703125 132.04562 102.0338134765625 89.2572
0 150.7071533203125 104.73963 72.24951171875 57.865623
0 50.009521484375 246.74654 120.963134765625 99.95766
0 298.6710205078125 -34.312725 114.84930419921875 105.90643
0 238.060302734375 46.355595 114.10919189453125 101.75253
0 200.09033203125 119.64091 121.9105224609375 108.44079
0 370.8499755859375 45.27286 70.4388427734375 76.059525
0 420.2003173828125 31.825413 122.85028076171875 104.30951
0 199.4517822265625 257.21564 90.7269287109375 84.71994
0 139.453369140625 359.77643 60.301025390625 58.115784
0 358.9141845703125 110.04284 104.84454345703125 98.86265
0 281.04071044921875 206.79219 86.1492919921875 89.23216
0 208.41259765625 360.7126 97.04339599609375 83.204254
0 359.687255859375 178.637 98.44256591796875 87.22711
0 468.32757568359375 124.63683 76.8221435546875 77.33665
0 318.5946044921875 224.45462 120.318603515625 115.112274
0 266.60498046875 296.14877 132.408447265625 120.09741
0 457.51116943359375 212.8433 128.7314453125 141.06725
0 555.9830322265625 187.81787 88.36737060546875 88.594604
0 391.3345947265625 322.04346 106.45849609375 100.23581
0 349.3348388671875 451.46106 124.1441650390625 100.83917
0 392.34759521484375 389.84573 161.02984619140625 133.89243
0 634.1675415039062 141.36354 115.62274169921875 109.08809
0 516.6514282226562 365.65036 118.4306640625 107.00354
0 602.8680419921875 309.08954 145.3790283203125 121.272736
0 542.0159912109375 507.42902 83.67327880859375 77.92456
0 573.643310546875 492.3594 114.73211669921875 103.46091
