0 765.9902 -31.118494 68.88757 66.52021
0 679.18054 -109.75316 93.50488 92.15553
0 768.4662 54.21301 83.80054 87.43771
0 671.7129 -17.429361 80.403076 79.730675
0 546.8739 -159.71288 100.13794 104.834335
0 590.4723 -75.294426 98.47992 110.471344
0 768.52374 235.24426 96.45984 103.01773
0 599.2693 51.517227 100.30658 106.02104
0 574.74396 21.827599 71.24841 64.11156
0 634.26996 171.08653 98.18146 92.12297
0 480.41302 -24.977322 99.828186 81.84491
0 431.8757 -93.040596 92.7496 95.30776
0 534.71246 79.04202 90.322266 97.60457
0 360.22775 -63.52149 98.94995 94.881325
0 654.46796 309.3426 84.155945 75.165375
0 573.42804 222.33473 102.85065 112.00368
0 430.76416 41.65645 96.40979 94.74477
0 488.59885 213.63126 80.07156 79.05139
0 477.0003 184.41412 56.099854 49.020782
0 518.2743 340.32312 94.173584 86.0419
0 330.9498 10.312702 90.83121 96.11325
0 379.47702 110.20942 90.25348 91.16477
0 400.43985 180.95 95.90057 96.803635
0 313.07935 75.23998 57.13266 73.49172
0 235.34416 51.115677 96.00163 91.042435
0 429.72852 320.33344 71.88617 77.305145
0 496.29144 437.83167 48.00659 53.739197
0 293.55618 141.08371 88.955536 93.45366
0 365.6299 248.32515 75.524445 87.95784
0 418.12274 421.82706 75.938446 72.974335
0 289.5086 209.19269 87.541626 82.754364
0 236.19684 133.84384 61.588593 72.79491
0 306.64383 263.27203 103.1611 109.83292
0 345.23096 345.9272 104.456604 108.177155
0 201.80083 219.61165 100.5396 134.96251
0 156.31812 178.7531 70.793335 83.24849
0 269.4436 351.37234 79.97458 89.56946
0 291.96927 489.90793 92.68634 84.155426
0 227.65894 417.34378 125.48068 115.62723
0 73.25521 111.89903 100.81895 105.77957
0 163.19905 365.5519 99.12312 99.061554
0 79.7396 291.20386 115.21952 105.83862
0 174.96594 504.40576 66.270584 71.02142
0 121.07367 484.7635 90.439545 92.95404
