0 122.98755 470.8077 65.58815 61.35794
0 117.6655 354.2054 88.623276 85.776855
0 176.31725 545.2869 78.45331 83.43878
0 194.25926 421.9017 76.11549 74.427765
0 176.18912 225.97258 92.73541 99.94963
0 207.90877 321.31918 93.36632 109.16528
0 297.30148 697.68677 90.45615 99.40375
0 286.1452 434.73932 93.62244 101.71179
0 290.7841 389.29224 68.78183 57.110443
0 340.73163 559.60114 94.00647 83.80267
0 306.08377 298.6766 97.98575 69.22247
0 305.4853 202.96404 86.705505 90.261856
0 355.9877 411.31595 82.83298 94.22403
0 370.1366 183.01659 94.32974 87.21355
0 427.74295 684.0237 81.33826 66.69403
0 423.88522 559.1168 95.33835 108.747314
0 396.30597 315.3625 90.81229 87.930115
0 482.98993 491.3616 75.87268 73.64688
0 479.84436 454.33698 54.35089 42.969086
0 540.70337 621.4054 90.63904 77.2439
0 450.2136 220.12674 84.7612 92.24133
0 484.1392 335.8348 84.624115 85.68234
0 515.4787 409.28717 90.441345 91.07922
0 528.8765 249.73212 50.67639 75.654236
0 538.4076 194.08913 91.72406 83.24672
0 605.4732 536.08685 66.83374 74.68457
0 652.1709 670.5541 44.204468 52.733643
0 567.5325 302.73907 83.14728 89.423065
0 601.5458 433.09067 68.85126 87.578705
0 678.6599 614.72833 72.35254 67.14349
0 614.7871 358.7013 83.6947 75.55228
0 618.50525 250.02905 55.930664 72.861664
0 637.6309 415.7712 96.13727 105.693146
0 665.7642 510.71664 97.956055 102.9061
0 695.79987 301.27008 88.03705 140.7529
0 703.1929 233.76114 64.3761 83.17514
0 737.9675 456.09033 73.63147 87.910095
0 804.1822 594.7568 89.30939 75.31854
0 782.2962 501.34454 120.572266 104.25006
0 696.89825 136.17801 93.51648 100.99158
0 808.52 404.64386 92.787964 92.57651
0 803.67194 295.24268 110.77899 95.27426
0 914.44403 518.11084 61.662292 68.51929
0 925.7475 471.87158 84.95349 88.14099
