0 479.97842 375.22025 58.264313 57.114807
0 451.40308 262.2449 78.28662 80.641815
0 425.95667 469.2745 68.1207 80.37778
0 400.3382 344.21323 67.11093 70.158264
0 377.60468 130.41151 92.10065 97.071075
0 364.171 240.17023 77.524536 107.39346
0 316.57834 655.632 70.14139 96.18469
0 293.38586 377.72952 80.95474 98.48508
0 304.50238 327.47992 62.233917 51.231323
0 251.3844 517.7243 84.16193 76.90137
0 254.64816 241.3671 90.57175 58.43033
0 256.1125 135.25177 80.82291 86.70622
0 219.46495 370.21793 84.02913 92.753296
0 185.3469 132.1057 83.961426 80.92169
0 184.22922 668.2745 73.7471 59.585938
0 173.47339 528.9816 81.60895 106.49066
0 170.7414 278.72183 88.0708 82.9888
0 117.65817 477.4349 66.98239 69.28281
0 138.48767 436.09927 50.804916 37.946808
0 62.59772 630.9491 81.70868 69.892334
0 121.37283 182.07257 73.26204 89.36133
0 94.69541 313.297 80.04238 81.763824
0 66.46419 404.83017 79.32594 86.53259
0 78.65857 222.53549 40.572395 78.00986
0 22.185045 180.88174 81.88735 76.81845
0 13.447019 553.02985 57.458042 72.79425
0 2.6739204 702.49554 37.478054 52.14795
0 10.47242 298.90686 72.03435 86.38748
0 4.518406 444.6839 57.517715 87.750305
0 -54.52259 652.2663 64.36871 62.367554
0 -31.107325 366.50732 74.78315 69.60565
0 -18.676249 246.21916 46.453487 73.343185
0 -63.33404 432.09872 89.13353 102.88516
0 -81.046814 543.04755 85.246605 98.82977
0 -110.613144 320.5729 69.01626 146.70187
0 -92.8499 252.42204 42.757214 78.502
0 -122.00653 497.64963 53.05844 83.07999
0 -143.99179 661.6671 27.329239 49.84204
0 -137.93645 590.2857 28.66378 47.241028
0 -77.407455 157.60396 19.5481 67.27452
