0 607.016357421875 378.07977 75.883544921875 79.06125
0 686.258544921875 315.75024 103.897216796875 108.36267
0 554.0726318359375 468.63055 96.69183349609375 101.17743
0 679.796630859375 417.65527 89.63497924804688 93.51962
0 820.7108459472656 284.35938 124.18191528320312 129.55948
0 749.05859375 369.33936 119.67135620117188 125.615295
0 484.46502685546875 670.9788 105.06201171875 110.43353
0 703.15087890625 512.2312 115.7821044921875 121.23059
0 777.318359375 488.85394 75.4708251953125 78.3114
0 636.21826171875 627.83954 106.28021240234375 110.54193
0 857.6212463378906 453.77487 100.90280151367188 104.148346
0 923.4405212402344 396.1016 109.49781799316406 114.2991
0 765.7371215820312 565.525 115.76263427734375 120.89966
0 983.6939392089844 448.022 108.34689331054688 112.82944
0 594.8319702148438 784.29736 88.7958984375 92.09955
0 671.2666625976562 700.3037 125.40298461914062 131.30878
0 875.4394226074219 545.8688 113.091552734375 117.690796
0 788.9187316894531 726.5373 89.05291748046875 92.88928
0 834.4210205078125 698.6476 61.20343017578125 63.314636
0 699.297119140625 854.2786 100.53518676757812 104.409485
0 995.5165710449219 540.5398 104.91549682617188 109.85919
0 912.547119140625 636.78613 106.2135009765625 110.74243
0 863.2544860839844 712.79645 107.94540405273438 112.73566
0 1031.1536865234375 619.9702 73.89791870117188 78.207214
0 1073.848892211914 609.28217 104.50534057617188 108.76123
0 815.90087890625 863.3382 83.7891845703125 87.81616
0 737.3784790039062 978.7465 57.23675537109375 60.120544
0 994.1847534179688 699.3529 102.33929443359375 107.118774
0 895.8233337402344 805.2308 92.115234375 96.966125
0 789.9935302734375 973.76495 82.39907836914062 85.77655
0 981.0510559082031 775.9699 84.98945617675781 88.66382
0 1080.5318145751953 707.7867 69.55131530761719 73.75708
0 922.3320617675781 826.75397 99.79293823242188 105.28491
0 873.261962890625 913.71533 71.39755249023438 75.10962
