0 1294.9 375.53845 90.50037 95.854706
0 1246.9814 131.85202 110.71631 95.6904
0 1249.5958 507.84564 85.397095 103.28845
0 1239.4047 260.39468 106.417114 95.30527
0 1164.3387 412.43503 88.90234 79.772644
0 1194.1454 379.25546 64.10547 49.294647
0 1093.2223 525.2733 106.66626 86.68707
0 1172.7675 153.28853 98.88904 97.11188
0 1146.6942 253.5889 99.00464 91.81381
0 1104.8246 326.4758 105.83154 97.72977
0 1119.1221 170.40388 58.241455 74.50714
0 1054.527 106.248085 107.72485 91.79774
0 1035.2094 431.962 77.889404 78.13837
0 1022.2252 558.82886 51.37671 54.366516
0 1044.6598 208.74669 90.080444 91.697525
0 1031.888 337.2831 72.05371 86.022064
0 949.9457 493.32706 84.92029 73.599884
0 1001.9559 258.60892 85.53229 78.46088
0 1004.7085 149.4156 64.737305 73.701096
0 965.19995 306.3402 102.68567 107.33487
0 929.1049 388.7306 114.441956 109.26611
0 888.01245 185.43108 105.79071 138.8655
0 900.2983 120.49972 74.542175 84.27766
0 870.5957 324.7313 91.00458 92.71643
0 783.52765 438.5519 109.67822 86.54825
0 768.1425 348.07162 141.8183 116.51178
0 866.3827 20.069603 99.40149 101.29735
0 761.75604 256.37265 102.52722 97.20151
0 732.9951 145.4285 128.03552 105.75098
0 679.5086 347.95184 71.87927 71.78244
0 642.57404 300.05334 99.29846 93.87564
