0 437.7788 115.54268 54.060028 61.764862
0 391.56717 -9.730957 72.1481 86.5765
0 400.83966 210.9801 61.9718 87.56381
0 346.1202 77.20039 61.721222 75.32594
0 294.34604 -150.56767 85.95343 104.288376
0 305.03522 -34.295372 55.288452 114.928535
0 318.90857 409.89523 57.721466 105.12619
0 247.66972 114.900154 72.73518 105.79919
0 243.95738 64.63898 58.959457 54.956703
0 228.76239 268.44846 78.777374 82.52994
0 175.73152 -32.795887 87.79344 62.577248
0 166.40724 -142.11609 74.49049 93.11898
0 167.0722 107.48005 77.76143 99.6484
0 88.94193 -150.97534 78.06812 86.85253
0 174.15346 427.4639 69.98714 63.898804
0 139.37677 277.55865 82.868256 114.826996
0 100.53046 9.6879225 82.78029 89.087456
0 76.11572 222.60513 61.69487 74.38278
0 84.90305 184.34961 52.429024 40.823074
0 45.064186 391.7206 77.07191 74.973145
0 30.388403 -93.908104 65.79443 95.998726
0 25.435816 50.351074 74.34178 87.79689
0 13.220891 141.50671 72.508194 92.921936
0 -5.6056175 -52.638393 32.900085 83.90986
0 -48.95591 -98.39311 55.781017 75.81124
0 -19.29227 302.9295 51.265316 78.21124
0 -8.991688 466.7935 32.860413 56.05728
0 -45.15469 37.63607 48.364754 75.731804
0 -40.925335 188.96739 45.867523 90.69066
0 -34.494953 419.10196 21.213566 57.89377
0 -42.763626 123.2019 13.968578 57.458977
