0 91.8656005859375 -135.79318 99.187255859375 95.70821
0 167.5115966796875 -172.33829 108.6531982421875 104.39556
0 -4.9697265625 -66.21546 111.498046875 107.05316
0 243.8719482421875 -114.77669 124.4366455078125 119.92619
0 -194.5650634765625 87.46803 81.736572265625 78.65915
0 -114.6466064453125 40.802883 134.3529052734375 129.0874
0 125.440185546875 -53.320705 121.458984375 116.98038
0 34.815185546875 94.03861 101.546630859375 97.79868
0 89.24951171875 74.05876 68.65478515625 66.305954
0 -56.16015625 192.70352 116.835205078125 112.726135
0 263.59918212890625 -23.98905 117.59637451171875 113.06751
0 182.2296142578125 41.731297 114.73486328125 110.4332
0 124.1287841796875 105.044716 122.41650390625 117.83608
0 313.85308837890625 71.18001 78.85357666015625 75.44238
0 365.9639892578125 68.420815 120.35015869140625 116.01775
0 85.123779296875 238.24399 93.5379638671875 89.89996
0 1.3936767578125 323.3022 63.2645263671875 60.74347
0 280.1878662109375 132.15471 109.63299560546875 105.35155
0 176.1434326171875 209.61205 94.1431884765625 90.187515
0 66.6217041015625 340.63467 95.5489501953125 92.08075
0 266.32977294921875 198.745 98.64599609375 94.96658
0 385.90179443359375 170.43784 82.596435546875 79.19644
0 205.717041015625 238.14366 125.71905517578125 120.736984
0 134.55322265625 295.36856 134.363037109375 129.25589
0 334.56146240234375 262.88528 144.67486572265625 138.33917
0 451.25274658203125 254.12572 94.7813720703125 90.89165
0 251.3905029296875 349.03308 109.52227783203125 105.223694
0 176.6768798828125 463.8039 118.2291259765625 114.12634
0 231.2344970703125 416.52713 156.0433349609375 150.52603
0 537.2805786132812 227.33449 121.35357666015625 116.61186
0 360.0247802734375 419.9235 120.18292236328125 115.6326
0 460.88470458984375 384.62146 141.42236328125 136.41156
0 346.64093017578125 563.55334 86.13922119140625 82.7959
0 380.1865234375 558.17676 116.067138671875 111.67584
