0 1212.7148 66.7386 85.203735 74.75578
0 1292.6613 431.49597 66.98462 95.27661
0 1236.1436 194.82896 80.898315 75.997574
0 1206.106 367.56732 67.52991 63.679413
0 1217.5956 328.64072 51.17981 35.691223
0 1172.9133 499.4836 83.74902 65.17465
0 1157.7223 109.00865 72.58533 81.25638
0 1157.6776 215.59375 74.304565 74.61856
0 1140.6227 299.46494 79.55371 79.24747
0 1115.8708 142.69757 37.52124 69.39575
0 1047.3668 99.271904 83.29651 71.10961
0 1104.6053 424.79874 56.673584 66.0524
0 1119.1733 554.96625 36.529175 47.08435
0 1064.3771 201.7024 64.887695 78.020996
0 1083.1621 331.4882 48.278442 78.19574
0 1046.2915 511.56564 65.29028 57.592743
0 1037.4921 265.06415 64.45288 63.395752
0 1015.6394 156.65666 44.45935 65.79393
0 1023.905 319.7942 73.41968 92.45712
0 1011.9453 411.7871 84.94348 90.155396
0 940.53186 220.22853 67.27228 130.45982
0 924.85535 158.58241 51.370544 75.03964
0 947.1496 367.4494 65.980286 78.960144
0 897.48456 506.91605 87.052124 63.81137
0 869.1853 420.34818 110.969055 88.21683
0 876.1964 69.054596 71.519104 86.151215
0 841.9061 332.89148 76.23828 79.90585
0 792.7616 232.69392 99.93591 80.33601
0 791.1531 448.8011 52.39911 60.549316
0 753.12946 411.607 73.98407 77.0564
