0 -125.52996 225.11047 41.44201 64.26077
0 -98.87636 179.37846 91.65203 67.23923
0 -130.60289 480.92148 50.02288 60.51596
0 -128.64175 597.6849 33.40065 43.216858
0 -98.274254 271.5192 67.582245 72.54288
0 -101.28116 393.61487 49.871807 72.23932
0 -80.86994 559.22626 61.80898 53.339844
0 -74.73275 331.46094 70.94682 59.64023
0 -22.202394 231.20686 49.034058 61.200912
0 -74.52858 380.856 80.894684 86.341034
0 -71.14358 465.28586 93.5304 84.606476
0 29.7894 286.75937 77.14552 121.00009
0 67.92842 231.59538 56.651413 69.81285
0 19.284035 422.4167 75.73784 74.15857
0 49.06995 549.8077 98.28671 60.98651
0 53.911644 468.90915 122.06905 83.651764
0 104.28248 146.60255 73.592674 79.06781
0 127.815254 388.99277 82.93145 74.91165
0 157.25201 294.53235 108.63852 76.00818
0 207.35388 490.9386 57.71747 56.678406
0 221.77585 459.72757 81.45679 72.3566
