0 520.34814453125 -48.278027 62.48883056640625 63.401356
0 586.8093872070312 -115.02308 92.5523681640625 92.54236
0 488.139404296875 28.842827 83.97119140625 86.72056
0 595.2171020507812 -26.84691 79.6865234375 79.95577
0 710.6815185546875 -144.3958 99.61038208007812 103.34845
0 659.9253540039062 -70.0285 92.91748046875 102.87157
0 447.580322265625 197.44168 97.682373046875 102.0314
0 630.0698852539062 46.65935 100.77740478515625 104.8452
0 688.841796875 23.59738 69.24609375 65.75724
0 582.3041381835938 151.69182 96.200927734375 93.54428
0 761.1353759765625 -11.835239 95.33572387695312 85.90349
0 820.3229370117188 -62.84172 92.25830078125 94.58252
0 698.2437744140625 89.25082 90.32083129882812 95.479515
0 882.04931640625 -26.694979 97.38717651367188 95.872635
0 564.5512084960938 285.94766 81.6649169921875 77.22717
0 629.4302368164062 211.54619 104.03173828125 110.08086
0 797.6831359863281 62.387405 94.83633422851562 94.83809
0 740.470703125 219.38399 79.28427124023438 79.3528
0 777.7702941894531 193.90218 54.129852294921875 50.57878
0 678.1790771484375 332.6722 91.79141235351562 87.92401
0 905.4415283203125 50.53845 91.2911376953125 95.03616
0 848.5604553222656 135.49474 89.39334106445312 90.77219
0 809.5569458007812 200.7414 95.40420532226562 96.69641
0 948.74853515625 117.08351 60.16094970703125 69.941315
0 986.3134155273438 97.55896 94.27980041503906 92.23195
0 786.1553955078125 330.34027 72.51040649414062 76.17975
0 731.3357543945312 433.91898 48.867523193359375 52.52182
0 922.7937622070312 178.34482 89.25894165039062 92.539734
0 852.6368408203125 275.87173 73.51364135742188 82.49222
0 782.3686828613281 425.15112 74.77239990234375 73.700195
0 923.7981262207031 244.09615 79.16229248046875 79.26921
0 1007.4933471679688 180.61983 63.50236511230469 70.38428
0 881.4677429199219 293.29388 98.8541259765625 105.05917
0 830.8856811523438 363.10828 104.49093627929688 107.457214
0 981.4679565429688 266.5489 107.05252075195312 127.47287
0 1066.731201171875 232.62839 72.90365600585938 80.57147
0 925.6364135742188 378.91028 81.41827392578125 87.531555
0 876.0275573730469 502.94916 90.22918701171875 86.12714
0 914.4945373535156 442.56778 122.51272583007812 117.91873
0 1123.4251861572266 180.66833 100.49777221679688 104.342834
0 1008.7329711914062 404.161 95.3861083984375 97.10382
0 1081.7911834716797 345.28888 112.41911315917969 108.00845
0 1006.5825500488281 540.046 66.79460144042969 70.037964
0 1039.2601470947266 522.145 90.31991577148438 92.48584
