0 356.1117 82.66411 72.57858 67.87225
0 406.23813 -13.915729 97.73929 94.69931
0 364.65268 182.19023 85.62152 91.571396
0 448.83328 80.76669 83.844574 82.104416
0 526.1486 -108.995544 115.1095 113.3853
0 512.4988 -2.153607 98.33673 118.51288
0 412.01416 386.01816 88.91635 106.34491
0 538.1925 144.22469 101.91943 111.486115
0 578.43353 101.92128 76.97363 63.716064
0 532.2284 282.59268 104.52368 93.01004
0 636.6553 34.21991 111.115845 78.240654
0 682.81726 -57.494377 101.099976 100.868
0 625.8488 163.08507 105.2572 107.211655
0 764.93567 -35.910706 104.51117 96.56438
0 566.7241 443.69293 91.15039 74.49463
0 615.5321 321.15485 103.14856 118.86331
0 717.56757 98.100006 109.519775 99.58971
0 727.8631 300.30936 83.64227 81.28143
0 746.40906 261.53302 62.61969 48.53305
0 713.0624 451.53156 101.2088 86.01642
0 830.7206 34.742218 92.2478 101.10304
0 802.8291 158.6132 99.8927 96.206436
0 798.8203 250.15982 99.30798 100.28635
0 905.91345 96.517624 52.690918 81.610916
0 940.54016 66.517296 101.811035 92.288795
0 830.3667 407.76965 72.50061 81.72742
0 811.0714 550.7995 47.55237 57.5
0 916.1121 178.56493 90.61896 98.08263
0 881.1104 314.72 73.413025 95.179016
0 864.45557 518.0209 80.1416 74.326416
0 938.3248 252.65906 92.94751 83.78961
0 1004.9441 150.54192 59.430176 79.09131
0 925.1036 317.62012 111.90411 117.76422
0 906.6645 423.69473 107.04846 113.01614
0 1039.4747 241.81444 90.418335 151.40318
0 1092.8661 183.77966 55.319702 82.674286
0 1014.8854 408.50992 67.84119 89.7157
0 1012.6007 570.38574 35.339966 52.542786
0 1033.3239 504.45654 36.782593 50.585876
0 1143.041 101.622215 27.056885 65.98937
