0 861.91187 9.856752 105.31897 74.84184
0 808.3937 -51.58751 103.66492 91.518616
0 909.6666 103.150215 97.96478 92.97344
0 707.9792 -24.917719 113.08557 91.49966
0 1038.3555 307.9049 84.82153 67.66901
0 942.81366 233.32394 113.74274 107.61325
0 787.95734 70.942314 108.76239 91.003456
0 831.98114 231.72362 90.86481 76.166214
0 826.2739 202.13434 65.34265 47.36682
0 854.6334 348.7104 108.83661 83.10214
0 669.9305 42.255146 101.24603 92.41911
0 715.7193 130.47208 101.25073 87.552826
0 732.963 203.9743 108.22406 93.20914
0 637.20123 106.605225 59.980957 70.31525
0 545.87305 85.40398 110.00342 87.82773
0 749.6693 333.89655 79.77698 74.30051
0 819.94714 441.48932 52.679443 51.602722
0 609.0482 168.9678 93.69934 87.69339
0 686.8047 272.5809 74.0802 81.3421
0 723.7198 429.48056 86.74176 70.36871
0 605.8178 234.28807 87.4552 74.85033
0 537.1984 164.58395 66.4848 69.79123
0 617.4071 282.66733 105.26227 101.91992
0 645.3971 358.09314 117.102234 104.082855
0 489.86856 244.96552 108.0126 130.57138
0 440.87473 208.62018 76.54233 79.82379
0 556.4031 362.6259 92.14093 87.69174
0 563.22235 491.70627 110.93439 82.71866
0 495.35245 425.73148 144.73941 111.645905
0 350.04526 151.501 103.82031 97.28822
0 428.4973 381.7987 105.26575 92.75702
0 331.88297 315.22604 131.13794 101.47986
0 424.75647 513.07245 73.61447 68.26758
0 366.46582 491.91522 101.58774 89.454834
