0 534.9885 -77.74559 81.12512 82.92121
0 622.2974 -153.72995 111.12567 114.20212
0 481.68826 19.778778 102.24411 106.65783
0 616.4669 -43.504932 95.82178 98.63392
0 770.93634 -185.28534 123.20398 128.4758
0 694.8961 -94.531586 121.991394 130.1675
0 404.25558 229.00052 118.426544 124.399445
0 643.83685 50.14108 123.12036 128.86963
0 723.8733 22.985483 81.34009 81.59523
0 574.38446 180.13295 114.144104 115.78786
0 809.0153 -17.255514 109.59009 107.2201
0 884.39575 -82.52874 112.72455 117.05475
0 716.82574 97.57829 112.96655 118.737625
0 947.2332 -34.69074 116.15216 118.50511
0 526.46173 338.6566 95.760925 95.8746
0 610.82465 253.54877 128.0523 135.07217
0 837.80945 73.51231 114.98242 117.979866
0 739.8342 263.94907 95.23486 97.91562
0 795.64307 234.7202 63.3396 63.02809
0 650.11255 401.95554 108.21503 108.998505
0 961.2651 59.493553 111.548035 116.788445
0 877.9776 164.9457 108.87201 112.53694
0 824.40497 242.69724 115.22406 119.16101
0 998.41205 144.99309 77.300354 85.053635
0 1049.0537 125.27717 112.137695 114.07476
0 775.8121 402.5354 88.96533 93.53732
0 695.529 528.5557 60.568726 64.34442
0 961.39716 220.1657 108.874695 113.77608
0 861.4327 332.92508 97.15564 104.26279
0 752.35 521.7025 89.226746 91.08661
0 949.14185 298.4511 102.11072 103.78647
0 1059.6699 228.29422 79.812256 85.97272
0 887.2536 357.7579 127.06665 133.25293
0 817.7554 445.59412 127.001526 132.22522
0 1005.15717 332.4673 139.11285 154.68271
0 1115.7268 296.66806 91.50745 98.443115
0 926.5315 471.49872 100.933716 107.237976
0 848.6422 623.17957 106.21771 106.81122
0 900.24054 547.8793 144.72699 146.10645
0 1194.5797 229.97604 123.987305 129.40088
0 1016.02576 507.03412 119.33118 122.94635
0 1114.8865 433.8975 132.70984 133.86252
0 999.6647 670.563 81.88159 86.012695
0 1032.8823 656.5919 109.563965 113.84357
