0 645.9212646484375 138.60197 72.9307861328125 75.885544
0 606.6286010742188 25.928772 97.61968994140625 103.4942
0 721.6270751953125 189.84154 89.11102294921875 96.82652
0 697.9954833984375 66.30762 82.04583740234375 86.17531
0 609.93017578125 -124.97431 122.30499267578125 125.15467
0 677.3084106445312 -39.993282 112.58029174804688 123.656876
0 904.8251953125 281.44485 88.37054443359375 103.25165
0 799.0955505371094 36.083015 100.98190307617188 111.25103
0 783.0244750976562 -3.8673093 70.526123046875 69.80594
0 889.3247985839844 148.6478 62.43707275390625 70.03392
0 769.9152221679688 -65.49328 44.17657470703125 51.506657
