0 55.57727 227.8709 86.95918 119.173294
0 275.41827 689.78534 96.12894 98.33154
0 107.40509 232.6187 112.090225 120.40236
0 153.42986 364.24234 113.549515 116.077515
0 208.22395 439.13535 121.24742 123.60599
0 204.73337 248.92087 73.30835 91.763306
0 212.57538 164.66142 120.97461 117.01521
0 334.538 561.54016 91.20999 98.08978
0 402.2469 716.5342 61.055756 67.92871
0 262.74094 288.79706 103.739685 113.73801
0 321.5321 445.21222 88.74408 106.484924
0 432.5806 631.9492 95.75784 93.659424
0 322.1077 348.36072 97.82483 99.29736
0 317.52014 213.62074 78.59277 91.56242
0 352.80914 404.0154 121.62067 134.26883
0 399.61957 502.02982 132.25189 137.77121
0 405.21634 250.14009 135.86575 171.64143
0 411.62946 171.55963 90.30975 104.758575
0 470.04056 418.88882 108.71579 117.20059
0 571.41754 551.6376 122.39374 112.02405
0 534.22046 440.6383 157.89166 149.08209
0 402.0504 45.442303 113.71777 124.72966
0 561.7712 327.61853 117.70264 122.3186
0 542.10614 188.71576 142.00568 134.8281
0 699.36053 430.7022 84.068054 90.146545
0 699.4124 373.35968 114.455444 118.47269
