0 1053.0165 359.0791 79.03137 101.32727
0 1068.8529 310.6785 65.201416 57.55066
0 1010.2695 477.49606 97.515076 86.64914
0 1019.3913 207.93715 93.493225 69.34706
0 1021.3978 112.5582 81.26477 91.57048
0 990.5486 329.01016 76.99463 95.749756
0 945.8426 90.56327 88.9682 88.18406
0 952.3878 608.103 77.15503 67.1817
0 932.0991 479.0479 88.87366 110.578125
0 937.61066 231.15501 85.4491 89.02815
0 878.7078 412.36432 71.38251 74.57181
0 902.9906 374.29062 51.631348 43.227875
0 821.6646 549.65375 85.82013 77.90588
0 887.2724 130.90944 79.24158 93.69545
0 864.2366 247.9106 79.42938 86.85841
0 829.9628 332.27438 84.92206 92.317505
0 841.1068 161.74098 46.333923 77.363785
0 790.0102 107.80481 86.59766 84.128006
0 774.6596 463.16867 62.380432 75.90402
0 763.25604 603.1405 41.092224 53.688293
0 780.5483 221.1053 74.163086 89.95998
0 771.43805 361.77277 57.44922 87.82504
0 705.27606 547.3687 68.23541 67.900024
0 745.4825 283.57187 68.643555 73.93927
0 749.918 165.6713 51.677917 74.30963
0 715.0835 342.17938 82.15588 105.605896
0 687.0879 438.84848 91.76196 104.42294
0 655.49005 226.63518 82.6261 144.70927
0 664.4972 156.88554 59.516174 84.813385
0 640.1724 383.8529 71.2724 90.140076
0 570.066 526.74915 86.96686 76.484436
0 555.35895 431.71527 114.08606 105.192505
0 635.5865 57.119167 82.4151 100.20842
0 551.734 334.40677 82.76013 92.79294
0 527.6115 222.81665 103.65155 95.843506
0 485.16827 455.2062 57.573303 69.62845
0 453.5213 407.90582 79.63507 89.40051
