0 238.16257 45.219944 26.42331 29.105877
0 256.05292 -85.35514 77.5116 81.82987
0 177.53255 60.015457 65.27867 74.874725
0 291.65204 9.070198 73.420715 74.63727
0 393.9562 -109.30123 98.78781 100.97849
0 349.8291 -39.792492 101.728424 108.6362
0 164.53561 215.57521 110.925934 108.654434
0 346.10724 77.76546 114.78058 111.75482
0 402.18918 56.885166 83.95535 71.64952
0 314.7668 181.5491 114.87689 101.34482
0 483.13184 28.182346 119.35535 94.870834
0 547.21277 -17.793995 106.2229 101.16989
0 443.20547 131.32356 101.64377 101.39526
0 633.7612 26.987698 115.33649 103.54654
0 328.31735 319.39255 99.28009 84.24405
0 398.19598 251.73648 116.99512 116.879944
0 555.53595 111.988754 111.117615 102.040695
0 529.4978 270.4207 92.84131 85.36203
0 559.8842 245.16582 66.308105 55.347702
0 485.41827 382.54987 110.688416 95.60361
0 684.9726 109.26284 103.923584 101.27718
0 638.6786 191.83818 103.62311 97.30931
0 611.2724 258.6144 110.736145 103.70596
0 757.314 184.17973 62.5567 72.72044
0 796.2269 167.27019 112.128174 99.76747
0 618.2731 391.48148 81.99341 81.02109
0 576.4906 493.2684 54.297485 55.572235
0 744.68384 246.49072 100.80286 98.075836
0 687.59576 343.08176 76.92218 85.324646
0 638.7958 490.02896 88.47003 79.56979
0 761.16724 314.9011 89.445496 83.41333
0 846.73114 256.63156 68.822876 73.94769
0 730.4947 363.59494 108.41998 110.06955
0 687.7508 431.20316 120.02521 114.850494
0 852.563 346.9884 109.678406 132.33078
0 934.5071 317.3418 79.200806 84.70508
0 804.37726 455.5285 91.316284 93.10022
0 776.5409 579.7192 109.77777 94.144165
0 811.91846 521.9761 147.2738 128.06464
0 993.1978 270.12967 113.05768 110.206055
0 915.27966 491.48477 109.00049 103.24826
0 986.92255 437.20053 134.93561 117.15134
0 947.353 632.8445 75.6319 74.517395
0 984.56177 617.13885 104.066284 98.94159
