0 707.4161 -94.123245 70.519165 84.24891
0 617.85516 -125.586365 107.29755 103.8465
0 907.55145 180.17494 69.312805 80.18117
0 1005.21454 303.76654 48.654846 56.94931
0 707.00616 -28.916372 93.8291 101.743774
0 818.02875 101.13196 80.256714 95.02696
0 926.12976 292.0844 73.737976 76.63272
0 735.297 49.284786 87.99103 88.74782
0 635.46454 -32.06932 73.79913 83.34581
0 770.2796 103.31442 112.24609 121.390686
0 824.6982 198.44342 119.88739 123.58646
0 628.7754 58.902664 132.32196 158.4371
0 570.05475 19.0034 84.68805 95.317116
0 740.75256 199.66324 100.91846 106.39322
0 804.61346 356.3039 107.9715 99.186066
0 722.9137 274.0923 139.07092 131.80905
0 467.33572 -50.689537 102.1293 110.77544
0 635.8542 224.71248 106.17285 109.429306
0 523.7639 141.99986 124.71051 118.98308
0 678.0665 375.7265 76.885864 81.18631
0 628.8561 352.7168 103.554565 106.18002
