0 635.6256103515625 502.5002 72.4256591796875 70.78415
0 704.727294921875 447.34073 97.81918334960938 96.0358
0 607.4213256835938 578.3772 90.712158203125 90.5119
0 716.3057861328125 538.5793 84.01312255859375 82.56586
0 826.9443969726562 420.64984 120.12069702148438 117.46649
0 775.5164794921875 503.02234 108.69912719726562 110.06769
0 587.5438842773438 764.06573 93.5615234375 95.796875
0 752.6036987304688 621.7627 117.0516357421875 116.18274
0 816.2106018066406 601.322 80.00421142578125 75.670044
0 719.146728515625 727.47003 101.13919067382812 97.931885
0 889.252685546875 579.6332 103.64950561523438 96.4422
0 944.5860595703125 527.6711 102.38265991210938 100.85675
0 829.6012268066406 679.16943 107.97027587890625 106.62128
0 1006.236328125 578.9829 102.49510192871094 99.822876
0 706.8093872070312 874.5352 80.69863891601562 77.74786
0 759.0635375976562 801.0997 124.3621826171875 122.86243
0 926.9208984375 663.96216 107.3360595703125 104.20203
0 871.1571044921875 824.98914 79.39920043945312 79.16644
0 907.8095092773438 798.17816 61.616790771484375 57.968323
0 818.2708129882812 940.256 51.437225341796875 52.825195
0 1035.788330078125 664.3245 63.58576965332031 67.70148
0 980.0608520507812 753.02264 49.09858703613281 52.798523
