0 372.342529296875 201.41081 79.078857421875 65.44069
0 394.2535400390625 79.403854 105.88427734375 91.74005
0 427.82757568359375 292.64648 91.35211181640625 90.41391
0 478.8055419921875 158.525 90.6768798828125 79.69464
0 490.58380126953125 -68.44194 125.72637939453125 110.34057
0 520.5899658203125 44.70731 105.2159423828125 119.06822
0 569.1669921875 473.90057 90.90692138671875 106.58142
0 608.8191528320312 180.18703 108.1124267578125 110.143326
0 623.8202514648438 128.69873 85.34136962890625 59.907196
0 651.7924194335938 321.59232 114.7216796875 88.7381
0 662.297119140625 31.098154 125.66366577148438 70.8614
0 682.2437744140625 -78.60224 109.58941650390625 98.287476
0 711.54931640625 162.92525 114.595458984375 104.93193
0 780.7107543945312 -92.09127 114.06582641601562 92.76951
0 753.4760131835938 469.9267 101.23117065429688 69.85327
0 767.8128662109375 322.6715 111.23733520507812 118.687164
0 782.9039611816406 60.587513 120.72695922851562 95.50128
0 874.3348388671875 261.60144 90.57040405273438 78.7919
0 870.0357055664062 221.60138 71.19284057617188 45.13327
0 919.4529724121094 416.40262 111.80863952636719 81.31491
0 884.7491760253906 -47.405994 97.82830810546875 99.91558
0 901.8004455566406 87.370056 109.00009155273438 93.19505
0 936.0332641601562 178.91643 106.85426330566406 97.84831
0 989.1364135742188 -12.549624 51.59136962890625 84.20613
0 1014.3912353515625 -62.56855 111.44027709960938 88.35979
0 1032.0303955078125 327.103 76.48020935058594 81.1131
0 1063.6927490234375 482.42117 49.4520263671875 57.640778
0 1036.6842956542969 59.834393 96.32276916503906 96.74596
0 1054.164291381836 212.7644 75.22195434570312 96.25937
0 1111.3654174804688 421.04355 87.41826629638672 71.45459
0 1087.2436981201172 124.93921 101.82064819335938 80.12842
0 1119.0641632080078 0.724827 60.51835632324219 80.24422
0 1107.279525756836 189.54863 121.7906494140625 115.93428
0 1129.9548034667969 304.61243 114.30011367797852 111.06082
0 1212.1404876708984 82.27579 26.48340606689453 125.92383
