0 215.351806640625 384.85538 40.8233642578125 57.152954
0 207.859130859375 219.99226 62.40740966796875 78.61189
0 217.795654296875 297.46844 72.60662841796875 90.48288
0 247.0599365234375 609.4392 81.98626708984375 84.79443
0 275.7584228515625 387.65622 85.03765869140625 86.787506
0 287.18353271484375 348.59726 65.1005859375 49.20276
0 309.3067626953125 489.8332 88.1168212890625 71.999084
0 318.84368896484375 268.30844 94.54559326171875 60.058228
0 335.72625732421875 189.77783 79.33673095703125 77.12814
0 357.203125 370.1389 74.5909423828125 80.28998
0 406.62274169921875 169.10619 87.95355224609375 74.82831
0 383.08563232421875 592.94653 77.11932373046875 57.4906
0 398.48211669921875 486.30682 85.8172607421875 92.66016
0 408.42889404296875 284.20474 84.08953857421875 75.320984
0 473.384033203125 428.38312 70.213134765625 63.077057
0 471.14111328125 399.27936 51.76629638671875 37.10309
0 507.564453125 538.6913 85.4915771484375 66.47943
0 478.3050537109375 200.43378 76.96142578125 78.71628
0 494.19732666015625 294.73334 77.79254150390625 73.28195
0 515.8645629882812 361.36316 83.213623046875 77.911835
0 556.8480834960938 222.21889 42.94970703125 64.01039
0 569.6220092773438 175.66519 85.756591796875 71.47351
0 586.9874267578125 466.32242 60.390625 63.67563
0 612.6380004882812 579.5052 39.4464111328125 44.88257
0 584.4188842773438 269.27295 73.9771728515625 75.95871
0 603.0758056640625 383.8356 53.98876953125 72.9162
0 647.5865478515625 530.12036 67.4329833984375 57.602478
0 625.0628662109375 316.8203 67.32464599609375 62.433807
0 644.029541015625 221.03076 48.99127197265625 61.853485
0 639.5364990234375 364.59143 79.0211181640625 88.34482
0 650.6754150390625 442.03397 89.49176025390625 87.90665
0 707.9720458984375 267.5878 74.42514038085938 119.16934
0 726.20849609375 209.03696 56.491729736328125 70.624084
0 725.79052734375 394.3765 67.00558471679688 75.09851
0 771.4911499023438 507.17642 85.44610595703125 65.09207
0 765.7684326171875 429.22894 113.5013427734375 89.671326
0 737.2763671875 126.99889 82.74081420898438 85.26505
0 806.9634704589844 348.9021 81.39224243164062 78.30228
0 817.9812316894531 257.1074 103.80572509765625 81.844696
0 894.6355895996094 446.16003 55.77545166015625 58.42917
0 909.7176208496094 403.4478 77.77783203125 75.32413
