0 397.91296 94.164444 66.22427 64.19627
0 443.14758 -1.3326824 89.16986 89.71784
0 406.60196 190.41753 78.04355 87.116684
0 482.90253 89.38558 76.487 77.82215
0 551.975 -98.55304 105.51105 107.63411
0 540.63226 5.7854905 90.624146 113.52681
0 451.90552 386.5152 80.63342 101.52124
0 565.35297 147.14964 92.88788 106.14969
0 601.51624 104.95006 70.30463 59.90512
0 560.8577 281.73737 95.422424 87.77847
0 654.23016 37.04776 101.589355 72.88108
0 695.89545 -53.972958 92.44202 95.741165
0 645.6389 162.53166 96.565796 101.93465
0 771.2853 -35.817383 95.38245 91.286255
0 593.792 437.2454 83.25116 69.98941
0 637.6339 315.77808 93.97406 113.41278
0 728.8821 96.0843 100.30438 94.15861
0 740.1776 292.17514 76.30939 77.02637
0 756.41437 254.08963 57.270874 45.479767
0 727.7108 439.58267 92.42352 80.98245
0 832.185 30.23272 84.07385 96.28043
0 807.48926 151.65169 91.3996 91.185394
0 804.72107 240.9487 90.57129 95.18298
0 901.4972 87.58615 47.84723 78.610016
0 932.90576 57.440464 92.931274 87.165405
0 834.75574 392.96097 66.05994 77.91379
0 818.00226 532.75464 43.301697 54.968872
0 911.65546 167.10193 82.59601 93.34747
0 880.6368 300.71902 66.80005 91.18912
0 866.7826 498.6049 73.139465 70.27615
0 932.53107 238.38306 84.84418 79.117065
0 992.52826 136.7572 54.06183 75.8403
0 921.11444 301.55743 102.442566 112.06735
0 905.11566 405.48004 97.594666 107.46423
0 1025.8994 225.04346 69.95532 137.9581
0 1073.7256 165.89377 38.19702 72.52182
0 1004.5928 388.30188 51.30017 80.39761
0 1003.03253 544.9041 24.727356 46.997437
0 1021.9548 485.92816 19.141907 35.108704
