0 1079.0769 19.957705 70.12109 79.76041
0 1279.6655 349.69238 73.0166 91.36679
0 1087.5076 110.82729 110.72229 120.761894
0 1053.8894 75.380356 76.56641 72.90518
0 1139.159 241.75568 106.21338 104.8074
0 943.3378 25.477825 105.7923 92.96799
0 879.8533 -49.22382 101.47638 108.307495
0 1014.9865 148.11087 99.101135 110.64087
0 803.0382 -13.587659 107.42438 107.97074
0 1180.463 396.26392 90.3385 85.47797
0 1075.6781 303.96692 114.1521 127.617065
0 898.87787 105.077255 104.50122 107.51129
0 981.1895 297.90414 87.352356 89.984436
0 967.82874 262.75314 59.923706 55.67456
0 1035.1416 439.07013 101.445435 97.86035
0 787.17993 65.46119 100.2901 109.48167
0 852.4101 175.00603 98.38696 103.541824
0 886.45544 262.42862 105.01666 110.21689
0 769.91974 141.86604 65.51099 83.85664
0 689.0663 114.57696 104.04291 103.5944
0 935.0472 418.07104 79.60297 88.07117
0 1023.8303 548.63995 53.551514 61.25177
0 765.75653 217.03207 94.99255 104.71188
0 861.3723 343.10837 78.76294 96.85739
0 937.94995 531.46826 82.47156 83.04346
0 779.3829 295.17062 84.67877 88.490234
0 698.48724 208.18541 69.42279 83.003586
0 803.6003 354.8697 106.56177 120.950714
0 850.8216 445.71698 114.895935 123.197754
0 680.0441 305.0781 118.56531 155.29517
0 624.61957 258.58893 79.719055 94.91901
0 770.89264 448.2653 91.647156 103.436066
0 814.634 603.3251 101.754395 96.83795
0 737.95526 523.86896 135.35284 131.52185
0 530.7149 188.39095 105.815674 116.769516
0 663.25616 467.01498 103.31024 109.95401
0 562.1421 385.8888 123.201355 119.81296
0 694.16187 625.1193 73.33899 80.90973
0 636.43115 597.9963 99.34534 105.85242
