0 -198.11794 -25.437729 75.811615 57.276684
0 -153.07567 -105.95689 70.85049 76.85924
0 -226.72023 67.749214 83.28343 83.65942
0 -75.8513 -102.643875 107.90735 79.06033
0 -282.5314 292.4308 67.07216 55.57553
0 -253.11629 195.22975 103.3739 97.93266
0 -130.76248 5.396502 102.78801 79.58504
0 -121.45278 170.7539 85.82789 66.65187
0 -101.44782 136.81165 64.18414 39.18126
0 -135.29004 294.33444 105.495636 70.229065
0 -7.6734757 -45.72279 93.131325 83.18142
0 -35.41618 49.29474 94.75021 77.43806
0 -43.033436 127.29884 101.39961 82.32982
0 78.227394 4.798736 50.019875 67.67524
0 115.22068 -23.311705 105.356606 75.51337
0 -2.9207575 254.66275 72.894424 67.296844
0 -25.811043 370.44977 47.29196 47.43045
0 89.57492 66.88068 84.24179 79.32938
0 54.46431 180.15186 63.599724 77.08197
0 35.68643 347.22678 82.70876 60.860657
0 109.26118 131.29335 82.096565 65.973206
0 185.66707 45.8093 58.14241 65.38451
0 96.200134 182.15903 94.89484 93.38452
0 73.31002 264.81238 108.649086 92.89746
0 221.52687 119.770836 89.659775 126.69717
0 283.66147 73.28115 67.11182 74.65499
0 186.46509 249.18437 84.52844 80.11772
0 187.13469 383.38446 108.993546 69.383545
0 210.38223 309.81955 139.92206 94.73163
0 337.72852 4.0784163 93.002014 87.722015
0 307.4176 247.7487 97.61536 82.49803
0 362.91367 168.53976 126.26291 86.14967
0 369.8798 371.80804 67.36078 61.751526
0 396.83575 345.03537 94.53226 79.59912
