0 698.9275 399.6525 73.64227 75.85632
0 713.318 276.11975 100.622314 104.930084
0 604.0171 459.59827 91.95111 99.20233
0 635.6862 325.46475 86.70642 90.754486
0 694.46155 119.34273 113.248474 121.08757
0 641.1834 219.87668 101.53717 118.53317
0 423.45776 578.0804 104.53717 115.25702
0 518.5048 304.68802 110.54523 120.174866
0 567.5199 259.46594 74.45032 73.46561
0 431.8791 414.5973 103.96289 105.24762
0 555.475 151.30498 101.41211 94.44978
0 589.66583 56.1582 102.67218 109.19801
0 467.2982 259.42688 103.92526 112.90485
0 530.72 12.891254 105.526184 108.242615
0 322.1458 519.48975 87.72662 86.17377
0 344.8315 388.17203 114.562836 126.7399
0 461.05447 144.04869 105.81766 109.357605
0 337.90155 303.40863 86.22116 90.00757
0 384.13815 271.12445 58.45172 56.536407
0 225.94395 417.34808 98.88014 98.48822
0 449.66296 28.595108 100.14795 108.94081
0 378.80847 137.94498 99.55136 104.72681
0 316.2147 205.8386 104.04022 110.06033
0 400.33957 43.899345 67.74744 82.392235
0 371.17557 -28.870066 102.02023 103.94618
0 214.4281 316.25613 79.71573 87.54288
0 151.97943 448.53537 54.0056 60.710083
0 310.44983 78.34948 97.833435 105.97271
0 245.9788 210.3636 86.20656 99.140945
0 115.87427 376.23392 81.035995 83.23364
0 253.93735 119.25733 92.92685 94.499916
0 309.8613 10.803863 70.68851 81.9821
0 188.49908 170.90283 114.33612 124.689026
0 127.27525 260.71826 114.31987 122.79004
0 169.89807 41.432484 121.27255 150.98245
0 224.88821 -27.624352 82.78845 94.91426
0 106.72642 189.09628 89.99171 101.18982
0 -10.436919 302.89413 97.12557 96.37677
0 3.3188133 204.62968 132.10954 132.27342
0 232.89084 -144.27841 113.41733 121.6985
0 35.81357 106.33855 109.45276 114.22748
0 66.118996 -12.52195 121.1849 121.1025
0 -63.283993 198.63687 73.39931 80.44391
0 -67.933235 156.29556 77.19838 87.874176
