0 -129.07958984375 379.9548 101.94970703125 97.48239
0 -85.9398193359375 497.8282 93.0333251953125 88.83984
0 26.3284912109375 609.26306 81.9560546875 77.28046
0 4.8594970703125 587.6181 64.535888671875 56.066162
0 104.022705078125 688.79926 103.1134033203125 92.253845
0 -51.6407470703125 375.55048 105.9898681640625 100.03415
0 -5.3939208984375 461.97723 104.4581298828125 96.666626
0 45.6788330078125 512.3709 111.5345458984375 103.06561
0 39.790771484375 375.84833 67.7010498046875 70.03845
0 45.5015869140625 299.5146 111.196044921875 99.97949
0 162.7584228515625 585.78516 83.9813232421875 79.84589
0 227.232177734375 694.72943 56.248046875 54.47693
0 93.1612548828125 389.4079 96.5379638671875 92.494385
0 149.58203125 501.10458 81.87939453125 82.69284
0 253.774169921875 616.74133 88.01763916015625 79.59723
0 149.47216796875 421.5298 89.981689453125 82.9603
0 142.232421875 324.0215 72.4715576171875 71.99133
0 179.1346435546875 456.63504 112.03485107421875 108.04196
0 222.8804931640625 519.897 121.702392578125 113.755005
0 224.638671875 329.64157 124.76806640625 129.9957
0 228.5928955078125 270.12747 83.27423095703125 82.5253
0 286.7855224609375 445.0534 99.32537841796875 94.748474
0 381.37738037109375 521.119 111.74395751953125 97.802185
0 346.5213623046875 438.2635 145.0618896484375 128.83136
0 217.731201171875 171.32915 106.1934814453125 101.776505
0 368.923828125 353.48407 108.5654296875 101.28781
0 349.55548095703125 245.54736 130.79693603515625 116.42938
0 496.99407958984375 409.9801 77.4013671875 73.47482
0 497.050048828125 359.66455 105.31402587890625 98.103546
