0 391.61984 -61.300156 44.05539 56.020252
0 471.59686 -191.15288 68.18561 79.3269
0 426.8813 -124.88438 82.43515 93.232956
0 268.82016 135.6831 89.0014 90.48314
0 419.38644 -19.347767 92.043945 92.86876
0 467.6155 -45.01842 66.3992 56.416077
0 391.1485 80.20609 91.15515 80.963066
0 533.4689 -83.303154 93.768616 72.240265
0 586.2706 -137.66743 84.96643 83.36664
0 495.28934 13.057505 81.719574 85.00042
0 653.2527 -110.30386 91.683105 83.33444
0 392.47223 201.00668 78.47174 66.154755
0 452.91922 128.51955 94.0784 98.03337
0 586.9095 -21.140795 88.53693 82.88699
0 556.79987 125.96157 73.98413 69.3733
0 583.76056 99.83437 52.325806 43.135185
0 515.97375 233.57578 87.64557 75.67886
0 688.027 -46.756123 83.33606 84.18054
0 646.734 35.699135 82.76099 79.74825
0 622.1385 100.77321 88.41626 84.89981
0 742.76227 10.750252 51.229248 64.065506
0 775.3199 -10.144115 89.04358 79.988434
0 621.4777 219.767 65.84412 67.68472
0 582.77954 318.97913 43.779114 47.003662
0 730.2067 68.25402 79.966125 81.08257
0 678.82336 163.97398 62.62561 74.11888
0 632.2025 306.02048 70.34717 64.08942
0 738.66345 128.02946 71.392334 68.17702
0 810.81604 62.106827 55.814148 63.58721
0 710.3971 174.26643 87.33905 92.84233
0 673.0975 242.49673 96.0553 94.808716
0 807.3909 137.5601 90.8775 118.1286
0 876.5833 101.931854 64.19464 72.72731
0 764.57434 246.12477 74.27197 78.96242
0 736.3871 363.64337 87.41724 74.54495
0 766.69135 304.17685 116.693054 101.67474
0 926.5899 49.300076 89.44232 90.87009
0 851.6193 261.16525 86.921936 84.80118
0 911.81335 200.6635 106.61932 92.81694
0 870.5124 383.43634 60.72278 62.188507
0 899.01404 362.71225 83.229065 81.48303
