0 294.65677 143.4909 75.98489 77.82768
0 380.47635 78.81311 104.446045 106.99577
0 232.98839 233.07025 97.03404 99.44595
0 364.51645 180.21 90.15619 92.361435
0 519.7922 55.648827 118.28992 121.22042
0 439.64365 138.06094 113.48129 116.40492
0 139.42044 425.88 111.97208 114.78418
0 378.61523 270.92178 117.095245 120.01749
0 459.41666 247.77776 75.2706 77.05376
0 303.4131 387.53488 106.38675 108.942566
0 541.51843 214.62473 99.808655 102.09802
0 615.3485 158.29257 107.28015 109.92856
0 441.19153 319.5068 109.27777 112.00879
0 669.17334 206.76949 108.66052 111.2896
0 244.61298 533.7401 88.50308 90.59448
0 327.48532 458.7588 122.40906 125.49194
0 556.17456 302.39905 108.88971 111.53757
0 448.4295 475.67474 89.5365 91.72351
0 504.95773 449.58597 58.459137 59.829163
0 350.92776 599.9426 100.40271 102.79352
0 672.22156 295.6932 106.11511 108.76428
0 584.6923 389.74307 103.4137 105.95209
0 526.6241 461.2232 108.73956 111.41449
0 698.9314 377.43073 75.97168 77.97922
0 747.4148 362.29538 104.713196 107.23761
0 466.45697 607.7865 84.86432 86.99341
0 380.683 720.7759 58.176575 59.65399
0 656.2217 447.31064 103.45386 106.03079
0 551.50995 548.11145 93.9267 96.339966
0 431.88632 718.5639 83.502716 85.5246
0 638.50336 518.1324 95.29254 97.5874
0 748.9337 459.36426 77.35004 79.34589
0 572.3465 572.87463 121.0061 124.032715
0 499.6289 652.13043 120.37689 123.36212
0 679.771 556.6068 137.67743 141.3576
0 790.3124 526.3685 89.47821 91.77753
0 597.998 680.97833 96.9353 99.39728
0 513.0062 817.2038 98.43787 100.77698
0 566.19977 751.0749 134.47473 137.68604
0 870.5001 467.7522 118.81592 121.76416
0 675.09656 720.08453 113.64606 116.42151
0 775.46564 655.5522 123.24243 126.182434
0 648.1239 870.50854 78.061646 80.01807
0 676.3739 862.0383 103.72284 106.28894
