0 1400.5106 -151.0744 89.61304 89.44609
0 1481.6895 -29.44374 73.57251 87.76217
0 1495.1808 143.9314 75.82019 70.19977
0 1493.6173 108.698845 70.58203 43.730095
0 1492.6362 280.48474 106.30481 76.249176
0 1333.0837 -92.56391 104.24573 92.27519
0 1375.5651 13.9866295 105.55615 86.00232
0 1378.5332 96.16756 112.92615 91.44388
0 1292.5282 -36.555305 57.585693 74.72466
0 1189.6926 -66.35594 116.64807 84.03909
0 1374.2662 236.30678 81.74402 74.61409
0 1436.6102 362.99942 53.29541 52.533447
0 1248.1387 31.148176 92.59851 87.53996
0 1316.3691 154.9111 72.59656 85.19916
0 1330.0969 339.367 91.673584 67.70093
0 1235.1895 102.65548 91.38135 73.28773
0 1169.0509 10.484405 66.01428 72.325554
0 1240.1084 157.351 106.82837 103.45763
0 1255.7942 248.27203 121.32495 103.10489
0 1102.5632 91.45812 105.0166 140.12369
0 1056.3761 42.26157 76.14136 82.58983
0 1157.1344 232.81615 96.48132 89.10597
0 1140.5514 380.5952 121.33911 77.62219
0 1078.3767 299.58228 154.51648 105.52713
0 965.2241 -33.30232 101.734985 96.27439
0 1012.2306 233.83533 108.42432 91.47601
0 915.37024 147.13693 138.81714 95.81343
0 985.6232 369.4565 75.50824 68.47214
0 927.94617 341.65646 105.47583 88.36432
