0 517.4723 286.26187 82.26648 79.07413
0 419.51117 201.57365 110.192505 107.50865
0 515.81635 380.29544 100.82037 103.18671
0 408.24426 307.89383 94.34689 92.15991
0 259.5188 138.08638 136.206 130.72905
0 318.85736 246.00963 122.26477 129.20546
0 502.94855 600.05164 101.46179 112.28644
0 312.59042 391.7836 130.99457 132.36386
0 288.06897 358.284 92.53943 80.296906
0 349.80612 526.6921 114.91501 107.246826
0 180.31215 313.7069 122.38048 100.59311
0 131.19002 234.30994 114.75926 112.91135
0 227.52115 440.79132 120.78522 119.73053
0 51.282055 277.8466 120.26921 116.4021
0 365.2062 702.4398 92.047424 84.58258
0 265.3134 597.28705 139.0734 138.04456
0 122.50439 400.65115 121.710045 114.499176
0 213.72969 601.5288 63.16295 73.18854
0 193.28558 564.77405 51.267334 49.05127
0 292.04343 758.10706 23.40802 33.865356
0 80.55093 379.09268 31.55381 50.51352
