0 1219.3907 448.99246 62.60034 73.46097
0 1215.3798 200.07642 93.38074 70.14728
0 1215.3245 115.83513 86.091675 88.28323
0 1183.9912 303.48404 81.275024 90.9939
0 1136.3657 82.77841 94.16016 86.63016
0 1147.1855 549.2716 73.39136 64.752014
0 1120.3999 434.11008 94.2323 105.21481
0 1128.1208 208.4867 90.46887 86.801575
0 1065.002 363.79163 75.577515 72.67798
0 1090.6891 330.99948 54.575073 43.67041
0 1004.37866 480.15802 90.77356 77.620056
0 1073.9746 111.31335 83.982056 89.74355
0 1050.1232 212.8808 84.13428 84.09589
0 1013.9455 285.5991 89.94025 89.45413
0 1026.222 132.95662 49.278687 71.226654
0 972.04144 77.30285 91.63812 82.9047
0 955.0023 395.7086 66.1286 72.42944
0 943.03235 520.164 43.5896 50.774536
0 962.32367 178.2159 77.89374 85.641525
0 951.9829 304.0596 61.02997 81.5853
0 881.8138 462.7401 72.21954 66.66315
0 925.4265 230.0359 72.69458 71.74037
0 929.56177 124.13696 54.870544 69.494415
0 893.4026 279.58887 87.13544 100.07413
0 863.2563 363.05896 97.22015 100.53754
0 829.70557 168.67888 88.44745 132.79
0 839.8162 105.44146 63.187195 79.39785
0 813.76874 306.90543 76.14038 85.77316
0 739.4583 426.12674 92.42432 76.7525
0 724.8893 339.14407 120.68335 104.53668
0 810.0262 11.608825 86.37109 95.112625
0 720.74725 250.76239 87.47571 89.45969
0 695.843 146.516 109.41742 95.12669
0 650.32404 349.64062 61.029358 66.49396
0 617.651 304.26227 84.365295 86.24475
