0 463.0893 354.03687 62.350037 48.92209
0 409.95175 259.47186 82.96777 67.92404
0 420.6174 425.76102 71.94156 69.03616
0 359.13556 330.35416 70.98709 58.870544
0 297.20752 157.81676 103.068634 81.75877
0 307.76517 253.1837 79.06256 89.321335
0 321.7435 586.60065 65.96051 81.27832
0 240.42781 366.92 94.952896 86.18924
0 236.30008 327.18268 77.697845 43.986694
0 217.40157 483.02734 90.46263 64.8869
0 157.51639 262.67673 105.54257 50.452026
0 152.05934 177.61778 85.69627 72.71388
0 148.7832 370.49664 89.48459 77.74487
0 65.71089 183.60112 89.70073 68.118
0 158.09142 617.26184 73.51802 50.172913
0 113.34245 510.74887 102.88522 89.76901
0 73.77166 301.01544 95.08384 69.964386
0 47.864216 472.1085 70.94734 58.15921
0 56.908012 437.8462 60.891426 32.60849
0 49.148907 601.5337 49.125355 53.194275
0 28.687494 235.58707 48.18351 71.42844
0 36.807766 346.25604 38.15917 61.447693
0 39.01104 421.86566 18.621334 51.963684
