0 1190.9844 388.1331 59.229004 76.95239
0 1135.6061 316.8959 104.7113 93.31619
0 1106.8932 665.2154 54.07312 70.7608
0 1071.019 785.4018 41.571655 51.94275
0 1124.522 422.49045 84.7511 92.18021
0 1100.5438 562.0035 66.3512 86.10889
0 1024.6328 731.6374 64.18567 67.40625
0 1082.9955 480.3913 83.71985 80.028015
0 1085.842 364.03162 64.87427 75.82312
0 1049.4913 533.40643 101.903564 110.07898
0 1003.61926 619.51434 112.46863 111.64313
0 970.6952 404.7106 111.11182 144.8129
0 989.5692 339.57178 74.63818 86.68277
0 952.3433 553.3027 93.46246 96.36676
0 864.1304 677.09827 108.71777 88.78839
0 857.85236 582.83777 137.39081 118.22601
0 965.22974 233.94681 92.14722 100.261475
0 852.87 487.40442 99.552 98.827515
0 832.91815 370.85565 122.65411 106.752045
0 771.5883 582.5903 70.97217 73.48157
0 741.46906 540.08044 97.487976 95.8772
