0 1049.9048 257.41034 84.67163 73.05438
0 1014.7808 129.48415 114.0108 101.71463
0 969.2877 334.5734 99.84985 97.85098
0 937.2974 195.71158 97.80255 88.14435
0 917.2688 -25.906721 126.371826 119.458176
0 904.01917 84.05343 100.66113 121.95692
0 806.3502 488.24997 108.92706 114.52316
0 788.1478 195.7262 118.83362 118.98276
0 807.3798 145.83025 89.82623 69.092514
0 724.1784 325.28195 121.95807 100.41547
0 739.6381 39.93514 129.72589 85.80652
0 746.80554 -65.61777 114.418396 107.18406
0 694.6296 161.87552 114.009766 112.37164
0 647.0051 -95.45952 121.92865 104.00955
0 629.01495 454.66046 106.3703 80.83649
0 612.6403 313.06686 120.26141 126.55194
0 624.7557 49.558586 122.516846 105.87733
0 543.1042 235.12978 97.5686 87.297745
0 572.8463 197.22649 72.23132 52.616776
0 458.53717 372.17233 118.10065 93.11801
0 555.27094 -64.461586 107.56647 107.89381
0 516.29333 60.165802 112.57556 102.258804
0 473.01895 141.07133 115.83023 107.48413
0 495.37366 -37.94761 61.36383 85.84044
0 419.31494 -103.41032 118.79578 99.51909
0 393.6292 273.7211 84.53485 87.105286
0 372.82684 421.07687 55.432556 61.083557
0 400.23273 14.718236 105.67087 104.73463
0 386.09296 159.9797 85.55765 100.80408
0 293.87204 354.3618 93.496826 80.03958
0 341.19345 69.048256 108.44479 90.38085
0 360.18076 -50.91116 69.25491 83.67447
0 297.0534 129.58833 124.0029 124.100204
0 263.94626 233.17816 124.84241 120.84601
0 228.05908 -0.42291313 105.26364 158.8252
0 234.84506 -73.78631 84.19824 96.84657
0 196.31807 167.19841 92.32387 101.82149
0 96.51026 306.63022 116.47895 90.91687
0 74.6578 203.04448 156.88782 125.426956
0 191.35207 -193.66048 125.58244 120.15519
0 64.181046 98.29434 123.89958 110.77231
0 53.827454 -21.512 131.5042 112.30768
0 5.2709713 219.15573 48.252808 62.971313
0 -2.267352 184.86803 31.885075 66.85695
