0 739.40405 -150.68187 84.18353 96.11763
0 815.1326 -10.936325 76.89313 87.35985
0 856.27075 180.91446 68.343994 74.00566
0 849.7771 141.46564 56.774963 43.871872
0 876.1186 331.67184 89.06189 78.13858
0 700.9592 -86.92946 88.32959 95.981995
0 747.7048 31.586338 88.24054 88.8132
0 763.1667 123.12747 94.31073 94.37962
0 676.4726 -31.644588 52.626526 79.78406
0 595.3119 -67.29179 95.73761 85.75049
0 779.6196 273.94934 69.627686 77.80701
0 844.923 414.96213 46.017456 55.117035
0 653.3797 41.69129 79.59943 91.57699
0 723.1 180.21628 64.891785 90.4357
0 761.0138 384.07452 75.4986 69.25403
0 653.776 118.900055 76.20288 75.57338
0 589.2569 11.672425 58.177124 76.434425
0 665.70654 179.77109 91.94501 108.38266
0 691.4701 281.15927 102.10925 106.87521
0 550.7957 97.26778 96.41846 149.80363
0 507.73337 38.99305 66.97104 87.234505
0 613.1227 255.7504 82.15527 92.967834
0 622.7696 417.92355 97.85889 78.14084
0 563.9841 327.1569 125.88281 107.05942
0 427.6139 -48.17668 87.54181 100.82948
0 502.6533 247.39972 91.2034 94.77283
0 416.7971 148.18573 113.33896 97.334564
0 501.3296 391.90286 64.24359 71.36438
0 453.53406 359.11136 88.565125 91.480896
