0 602.7969 381.60745 75.720764 79.660736
0 497.26154 331.4103 101.0578 105.53375
0 642.466 466.11478 95.09497 97.79562
0 526.6111 432.24692 85.29346 89.29379
0 347.81244 320.36673 123.379486 130.49713
0 426.34286 399.07376 119.784515 122.351654
0 708.87976 667.28973 100.922424 100.72211
0 481.0028 533.34 116.70502 121.54016
0 445.98434 514.8145 76.446686 83.76483
0 559.885 642.6502 100.31885 106.87268
0 353.64578 493.82236 91.60455 101.63675
0 281.18546 451.89185 98.06644 101.9234
0 445.05408 600.43866 91.76837 92.99347
0 653.736 785.64575 62.793274 65.33484
0 564.71844 727.4806 62.92859 59.521423
