0 -146.645751953125 263.48492 50.317138671875 86.5585
0 -117.1904296875 315.96246 110.605712890625 167.92297
0 -73.2999267578125 237.83846 77.3326416015625 97.88835
0 -107.018310546875 504.1379 90.2059326171875 103.45145
0 -63.58056640625 666.7962 127.3516845703125 90.60248
0 -61.99853515625 556.18695 150.4329833984375 121.2663
0 -42.597900390625 124.90475 101.019775390625 109.110115
0 19.5118408203125 444.4082 108.8128662109375 107.097534
0 48.106689453125 310.82568 136.1611328125 110.39136
0 126.4866943359375 574.36926 76.7821044921875 80.62549
0 141.1614990234375 529.6357 104.7374267578125 103.20123
