0 1091.5996 192.309 51.71875 78.16063
0 1070.4346 309.5613 48.579468 63.649414
0 1053.2349 357.38318 70.288574 77.57034
0 1040.91 228.72888 52.844116 76.75653
0 1033.0427 419.19604 76.33057 107.45538
0 997.32007 510.41614 87.526 107.33777
0 950.02374 285.59985 89.58539 149.72449
0 956.2266 218.7673 60.862183 87.64322
0 943.77856 447.6821 78.54901 95.328705
0 876.655 592.9734 93.81305 82.69623
0 865.83734 493.78885 116.88898 111.49948
0 926.9814 111.125145 74.3186 99.22706
0 851.44617 395.41623 82.84546 96.57022
0 823.788 276.3877 103.82208 100.87344
0 787.96954 508.03577 58.923584 72.556946
0 760.13574 469.3417 81.532166 93.56772
