0 1062.3881 99.04515 64.898926 61.878235
0 1076.7456 -16.50295 83.86694 84.66102
0 1108.9696 185.10165 73.61072 83.6785
0 1149.9017 61.899124 71.56592 70.863495
0 1149.1641 -146.65927 108.197266 98.97171
0 1176.4741 -40.1966 89.79077 107.62018
0 1245.0387 354.80508 67.35144 96.94858
0 1256.9344 87.329254 95.67969 98.6561
0 1267.125 39.3844 77.25342 53.601692
0 1304.7657 218.2326 90.666626 78.43756
0 1297.9358 -46.93814 97.00708 60.87613
0 1312.2943 -143.76973 79.67566 83.44687
0 1346.4098 80.88776 66.18469 84.41853
0 1384.598 366.9825 51.269897 53.241333
0 1395.9492 244.94293 30.467651 69.16644
