0 1260.4896 248.45805 54.119995 56.776962
0 1183.8422 129.80432 95.95972 80.98784
0 1208.5493 340.0563 81.734985 80.669556
0 1129.9395 217.04697 82.08386 70.46268
0 1054.6307 15.348464 96.025635 96.93431
0 1072.2517 120.47967 77.626465 107.27447
0 1115.8237 533.52313 92.85828 96.83722
0 1009.1898 261.65915 96.61011 98.81464
0 999.5079 214.2105 78.5202 51.53987
0 992.16254 405.83926 104.854675 77.315125
0 899.4933 129.24344 117.04474 58.908936
0 879.04346 31.28399 91.15808 86.81831
0 915.0968 264.16025 83.65198 92.499756
0 771.68256 29.878119 103.87811 81.31534
0 934.57465 559.7073 93.21539 59.95282
0 887.85535 427.709 96.16644 106.82156
0 810.7069 174.92966 98.31604 83.01834
0 785.50183 375.42383 82.05475 69.58798
0 796.1453 334.74344 62.95929 38.14392
0 756.1263 531.443 102.62195 70.29199
0 701.3587 91.425575 87.39978 89.66975
0 707.2723 216.5211 89.99304 81.848526
0 696.9605 307.5577 96.40112 86.88565
0 652.39905 133.98874 43.472412 78.12726
0 567.1709 90.8423 101.68707 77.20671
0 665.85254 458.65805 68.077576 73.03116
0 689.15576 605.48804 43.598328 52.29364
0 592.83417 211.75838 86.19031 86.69347
0 630.5244 356.5714 57.76123 87.69205
0 595.9343 560.7398 79.58081 62.6687
0 558.35626 283.0614 79.99695 69.51758
0 533.0441 162.52031 52.534668 73.50754
0 546.2651 351.0876 89.12018 102.63632
0 543.47437 455.82068 102.5871 99.1983
0 446.95798 246.2064 71.52927 146.87547
0 414.97278 174.89343 60.762177 83.78369
0 459.2029 413.9559 72.591156 87.19122
0 408.1661 577.9574 101.45538 68.302185
0 359.36642 484.2803 135.87158 95.29544
0 344.1828 81.877945 96.76019 97.99045
0 322.5678 386.1534 94.94855 87.95645
0 251.567 280.04437 125.05464 86.94748
0 269.89716 532.9427 62.975494 66.91815
0 210.16594 487.82092 89.4431 84.70892
