0 977.6738 -198.6402 70.91553 78.02724
0 877.78485 -211.89496 118.29877 107.382805
0 1149.7434 15.619706 82.82556 83.21465
0 1246.1611 116.63385 56.05432 57.56044
0 963.29315 -134.93347 99.328064 99.355156
0 1066.2932 -36.657543 84.3656 90.52802
0 1148.9855 120.480965 88.74475 82.5077
0 979.38184 -66.47642 95.48682 89.73585
0 883.119 -116.76834 76.27539 79.411575
0 1005.4902 -23.071476 118.31525 118.2778
0 1050.8195 51.532333 128.95972 123.50682
0 855.07306 -30.029627 132.51892 146.31403
0 796.48425 -51.509995 87.66388 90.96857
0 955.44696 78.60153 107.12811 104.7948
0 995.5519 210.62505 120.97485 105.37019
0 915.43896 147.1138 154.53479 137.89111
0 690.4994 -96.71316 108.29596 108.34982
0 828.64935 127.915146 114.36456 109.46529
0 713.69446 70.70193 138.4129 124.12327
0 849.5338 269.73703 81.87964 80.10474
0 794.47864 255.35309 111.62927 106.40756
