0 907.5209 589.3875 86.83923 87.2251
0 841.0553 700.5336 80.08502 79.61865
0 723.2505 797.8712 70.111694 70.73773
0 768.5018 779.0768 52.003662 53.76837
0 611.92804 868.81586 84.69586 86.78595
0 838.0955 578.32794 93.793884 94.8866
0 773.6595 659.47766 90.41272 91.925476
0 707.0494 703.7889 96.37988 98.02899
0 794.46094 576.87317 66.38422 65.68933
0 776.75507 503.21887 93.16431 95.43744
0 609.25885 769.5189 74.9328 75.66626
0 547.114 870.62067 51.239197 51.504883
0 718.13275 586.85144 86.73462 87.40039
0 646.3307 690.5554 78.16449 77.7807
0 519.7027 795.45905 74.23291 75.928955
0 668.43427 615.33105 77.5564 78.92975
0 719.4555 524.2873 67.91852 67.85101
0 606.4592 647.1199 101.575745 102.20911
0 541.11395 704.75616 106.529724 108.03589
0 587.43835 526.19556 123.42511 121.94739
0 650.96545 470.57706 77.82788 77.79544
0 531.1756 632.716 89.0802 89.88904
0 418.85867 700.4073 90.90054 93.8006
0 441.54446 623.00354 119.85416 123.181946
0 670.0146 377.31876 95.35205 96.07822
0 481.5064 543.5298 94.793945 96.17633
0 513.7418 441.7689 108.295044 111.229645
0 384.27756 592.9168 68.94052 69.64258
0 372.80502 545.2648 91.83325 93.21216
