0 37.886826 -334.0597 117.38913 110.56201
0 -37.246468 -245.98149 97.37488 102.53755
0 -122.84591 -122.65428 75.735245 89.61537
0 -219.86319 48.631935 68.61482 72.70101
0 -56.006725 -174.71878 100.53753 96.4336
0 69.941376 -233.8683 81.16173 86.37999
0 -117.685684 -127.79645 125.35077 128.06377
0 -173.37372 -38.476902 136.03589 133.03693
0 32.298164 -140.95422 142.92169 160.81023
0 144.655 -166.6818 93.24672 98.91466
0 -51.270237 -17.972216 114.32113 113.85876
0 -114.22515 129.45189 127.34871 112.68567
0 -62.922024 56.7155 161.90031 147.19482
0 238.52144 -220.04106 112.71669 115.816376
0 73.15781 31.276728 120.272 117.67223
0 172.15697 -35.837357 144.6382 132.30917
0 79.37426 184.59225 86.5584 86.50879
0 103.82495 167.61292 117.70517 114.56113
