0 271.83758544921875 203.16075 69.4139404296875 61.95369
0 274.14251708984375 95.0148 93.54913330078125 86.31419
0 327.03289794921875 270.34012 82.11480712890625 83.16638
0 350.81201171875 152.22136 80.26861572265625 74.811844
0 338.0008544921875 -38.24776 105.96649169921875 102.08273
0 373.38629150390625 55.871895 85.630859375 104.64672
0 456.9403076171875 403.34418 88.32806396484375 97.03641
0 456.23822021484375 153.30159 97.7919921875 101.17325
0 462.5816650390625 110.527954 73.474365234375 58.47531
0 508.6220703125 264.27466 99.89300537109375 85.08667
0 482.67413330078125 20.806475 105.81201171875 72.36826
0 486.40997314453125 -69.94326 94.9322509765625 91.30134
0 535.6106567382812 125.3668 96.131103515625 96.192406
0 561.4652099609375 -93.976234 99.9453125 88.19054
0 602.7864990234375 376.10352 86.9857177734375 68.39682
0 600.3316040039062 254.33755 99.0845947265625 107.67828
0 582.2661743164062 30.328135 101.87213134765625 90.20134
0 674.6351318359375 189.57224 80.063232421875 74.08392
0 669.0363159179688 157.28084 59.24310302734375 44.53827
0 729.7708129882812 307.92218 96.64642333984375 78.83649
0 648.5086669921875 -67.03548 88.51568603515625 91.744514
0 678.9469604492188 40.002506 93.46786499023438 87.106384
0 714.59619140625 110.5587 95.129638671875 91.27203
0 735.4453125 -43.857395 51.00726318359375 73.30736
0 749.7344970703125 -98.22686 97.33895874023438 84.35467
0 807.6416320800781 224.8518 69.61001586914062 74.09122
0 851.361083984375 351.4216 45.72955322265625 52.008453
0 779.370849609375 2.755634 86.92684936523438 89.033035
0 810.6355590820312 127.72771 70.7283935546875 85.909256
0 883.1102600097656 293.93924 76.6456298828125 67.870636
0 826.7075500488281 49.733288 88.84762573242188 76.60144
0 839.2681579589844 -52.69818 57.28778076171875 71.332016
0 851.1837158203125 101.06163 103.77981567382812 106.01218
0 880.5904235839844 191.04881 102.63668823242188 102.6902
0 919.8312072753906 -9.112842 87.7423095703125 135.74617
0 928.4213256835938 -72.13068 71.31817626953125 83.00666
0 960.2311706542969 135.22173 76.17430114746094 86.69777
0 1024.610092163086 254.86833 95.30255126953125 76.96681
0 1007.9418334960938 166.69913 128.42401123046875 106.21939
0 927.4348754882812 -174.7406 104.89976501464844 102.56655
0 1038.3689880371094 83.047035 89.49868774414062 88.105156
0 1039.6351928710938 -10.651469 58.87455749511719 69.83026
