0 923.00635 -208.21805 60.78485 61.226425
0 774.4906 -306.83484 92.66571 90.98152
0 822.29126 -254.5266 111.519714 108.62601
0 1049.2296 -50.198784 118.45447 112.064255
0 833.334 -145.53416 122.36835 115.53259
0 800.58856 -157.24553 86.249695 77.92338
0 883.3067 -54.781796 119.0791 108.776024
0 677.82776 -166.2917 120.378784 106.23573
0 613.69867 -195.51207 112.50696 105.439026
0 752.80347 -75.2688 109.13049 103.87945
0 523.1105 -134.94786 120.132935 110.380844
0 912.3741 73.71144 101.83197 91.82533
0 805.9923 31.260073 125.668884 119.680786
0 622.9785 -70.023315 116.47241 107.82909
0 697.80005 72.497055 97.34894 90.16177
0 687.0915 52.533928 67.715515 60.729263
0 746.6938 169.21208 114.07941 103.477585
0 496.45596 -48.44883 110.81027 104.65259
0 560.4154 19.703793 109.30829 101.957
0 592.9684 78.95153 116.72058 108.771355
0 472.9079 38.205357 70.47662 70.644516
0 382.33966 30.72874 116.4931 106.71782
0 636.3931 205.16049 87.776245 83.28763
0 725.6301 290.84335 58.744568 56.402283
0 460.78577 95.361305 106.388 100.57754
0 559.67224 174.50157 85.35095 84.20863
0 627.9835 301.77023 92.20465 84.76953
0 468.13696 161.37956 94.17493 87.63556
0 386.50333 125.33266 75.59485 73.78398
0 489.96252 202.73013 117.01721 112.04593
0 535.59576 258.0283 127.29773 119.48776
0 355.9746 216.02652 125.87894 127.614685
0 296.68912 201.15292 86.8674 84.65384
0 445.67276 303.88727 99.51181 95.28772
0 480.57925 414.34286 113.603 102.72806
0 398.07535 368.4499 152.06277 138.24069
0 194.95248 170.00421 119.02957 112.58801
0 320.47473 361.59634 115.00375 107.61774
0 211.7625 324.661 138.92033 126.265594
0 343.8108 499.6039 80.90466 76.690765
0 276.85492 493.33792 110.17224 103.191376
