0 577.06024 379.7775 64.12799 65.67505
0 506.80408 279.035 86.39844 90.97116
0 561.134 469.74164 77.26526 89.838135
0 482.11026 370.72995 74.17709 78.89792
0 384.7416 180.95161 104.58942 109.758194
0 419.06357 289.5438 80.407776 112.211395
0 523.5754 672.4235 76.29309 103.349365
0 394.97003 429.17548 100.236084 110.39093
0 379.685 387.09384 75.71811 63.292877
0 408.25043 567.82855 91.81323 89.1026
0 295.8494 320.98517 97.56052 74.6879
0 265.80447 231.52266 89.987335 97.101425
0 317.08038 448.611 94.451385 103.44278
0 191.47403 248.28189 92.05353 92.62308
0 390.1622 727.43555 78.180725 70.74579
0 324.5239 605.7915 105.52762 118.45953
0 234.21965 382.22415 96.978134 95.653534
0 255.74005 581.66437 73.95404 78.088684
0 255.61586 547.36584 58.841293 47.500366
0 260.74985 734.0007 88.616394 82.27179
0 148.3366 319.99365 82.36778 97.46182
0 172.0427 442.76318 88.72882 92.53516
0 179.86006 530.93756 88.07176 96.45917
0 123.28361 376.36203 48.73101 79.30707
0 112.35145 341.30984 22.659798 38.765503
0 211.00143 696.426 37.347702 59.096313
0 246.59485 828.38434 23.67508 42.44934
