0 240.09286 43.15875 73.621124 75.43594
0 238.46654 -79.31993 96.48753 102.22705
0 158.13704 116.43881 87.28459 97.80574
0 164.60664 -16.905357 81.679245 85.293846
0 184.9966 -231.42644 122.109146 121.604515
0 142.21936 -128.9526 108.90741 125.082504
0 -15.114642 253.28258 85.78699 108.94481
0 29.71674 -25.360699 110.36568 117.73602
0 64.335846 -72.499245 81.31604 70.32643
0 -31.867758 99.75841 90.11735 90.90906
0 73.43139 -157.99014 71.872215 70.316734
0 99.63968 -252.93175 61.19203 84.278564
0 14.369034 -27.056465 47.11337 74.19577
0 -82.4798 245.58112 26.377193 47.230774
