0 312.3065185546875 -30.304018 80.9027099609375 69.7127
0 375.25909423828125 -128.27498 108.9853515625 97.05252
0 318.20660400390625 65.41677 95.55841064453125 93.30303
0 423.10906982421875 -28.842075 93.50128173828125 84.09009
0 522.65576171875 -202.7168 112.79144287109375 111.58059
0 494.73260498046875 -104.14317 95.41668701171875 115.80851
0 350.99273681640625 266.43048 109.78759765625 110.72159
0 510.7177734375 38.13028 113.77264404296875 113.44272
0 559.9915161132812 0.07031343 85.71087646484375 65.981834
0 494.8013916015625 176.27158 116.46246337890625 95.85068
0 632.9332885742188 -62.545143 123.5882568359375 82.03615
0 691.3759765625 -146.22937 105.84661865234375 101.19122
0 611.0164184570312 59.940536 100.1494140625 104.55211
0 780.5342407226562 -123.656204 116.48468017578125 99.25891
0 522.119384765625 332.379 101.48638916015625 77.21399
0 586.2321166992188 223.50388 115.234375 120.63089
0 721.1643676757812 2.9170532 111.66033935546875 99.470375
0 712.646728515625 200.04027 93.26882934570312 83.28606
0 741.849609375 164.14677 67.99819946289062 50.01216
0 689.54150390625 347.05322 112.72149658203125 88.91043
0 847.9238891601562 -47.070614 102.98794555664062 102.86911
0 812.7208557128906 70.00335 103.597900390625 96.383354
0 797.3627624511719 152.65143 110.77920532226562 102.52284
0 927.660888671875 16.890003 59.089599609375 81.719055
0 967.8829040527344 -16.175394 113.45567321777344 94.98133
0 823.8738403320312 308.26978 80.9688720703125 83.03693
0 796.8899230957031 445.63544 53.14935302734375 58.210938
0 928.7869873046875 91.45205 101.15863037109375 99.87388
0 884.6606750488281 220.13582 80.01119995117188 95.42226
0 858.3157958984375 418.8573 89.32623291015625 76.38214
0 951.6387634277344 167.57265 100.07113647460938 85.25282
0 1030.265121459961 70.803986 66.50468444824219 79.70532
0 931.1553955078125 230.46852 114.10441589355469 116.98735
0 900.58154296875 327.15295 119.46780395507812 115.24045
0 1062.7266082763672 162.96078 101.5232925415039 151.15741
0 1133.795654296875 108.21063 76.63020324707031 91.06192
0 1025.11181640625 318.02182 88.52230834960938 97.03265
0 1012.4670715332031 477.75958 111.16389465332031 86.825195
0 1039.0426177978516 391.8501 149.76612854003906 119.74841
0 1183.8750381469727 28.087685 113.71078109741211 112.725426
0 1138.401870727539 319.8383 112.59153366088867 103.99188
0 1202.4181060791016 229.06804 137.6614761352539 109.51097
0 1193.9576873779297 473.8359 74.75057888031006 76.23093
0 1230.6322860717773 443.72623 103.74363327026367 98.85367
