0 408.12249755859375 367.4328 82.2752685546875 78.69464
0 378.1844482421875 242.8945 111.763916015625 108.68326
0 488.44732666015625 429.389 101.20477294921875 103.39682
0 477.37384033203125 292.40814 96.1768798828125 94.01828
0 397.78485107421875 75.90613 133.2823486328125 130.2173
0 463.8076171875 175.72807 122.38214111328125 131.23631
0 674.3146362304688 551.0315 106.71060180664062 116.39917
0 590.165771484375 269.82855 120.8143310546875 124.6983
0 581.3030395507812 224.68005 84.3988037109375 75.921326
0 680.3936767578125 382.844 116.78057861328125 108.88837
0 575.4133911132812 112.28267 117.24365234375 97.3531
0 546.8229370117188 14.347546 117.04412841796875 115.272705
0 665.9632568359375 221.51933 123.25466918945312 122.32652
0 620.4859619140625 -29.887144 117.952392578125 112.043045
0 821.1621704101562 488.48312 99.6234130859375 89.05179
0 773.9817504882812 349.40054 128.632568359375 133.91324
0 682.835205078125 105.935234 123.75204467773438 116.350945
0 834.3589477539062 268.35245 95.73602294921875 93.23453
0 814.4973754882812 239.04323 69.2215576171875 59.72252
0 933.1521911621094 388.87177 111.71432495117188 101.81088
0 721.3067626953125 -15.000333 109.40994262695312 113.030716
0 788.7518005371094 98.5968 114.54742431640625 110.8452
0 851.301025390625 170.58824 114.93051147460938 114.06706
0 814.9573669433594 -2.5661507 70.47116088867188 85.83504
0 818.4048767089844 -72.65942 114.30996704101562 107.56116
0 985.7352905273438 283.93436 86.75077819824219 90.8627
0 1071.430892944336 422.09952 58.20079040527344 63.068176
0 884.3722229003906 35.77555 107.06472778320312 109.93307
0 958.1587829589844 175.1819 91.99403381347656 103.0786
0 1087.4944152832031 344.9005 90.532958984375 86.16086
0 951.4927062988281 77.73608 104.20298767089844 97.78292
0 923.0968322753906 -31.63306 73.89517211914062 84.25831
0 993.0799560546875 133.36263 119.29757690429688 125.72136
0 1056.871322631836 236.72495 98.60623168945312 103.43927
