0 617.8770751953125 356.28278 64.276123046875 46.729614
0 651.927978515625 271.82446 85.3385009765625 64.65759
0 649.8999633789062 423.28604 74.19989013671875 65.13345
0 714.953369140625 339.11893 73.0069580078125 55.83249
0 747.4441528320312 183.44614 106.37197875976562 77.746185
0 758.3530883789062 271.01294 83.447021484375 83.77426
0 754.4888305664062 573.1035 68.23358154296875 75.87128
0 810.9605102539062 375.87018 97.81851196289062 81.87323
0 833.878173828125 340.5377 79.56686401367188 42.646637
0 837.7500915527344 482.0377 92.86727905273438 61.999237
0 886.1757507324219 284.11752 108.49267578125 49.583588
0 912.8394470214844 207.50847 88.16220092773438 68.88664
0 909.7306823730469 382.94806 92.08987426757812 73.57211
0 996.2568054199219 216.62073 92.14823913574219 64.88794
0 912.4188842773438 606.62744 75.429443359375 48.074707
0 929.8500671386719 510.27148 105.88702392578125 84.934326
0 981.0791015625 323.12643 97.64076232910156 66.75812
0 1029.4496612548828 479.22513 65.14129638671875 56.80606
0 1031.6302490234375 448.37787 62.33482360839844 31.740082
0 1049.1512298583984 600.24384 36.9722900390625 42.27777
0 1075.6216125488281 266.95258 37.550201416015625 60.80548
0 1076.7666625976562 368.55936 27.221649169921875 48.809387
