0 1348.2825 322.0923 58.30591 73.59949
0 1349.8241 392.53265 51.698242 77.53137
0 1286.5115 233.80257 44.104614 70.90318
0 1191.3141 190.94878 103.61401 71.63478
0 1295.229 524.4308 69.28259 67.01074
0 1326.7577 659.1228 44.346313 47.85547
0 1225.9473 293.8997 75.2041 78.97818
0 1260.5508 427.8059 57.512085 79.757965
0 1228.677 617.8944 81.07666 58.066895
0 1197.5717 362.47717 79.59851 64.08688
0 1155.1694 251.08237 53.38977 67.02115
0 1188.5986 417.60297 89.26892 93.92215
0 1179.4523 513.5302 104.44995 91.29089
0 1069.6976 317.62585 81.51282 133.52765
0 1040.7926 256.3326 61.756958 76.424225
0 1089.8574 470.0223 83.60913 80.31906
0 1036.8738 616.16876 111.58862 64.14746
0 998.1128 526.543 138.49622 88.695496
0 972.159 163.54112 82.03656 86.24376
0 951.44385 438.11884 92.802734 80.833984
0 879.3904 334.74237 123.34796 80.71347
0 894.29297 556.3151 64.092896 61.417603
0 847.4623 522.4397 91.07489 77.99548
