0 45.9713134765625 -116.31029 57.6455078125 81.469025
0 91.3126220703125 -150.99217 110.2249755859375 93.72255
0 -69.2861328125 171.8923 65.650634765625 78.651886
0 -112.15869140625 302.94418 44.4832763671875 55.76071
0 50.3336181640625 -49.504913 86.5711669921875 95.62041
0 -5.530517578125 85.182 68.1971435546875 92.16074
0 -50.75146484375 282.55234 76.177490234375 72.43561
0 52.3433837890625 28.59016 87.0738525390625 81.31406
0 148.8353271484375 -65.614365 64.7867431640625 79.269104
0 22.071533203125 85.3946 103.5108642578125 113.88848
0 -10.787353515625 183.79237 116.170166015625 114.10405
0 157.091552734375 21.409506 107.626220703125 153.24667
0 236.941650390625 -26.982338 74.64459228515625 90.54945
0 103.05078125 170.82622 95.37255859375 98.91762
0 81.9244384765625 330.0715 115.6405029296875 87.66815
0 114.21875 243.18462 145.4451904296875 118.01189
0 307.44671630859375 -106.08572 94.28729248046875 104.209076
0 227.1082763671875 178.90323 102.98089599609375 101.04996
0 297.35162353515625 87.372055 129.80242919921875 106.829025
0 269.6011962890625 324.3626 72.71844482421875 75.57193
0 292.30340576171875 297.70758 100.8677978515625 97.841064
