0 153.75017 -4.6011744 46.495148 85.31297
0 128.40598 121.05414 44.013077 69.400635
0 100.983925 169.25523 64.18734 84.453766
0 179.71902 59.220078 47.614914 83.757095
0 81.15352 235.7567 68.89615 117.2292
0 63.07308 339.98242 79.55426 116.97302
0 184.7234 150.13264 80.03792 163.533
0 244.31596 95.84353 54.865982 95.630745
0 143.1709 314.93124 71.42963 103.87668
0 127.408165 488.53458 86.39533 89.820526
0 151.24321 391.87662 107.351944 121.21402
0 298.56998 5.874754 67.26813 108.20898
0 236.59596 317.58652 75.47508 105.192474
0 288.93304 214.28044 95.28714 109.68404
0 268.1915 470.0388 53.5466 79.072784
0 283.00244 441.4421 74.329895 101.90762
