0 1229.0852 74.37128 74.188965 59.294083
0 1214.4176 -27.177557 68.10425 83.54585
0 1222.1663 185.20059 73.463135 89.52643
0 1114.1049 -48.53301 96.49304 80.96373
0 1235.7527 460.19766 59.687256 58.00815
0 1185.3174 336.4509 91.43848 104.066345
0 1135.7667 89.078186 91.72229 82.22847
0 1098.371 273.14093 76.5791 68.897736
0 1113.2683 232.39946 57.748413 38.789963
0 1057.7812 413.58533 94.654785 70.71796
0 1051.9957 -3.8683517 82.60608 87.727066
0 1048.4913 110.99649 84.36609 80.66647
0 1026.5897 199.39137 90.31128 85.67943
0 1003.44116 31.44207 43.33008 74.583405
0 928.79926 -16.001396 94.2876 77.04587
0 983.623 333.02484 64.557556 71.28015
0 996.25555 472.15738 41.714417 50.757355
0 944.12573 94.317894 74.8197 84.25317
0 961.8161 233.20744 55.497925 84.12425
0 916.0752 424.28235 73.94806 62.370575
0 912.3987 160.98662 73.14984 68.55234
0 891.90515 44.860992 50.964905 70.83526
0 894.69556 219.73753 83.79132 99.69292
0 879.2909 317.72827 96.556885 97.39575
0 804.5465 111.99571 77.22034 140.10617
0 789.8835 45.34506 58.86389 80.78812
0 808.68256 269.24973 74.54205 85.11807
0 749.8774 417.35373 97.75006 69.2431
0 719.2616 324.65845 125.47211 95.687805
0 737.41455 -50.626404 82.6615 93.28594
0 692.04114 230.5093 86.87219 86.35979
0 639.83575 123.01027 113.28229 87.15076
0 632.7411 354.37823 59.67639 65.34766
0 590.0563 313.122 84.06659 83.27432
