0 -53.6556396484375 380.00638 85.8035888671875 93.09662
0 -6.943115234375 491.44885 85.9317626953125 99.32483
0 165.1572265625 823.54553 48.8792724609375 64.076416
0 25.6744384765625 546.5996 102.93505859375 98.35181
0 37.68212890625 410.37177 81.4188232421875 89.41638
0 53.875 604.9328 116.8585205078125 126.290955
0 100.24853515625 691.0182 139.705322265625 136.594
0 122.573974609375 440.42523 142.0958251953125 167.91522
0 139.01708984375 365.93756 93.6063232421875 102.34604
0 176.9239501953125 603.9358 116.6834716796875 117.03088
0 275.128173828125 728.5634 132.6395263671875 113.68286
0 240.8924560546875 621.35266 167.3538818359375 148.87164
0 140.1126708984375 240.763 113.02880859375 118.72098
0 284.93878173828125 510.60034 122.53125 120.283875
0 272.478759765625 372.95972 149.14532470703125 133.83374
0 422.6685791015625 602.41144 87.9371337890625 88.76788
0 423.53033447265625 551.1286 120.185302734375 117.09656
