0 213.01166 255.26979 36.55243 79.74678
0 169.93607 464.64648 54.292755 86.9411
0 155.35976 551.72705 62.961517 104.272156
0 235.52708 327.8833 73.06453 156.2938
0 287.96487 259.4612 53.598602 89.02652
0 214.07115 507.76486 65.96117 92.81467
0 213.24915 683.75555 97.35971 73.37628
0 232.9464 580.8925 114.32994 101.49512
0 333.97656 160.75693 71.47516 97.304596
0 320.92557 484.61694 79.353424 93.48016
0 367.4666 368.01926 102.9035 92.4827
0 383.12103 628.9458 55.350586 71.206116
0 401.19144 594.29895 76.80142 90.11981
