0 656.85754 65.769 84.21808 71.9837
0 624.6346 -60.799564 112.099 98.7731
0 575.7653 135.17812 99.5694 97.200226
0 542.36115 3.155831 95.974304 84.94648
0 525.80133 -217.02011 139.48999 119.27875
0 500.58545 -103.45496 116.32855 123.177505
0 398.72147 283.33368 95.12396 109.7175
0 381.98193 2.8147469 130.3778 123.464935
0 404.6167 -45.293194 100.378204 69.264595
0 319.6849 127.35853 119.99109 96.49958
0 334.27078 -146.03918 135.53986 83.63965
0 353.81778 -248.13669 116.2366 104.45549
0 277.54984 -26.178303 121.789734 111.179565
0 253.31007 -270.6479 119.843 100.06726
0 209.37022 260.07095 96.930984 75.45575
0 182.91595 121.276634 140.11533 128.27158
0 218.616 -131.19241 126.52054 103.46255
0 153.9708 58.362988 72.75726 81.04907
0 171.24487 17.917616 67.99283 49.057266
0 119.67339 215.38243 34.424385 48.668747
0 220.50328 -220.2393 44.906662 81.75821
0 193.13126 -87.15301 26.16307 54.835045
