0 1101.5938 568.8848 108.85974 117.13318
0 1137.37 521.60724 89.60608 77.28851
0 1040.7162 675.2825 117.96619 107.79895
0 1092.0476 391.04907 126.18237 99.910065
0 1103.9215 296.3616 115.191895 112.78668
0 1030.3053 509.03384 110.601074 114.25174
0 1010.7296 241.25075 123.98901 113.47597
0 943.7875 782.1732 102.60986 89.02478
0 928.3997 644.19586 127.832825 132.00604
0 978.2204 384.84247 119.85077 112.580536
0 875.2667 548.9485 100.15625 94.21301
0 917.09344 515.85364 70.539856 59.256775
0 779.8966 669.2147 118.336426 103.52429
0 927.0691 260.36453 113.11255 113.63687
0 880.46185 372.2189 112.14148 108.05612
0 822.23816 447.2844 119.78998 115.06961
0 864.28094 273.14825 70.130554 85.17136
0 806.7108 195.89212 120.38379 109.03723
0 731.9053 560.2379 89.423645 91.23633
0 698.31213 699.9873 59.55847 63.158997
0 775.6136 311.1427 105.979065 108.089966
0 741.44104 454.45364 85.52289 98.88736
0 630.4497 619.34515 95.14221 87.252625
0 722.9262 360.86646 96.70709 92.44644
0 746.011 239.91278 76.101685 85.06131
0 669.8099 412.7228 118.76898 124.83646
0 618.86145 501.9424 130.26392 128.21078
0 603.70935 272.14203 126.4613 157.58649
0 635.37274 197.32475 87.50885 97.32677
0 568.13666 424.59164 102.99072 107.1857
0 457.84122 543.64935 119.66348 102.950806
0 450.19986 440.96832 157.59958 138.97089
0 612.01056 82.52594 117.71692 120.20752
0 461.2709 337.38248 117.16202 114.44379
0 447.8123 210.9133 143.14548 126.44101
0 359.1014 434.47644 82.45709 83.85199
0 323.24338 374.34338 112.8327 110.253265
