0 982.2437438964844 202.63837 74.89369201660156 57.66971
0 1019.5106506347656 103.64124 97.97447204589844 79.20597
0 1020.2713012695312 286.60037 85.3717041015625 78.88022
0 1093.6376647949219 188.50587 83.73847198486328 67.35362
0 1128.2193450927734 2.8204794 124.49208068847656 94.13102
0 1138.8867492675781 106.486206 102.34453582763672 101.281555
0 1146.629409790039 465.86975 77.8195915222168 90.88757
0 1208.7184448242188 233.7772 112.3618049621582 101.36302
0 1233.7690811157227 192.2732 91.36509704589844 51.9057
0 1242.3194847106934 359.1844 106.56891250610352 75.020294
0 1290.922613143921 127.49949 127.90081214904785 61.00315
0 1320.815731048584 34.646774 101.11317825317383 83.06464
0 1322.2563171386719 245.27463 105.60873413085938 88.67459
0 1415.9498138427734 51.27905 66.76918029785156 68.33809
0 1324.042625427246 508.01596 86.5711441040039 58.237274
0 1347.4094314575195 392.5853 108.0212631225586 101.37799
0 1400.1757354736328 175.41412 74.8861083984375 77.96449
