0 330.30835 122.35101 69.14667 69.802246
0 254.238 25.167803 93.27066 96.73555
0 315.69592 217.75423 83.145905 94.231064
0 228.71797 122.051674 80.09041 83.8395
0 123.01985 -64.384315 111.014404 116.09572
0 161.19862 37.554176 97.996414 120.75216
0 280.15192 424.22205 83.339325 107.91577
0 138.42767 188.99156 98.38223 113.30638
0 122.69234 150.62144 72.508255 65.58975
0 155.05101 327.64203 99.02333 95.40616
0 31.161245 82.17666 103.45536 81.271385
0 -4.496044 -4.8744063 97.17926 103.067635
0 55.294655 211.64812 102.02007 109.67348
0 -84.449936 16.274632 99.32247 98.86479
0 138.22879 490.1451 85.76805 76.732635
0 68.44811 368.85373 109.690544 123.87109
0 -35.091427 150.07861 104.60744 102.25836
0 -9.388369 352.34445 79.842064 83.02719
0 -9.533611 318.0916 62.206566 51.343872
0 -0.9302413 505.97958 95.52336 88.4227
0 -130.04593 92.558945 89.06346 102.74567
0 -101.27724 216.94974 95.77799 98.48416
0 -91.98584 302.52112 95.12929 102.26901
0 -156.92519 153.62991 52.976685 81.98622
0 -219.48389 122.80624 81.672134 86.43473
0 -87.17626 462.42206 70.200134 82.97211
0 -37.904003 606.7036 46.386787 58.22351
0 -187.97697 238.84204 79.846596 90.48581
0 -139.67767 373.20258 72.17828 96.14331
0 -86.79239 579.00836 47.045986 61.395996
0 -165.31795 324.79224 39.728165 59.913025
0 -150.31163 376.2898 44.094322 94.71124
0 -117.75771 485.3406 21.659966 43.16269
