0 -82.4964599609375 123.485016 61.253173828125 94.385315
0 -75.08349609375 257.0252 62.1617431640625 87.1333
0 -57.1044921875 333.96255 67.2769775390625 92.73782
0 -13.72216796875 154.70538 43.019287109375 81.120224
0 6.84326171875 98.89522 86.96875 87.58598
0 4.521484375 472.62573 60.989990234375 79.297485
0 19.895751953125 622.3027 39.7659912109375 56.128296
0 17.361328125 214.8619 67.6146240234375 92.95659
0 24.9376220703125 364.1385 54.2113037109375 92.00391
0 60.04638671875 567.7097 68.3594970703125 70.72107
0 46.4127197265625 286.41907 68.15576171875 77.10892
0 80.5045166015625 161.00111 49.283447265625 77.793945
0 54.5167236328125 346.04117 79.709716796875 110.39627
0 64.2977294921875 449.67172 90.5029296875 108.9888
0 134.488037109375 225.75801 79.5208740234375 152.54692
0 161.4287109375 155.64737 56.841796875 88.78099
0 140.95166015625 393.5673 73.14013671875 95.020355
0 181.8978271484375 547.6649 91.41876220703125 80.1582
0 177.759765625 446.41666 115.1995849609375 109.418365
0 183.634521484375 48.195053 73.90435791015625 101.68465
0 233.0782470703125 345.3792 80.4891357421875 96.559814
0 249.0784912109375 225.97571 103.01678466796875 99.36017
0 315.393798828125 469.2717 56.33636474609375 72.73538
0 325.93768310546875 427.18646 78.6771240234375 93.302
