0 187.55712890625 107.21064 24.2396240234375 61.017937
0 225.5843505859375 -73.58395 54.15386962890625 83.62989
0 200.41845703125 16.58882 70.61553955078125 97.59906
0 114.382080078125 373.66196 80.911376953125 89.12094
0 222.311279296875 138.39105 84.0006103515625 91.026794
0 255.2022705078125 95.91266 65.46063232421875 48.768036
0 218.7022705078125 263.7562 88.2425537109375 72.56372
0 312.89605712890625 26.068693 95.8314208984375 56.993248
0 356.8560791015625 -59.96142 78.626220703125 80.26315
0 308.99554443359375 144.65242 73.41131591796875 84.89839
0 432.7149658203125 -55.343052 87.880615234375 76.02438
0 251.4727783203125 400.32748 77.600341796875 56.815613
0 302.4166259765625 289.34436 84.43072509765625 98.02222
0 391.359619140625 70.91668 83.756591796875 77.26072
0 400.87457275390625 249.36816 69.94012451171875 64.746185
0 414.82659912109375 213.05951 52.177734375 36.314987
0 390.69091796875 386.13135 85.83941650390625 66.30667
0 488.51922607421875 0.36544672 76.010009765625 82.58026
0 468.7734375 110.37869 77.2528076171875 75.855316
0 463.9560546875 192.6619 82.66839599609375 80.56268
0 560.0335083007812 44.269737 41.0751953125 70.459175
0 586.9344482421875 8.22168 85.78497314453125 72.32251
0 495.90765380859375 327.6942 59.517333984375 67.12219
0 481.257568359375 456.83035 38.6544189453125 47.826385
0 565.7727661132812 112.65202 72.5458984375 79.69571
0 541.3868408203125 240.21864 52.13751220703125 79.41136
0 530.075927734375 421.45172 67.361572265625 58.569183
0 588.3075561523438 178.44872 66.92364501953125 64.4501
0 644.3265991210938 75.07451 47.600341796875 66.826584
0 579.3406372070312 237.27339 77.55084228515625 93.92839
0 560.4347534179688 329.20874 88.6297607421875 91.63638
0 677.2837524414062 151.62407 70.98681640625 132.15059
0 725.5109252929688 91.99852 54.9359130859375 76.21921
0 653.2261962890625 297.91306 66.12493896484375 79.91019
0 654.9539184570312 443.37152 86.21868896484375 64.663666
0 673.6564331054688 361.2742 113.86874389648438 89.74338
0 764.135498046875 11.3328 80.99346923828125 89.34295
0 747.3456420898438 279.85815 80.58984375 81.329926
0 790.9880981445312 188.10207 103.99002075195312 81.85899
0 798.8497009277344 411.40317 54.99444580078125 61.53116
0 825.07763671875 374.86984 77.10061645507812 78.33591
