0 1019.5767 290.37158 57.814636 88.42032
0 1012.67786 245.65385 58.198364 46.664474
0 1010.9425 406.60593 73.26294 69.69287
0 937.88257 159.03122 86.90576 53.52356
0 920.3619 73.1318 67.36749 78.325676
0 949.3693 275.7094 61.37683 83.34204
0 837.3495 71.88029 76.90747 73.48757
0 980.06335 539.7005 66.355835 54.146484
0 934.33655 426.68857 70.96521 96.26364
0 867.68353 201.30727 72.73651 74.98357
0 854.4467 382.34885 60.710754 62.8425
0 861.25806 343.80127 46.695007 34.569122
0 834.34576 520.93695 76.051636 63.612854
0 791.48834 123.84597 64.55066 80.85256
0 798.29816 235.90126 66.55072 73.87044
0 788.02423 321.09518 71.287476 78.42209
0 751.61 166.11192 31.859741 70.22218
0 685.1228 128.7266 75.30304 69.79532
0 764.8675 455.95145 50.25647 65.82883
0 786.7292 587.84247 32.144714 47.11145
0 708.6452 233.80109 59.58142 77.96503
0 737.8025 364.43277 41.61316 78.83829
0 715.75885 550.83563 58.915955 56.63269
0 686.6059 300.88507 57.800232 62.69632
0 660.1268 193.64099 38.65564 66.1492
0 679.6243 359.50195 64.71875 92.42856
0 676.6556 454.154 75.812256 89.484375
0 598.8772 268.43555 55.23004 132.09256
0 574.721 207.29437 44.71869 75.40274
0 612.29596 418.3478 56.712463 78.69351
0 576.0755 566.3921 77.866455 61.958008
0 541.9289 481.38925 100.675964 86.21835
0 521.672 122.62641 66.09955 86.799355
0 510.52567 396.28915 68.6705 79.29404
0 455.8815 300.4481 91.32297 78.60547
0 471.8153 525.2735 46.49463 60.322815
0 431.58884 489.0199 66.111725 76.41632
