0 -50.852146 -41.653126 59.1315 89.832794
0 -69.73931 125.482414 56.43056 83.89846
0 -47.5447 309.13266 52.944 70.118256
0 -51.45949 269.35254 50.285316 38.428406
0 -36.29567 469.75906 81.26788 70.95169
0 3.1370325 7.564154 79.21891 91.32087
0 -7.850777 140.31631 81.31896 83.2617
0 6.0774293 233.78893 87.08041 88.37755
0 86.0729 50.645485 40.232475 79.86703
0 113.78558 4.8265734 91.49809 78.38472
0 68.322266 384.30527 61.78418 74.40445
0 69.409615 537.2884 39.7045 53.324463
0 112.28411 123.263405 69.25445 88.00289
0 104.6077 275.2877 52.057602 89.532745
0 120.32721 492.46973 71.652405 63.651917
0 138.66638 201.40623 70.57207 70.63695
0 190.78351 75.11124 48.10231 75.037186
0 141.32048 266.09534 79.86 104.60321
0 139.30884 376.02295 92.83498 100.97049
0 245.39914 155.17274 73.00409 150.42702
0 283.60645 84.78733 55.60504 85.51908
0 233.70973 329.04007 72.99428 89.113434
0 261.1588 498.11655 96.82068 69.41904
0 268.38892 397.4236 122.06271 96.65402
0 319.68674 -18.02141 76.009766 96.73674
0 342.18588 296.89102 82.98483 89.40744
0 373.82706 181.78392 109.423706 88.0916
0 421.5005 436.48993 57.13788 68.17105
0 439.44867 397.04962 80.896484 86.20526
