0 998.7777 90.2983 79.45776 74.05781
0 904.0312 -8.526441 107.39105 102.94182
0 988.6546 189.79935 95.08063 98.56064
0 882.50977 96.046036 92.226135 89.152115
0 754.0199 -79.93836 112.3902 117.80295
0 805.6324 21.14232 97.47821 121.31729
0 963.54114 399.18808 109.63391 116.8024
0 787.226 168.8757 113.467834 119.7294
0 763.13556 130.85664 83.2973 70.49513
0 813.0597 311.0247 113.87756 102.05414
0 653.4287 68.824455 118.63904 88.3941
0 606.3209 -15.323796 105.07556 106.99023
0 707.0234 195.10759 100.40729 110.139694
0 514.45215 11.283764 114.2793 105.50232
0 815.9059 473.41672 98.526306 82.547516
0 732.0124 363.58752 115.568115 127.0639
0 586.99335 140.08391 110.03082 105.50464
0 630.7113 343.632 91.930115 88.328674
0 623.12274 307.2671 65.82172 53.56604
0 648.63586 494.91006 109.78674 94.87045
0 470.32983 93.12478 102.73218 108.56193
0 514.20703 212.89417 102.54523 102.02875
0 529.93463 297.89972 109.592834 108.553375
0 441.38315 162.17198 61.487457 85.244934
0 350.3396 129.4175 111.11746 101.042984
0 547.0846 459.79593 81.01013 87.53732
0 611.3 600.75037 53.591675 61.20746
0 408.71863 239.44368 100.77649 105.452225
0 482.0325 370.99387 81.55057 100.02231
0 517.416 575.4076 87.664856 81.17291
0 395.4544 318.89642 98.17432 90.61627
0 342.72562 221.7209 67.828064 83.53334
0 407.66052 383.54788 114.159 123.32913
0 440.8358 482.4284 118.71268 121.797424
0 288.09924 319.01 106.848755 157.33826
0 239.03046 264.369 78.06775 95.46387
0 350.73016 477.4891 89.268036 102.02438
0 357.18982 642.12726 108.173645 92.693054
0 288.29797 554.46484 146.04834 127.68567
0 149.95793 183.4398 113.33266 119.001205
0 221.70766 483.57034 111.36241 110.11868
0 129.58504 391.9915 134.1815 116.80029
0 218.66933 644.7969 74.740585 80.38074
0 154.40639 615.1649 102.95122 104.53369
