0 424.8050537109375 187.50827 44.899169921875 70.05267
0 460.49932861328125 150.07364 87.67974853515625 75.32182
0 342.11932373046875 452.7929 46.2205810546875 65.48053
0 310.717041015625 571.61096 31.91571044921875 46.819336
0 430.259521484375 243.24063 67.97686767578125 79.90964
0 389.7760009765625 369.11798 51.77947998046875 78.627106
0 358.805419921875 547.6221 56.066650390625 58.527893
0 432.9696044921875 312.45193 69.04986572265625 66.37607
0 508.85064697265625 219.51431 50.8232421875 67.117615
0 409.57794189453125 364.89157 81.576904296875 95.178894
0 386.626953125 455.41965 91.95758056640625 93.864044
0 519.0382080078125 293.29993 83.96807861328125 131.89966
0 580.8433227539062 244.3527 58.5816650390625 76.60167
0 477.54638671875 432.1188 75.52960205078125 82.0452
0 463.9097900390625 575.253 92.45697021484375 68.97089
0 488.385498046875 494.57947 115.86260986328125 94.04413
0 636.2444458007812 167.0989 73.9652099609375 87.01878
0 577.8924560546875 426.70987 81.45361328125 83.10147
0 632.2515258789062 338.83963 103.2745361328125 85.34091
0 615.1793823242188 550.9042 57.44012451171875 62.67334
0 632.8834228515625 524.84534 79.88299560546875 80.34473
