0 -183.3665771484375 80.072845 81.0455322265625 86.88046
0 -205.3651123046875 221.50154 74.156982421875 78.936356
0 -164.9840087890625 397.70648 67.0048828125 66.63388
0 -171.13720703125 361.3916 60.9466552734375 38.30484
0 -147.259765625 536.7502 92.8094482421875 69.11096
0 -116.5465087890625 124.49268 86.498291015625 86.4439
0 -122.3482666015625 240.44385 88.5335693359375 79.50842
0 -106.401611328125 324.51285 94.7869873046875 84.451935
0 -26.29638671875 159.29045 44.7532958984375 73.386536
0 1.5572509765625 112.528366 99.2393798828125 75.99068
0 -36.3060302734375 455.46017 67.539794921875 70.22049
0 -30.63671875 592.7189 43.5289306640625 49.986267
0 3.052001953125 219.94566 76.4241943359375 82.82088
0 -0.5809326171875 356.81042 57.567626953125 82.7984
0 22.2310791015625 546.3242 77.7706298828125 61.50586
0 34.1123046875 286.7343 76.793212890625 67.57349
0 85.404541015625 172.35608 53.00439453125 69.73424
0 38.99609375 343.68033 87.4962158203125 98.18619
0 39.5982666015625 440.34998 101.2169189453125 95.97821
0 146.4232177734375 237.8144 80.9046630859375 137.96776
0 184.796142578125 173.14388 61.242431640625 79.545364
0 139.0701904296875 392.78577 79.343017578125 83.979614
0 172.7928466796875 538.79004 104.292236328125 68.465576
0 177.984619140625 447.12863 132.1954345703125 94.406525
0 219.8721923828125 77.83282 84.01519775390625 91.19605
0 253.1116943359375 354.986 90.61273193359375 85.06143
0 283.71185302734375 248.52303 118.7393798828125 85.912674
0 341.4219970703125 475.2742 62.44500732421875 64.37802
0 360.12841796875 436.49347 88.15667724609375 82.06787
