0 102.518798828125 268.42703 47.7762451171875 65.84851
0 107.1622314453125 366.58676 45.078857421875 73.72623
0 144.325927734375 666.1957 22.195556640625 51.6192
0 112.042724609375 427.37418 63.377197265625 61.962738
0 156.16162109375 320.34744 44.8448486328125 63.859833
0 116.900146484375 480.13004 65.2952880859375 89.042145
0 123.4835205078125 568.69165 84.60302734375 88.06903
0 201.75 379.3486 72.87200927734375 126.60513
0 233.0755615234375 322.47302 51.76458740234375 72.837585
0 197.7325439453125 522.1962 69.32183837890625 77.32007
0 229.2247314453125 657.2745 87.60040283203125 63.170166
0 229.484130859375 572.15265 108.055419921875 86.647705
0 262.05279541015625 233.03288 64.7154541015625 81.74049
0 291.09735107421875 489.02255 73.9837646484375 77.85776
0 312.41229248046875 389.8299 95.77142333984375 78.70178
0 363.51385498046875 595.6473 51.9849853515625 58.998108
0 373.25433349609375 565.02325 72.969482421875 75.23718
