0 909.479 236.09341 73.66882 73.83365
0 805.493 169.84627 100.93878 101.678085
0 939.7799 324.89395 92.98926 94.997894
0 825.64294 265.73666 87.05499 87.82721
0 656.86084 133.96587 116.51868 118.20615
0 733.4871 219.14601 107.19861 112.64595
0 995.97125 514.58405 104.78082 108.2923
0 774.25385 350.81827 112.00598 114.78647
0 740.0757 325.09418 73.74817 72.61636
0 844.21014 466.501 103.58087 103.070465
0 638.7345 287.4902 99.17023 95.37042
0 566.01715 227.23862 104.47052 105.92728
0 714.4646 394.24814 107.75879 109.95886
0 508.1529 271.1441 105.45099 105.50195
0 903.3454 612.0119 86.809326 85.318054
0 797.7883 530.28705 116.56653 120.332886
0 606.622 369.68353 107.41638 107.56445
0 712.34705 543.2903 86.513794 87.18555
0 692.6831 515.1621 57.876343 56.492065
0 783.0883 667.66003 98.145935 97.01245
0 498.57495 354.48898 101.48755 104.03641
0 575.19824 450.1905 101.19037 102.11542
0 620.2111 524.4029 104.72131 106.11548
0 495.47336 431.08054 70.61447 75.835236
0 420.23358 415.0897 101.78931 101.55698
0 688.0422 668.31134 80.96399 83.32495
0 787.2674 782.37445 55.169373 57.334778
0 500.8142 502.37143 99.033936 101.34158
0 603.0964 606.00604 88.56653 92.9173
0 710.06177 774.95044 81.00995 81.09302
0 517.8097 571.48 92.6756 92.39105
0 437.40692 507.619 72.77902 76.62308
0 548.60706 625.95636 117.76495 120.515015
0 613.569 708.06274 115.48749 117.7655
0 433.30167 601.8225 127.19449 137.94537
0 375.363 566.8661 86.848816 90.61932
0 539.7293 729.0265 91.93463 95.54974
0 604.3443 863.06213 96.32208 95.06244
0 522.7777 796.79675 131.284 130.04602
0 272.62354 504.27716 116.32117 118.2569
0 443.2869 758.33 109.81711 110.65704
0 374.0306 692.2136 86.685394 89.68408
