0 869.08295 296.01834 64.50342 57.727295
0 814.2951 180.81812 86.062195 81.27533
0 824.76355 391.99844 73.55878 81.82364
0 761.91187 267.26096 73.61511 70.741974
0 698.0768 51.205235 102.071594 97.92601
0 707.63116 162.41829 83.38318 108.90517
0 727.5464 587.32776 70.57489 98.34198
0 642.48444 307.6784 86.61224 99.59061
0 637.95123 258.29282 70.43915 51.36017
0 616.94006 453.77435 94.060974 77.31445
0 557.95685 170.87358 105.048584 58.13678
0 545.08606 65.04246 88.82843 87.48353
0 546.07574 304.9977 92.71045 93.65161
0 453.7386 63.610775 93.17584 81.447586
0 555.52924 610.2251 83.636536 59.704956
0 518.5362 468.49194 92.46161 107.9328
0 466.1204 215.00659 98.8226 83.49661
0 437.02524 420.38983 73.59061 69.84326
0 448.53363 380.5876 60.470123 37.974213
0 399.4868 581.51276 92.06827 70.13989
0 384.435 119.94305 78.35458 90.37948
0 376.98575 256.44962 88.68991 82.412445
0 361.72025 348.01984 86.44733 87.33002
0 338.8961 159.58405 38.90924 79.42433
0 259.61935 121.58469 91.204895 77.2686
0 321.98346 502.17355 61.026093 73.673615
0 335.3748 655.86615 39.06317 52.87207
0 269.0233 242.57077 77.27362 87.34451
0 291.30576 392.8238 58.750366 89.0744
0 257.27835 608.32654 71.381134 62.780518
0 227.0765 315.28525 83.37854 70.0004
0 225.22485 189.56297 44.733612 73.37727
0 233.26276 383.5889 71.11908 101.79541
0 240.72891 499.8172 57.855713 76.0647
