0 546.0009 287.4588 62.500183 57.724518
0 492.45102 168.67233 83.419586 81.083084
0 503.64374 381.21695 71.61969 82.2576
0 440.05997 253.9597 71.365814 70.59053
0 380.04608 36.591953 98.96069 97.70256
0 392.8396 147.39885 81.08545 109.039536
0 409.84863 575.70416 67.16461 99.248535
0 326.8671 293.38168 84.12338 99.586395
0 322.42368 244.6978 68.14917 51.04164
0 304.91705 441.66367 91.068756 76.98184
0 243.76372 153.48128 101.461716 57.465424
0 232.3728 47.965366 86.13342 87.32335
0 233.88416 288.83194 89.918884 93.50931
0 143.2455 42.499706 90.25571 81.169846
0 243.12708 596.95416 80.90411 59.31317
0 203.47824 453.55347 94.63675 107.96527
0 156.77644 196.69087 95.699036 83.15959
0 129.23222 402.71942 71.33411 69.682556
0 139.44954 364.98138 60.157898 37.64279
0 93.80761 566.33734 89.08941 69.75549
0 76.00305 99.050865 76.09631 90.367744
0 70.40263 237.94608 85.95448 82.20001
0 56.44821 326.95395 83.844345 87.19742
0 34.34573 139.72107 38.100147 79.791245
0 -24.860895 97.169586 72.45279 73.15671
0 19.032904 482.77457 59.29718 73.70792
0 31.752798 639.5585 38.01632 52.943115
0 -24.116917 224.28564 68.7798 78.98596
0 -10.380597 373.36594 57.249916 89.300354
0 -11.197814 594.24384 37.751694 56.621155
0 -21.223969 307.13358 29.110817 57.878265
0 -19.308064 362.00104 22.62655 99.43854
0 -15.1518 481.02762 12.268242 44.652557
