0 665.9502 -58.709183 91.541016 96.64102
0 769.02344 24.920115 83.47583 88.03732
0 857.56793 168.44107 73.039795 76.28137
0 840.8066 139.80452 55.091125 53.85434
0 917.98615 275.52298 89.37598 89.51553
0 651.6921 10.704485 94.50482 98.76918
0 724.7016 86.8579 92.16632 94.84791
0 763.8257 153.98772 98.33423 101.0791
0 644.7416 84.03907 63.473938 71.0584
0 568.60693 71.75349 96.6319 97.17361
0 819.04785 282.41473 75.17651 79.01721
0 912.94305 378.1377 50.856445 54.219208
0 647.30536 144.55965 86.776245 91.753235
0 744.38135 234.85077 75.7478 83.32709
0 834.8692 379.17996 76.72131 77.51254
0 669.47974 208.34222 79.23651 81.30145
0 583.6669 158.17055 66.43689 72.19551
0 697.0731 250.65408 101.06036 107.39014
0 748.04407 318.06573 107.95361 111.9725
0 576.2879 239.69482 117.44342 132.14917
0 522.8359 216.69795 76.240234 82.70116
0 673.7548 341.69406 89.07092 93.86191
0 728.80896 462.84604 95.75659 94.187775
0 654.7337 404.82758 125.25336 124.69525
0 431.57867 173.21794 95.47113 100.97044
0 578.5936 382.54922 96.205444 99.64169
0 479.3847 329.26968 113.07141 112.77948
0 617.0035 514.1993 69.22821 72.67682
0 568.48517 500.0848 93.24786 96.46188
