0 -136.48987 -14.399875 53.037697 87.189125
0 -148.41698 155.05278 64.335785 73.647736
0 -127.43369 311.34042 52.17073 68.03119
0 -113.03627 460.11142 83.73463 70.611786
0 -82.25666 23.957254 84.31919 89.660385
0 -92.04736 150.31941 86.32233 82.27115
0 -74.91265 235.55966 92.42093 87.37012
0 4.4971895 61.84717 43.56441 76.74245
0 32.624046 14.361358 96.78892 78.31236
0 -6.914827 374.54547 65.83245 72.8927
0 -2.8036249 519.2519 42.42896 51.988464
0 33.561626 126.64579 73.599304 85.970695
0 28.518824 270.72116 56.063927 86.441315
0 49.31569 472.64978 75.85635 63.44153
0 62.218964 198.54204 74.87834 69.88771
0 114.156906 78.37765 51.633026 72.694664
0 66.1969 258.50006 85.268936 102.073975
0 66.515015 361.04077 98.67798 99.43652
0 172.32341 149.08516 79.38721 144.39995
0 210.78043 81.83606 59.66031 82.90529
0 163.61316 312.72162 78.02817 87.263336
0 195.73851 468.42557 102.311905 70.26877
0 201.08278 372.10333 128.9457 97.09668
0 246.46819 -17.94473 80.71074 94.404816
0 276.06638 275.8862 88.11725 88.08823
0 306.60956 164.47562 115.5242 88.38162
0 361.4203 403.48495 60.867584 66.81641
0 378.97354 364.47562 85.94864 84.98984
