0 -187.542236328125 568.56946 58.3851318359375 75.25244
0 -242.2138671875 356.15237 90.6529541015625 106.44992
0 -210.623779296875 449.09735 109.702392578125 125.06702
0 -88.9224853515625 834.9733 118.839111328125 121.20703
0 -112.4639892578125 544.5222 122.9293212890625 124.389465
0 -108.7720947265625 494.70062 89.09375 75.36487
0 -42.3360595703125 663.69904 122.1734619140625 108.23523
0 -87.58203125 377.05243 126.1087646484375 96.337494
0 -87.9940185546875 277.62228 113.5693359375 111.617645
0 -13.77734375 503.1004 109.0408935546875 113.89862
0 -2.3682861328125 230.46106 122.8065185546875 111.446106
0 76.981689453125 778.1282 105.312744140625 88.36279
0 69.9312744140625 637.94684 125.524658203125 131.36572
0 29.973876953125 377.4735 118.4979248046875 110.898254
0 149.2862548828125 547.405 99.01611328125 92.819885
0 138.06103515625 514.2782 70.2620849609375 57.593506
0 222.51220703125 674.781 117.5543212890625 101.12451
0 95.6134033203125 254.90448 111.295654296875 112.75421
0 140.6337890625 370.35455 110.678466796875 106.7449
0 186.3370361328125 448.2575 118.25311279296875 113.63452
0 199.886962890625 270.69052 67.93463134765625 86.04355
0 206.7213134765625 196.78877 119.30792236328125 106.95155
0 303.195068359375 568.6038 87.88916015625 90.681274
0 364.219482421875 710.7048 58.35821533203125 63.01062
0 249.2159423828125 315.44293 106.78314208984375 108.61044
0 301.52313232421875 461.67654 83.2115478515625 99.48184
0 397.4493408203125 631.9899 94.221923828125 85.71222
0 312.7957763671875 366.65067 95.4990234375 91.244354
0 311.1524658203125 244.64462 74.2578125 85.30661
0 343.87847900390625 421.94522 116.46087646484375 124.443146
0 379.08868408203125 514.725 128.369140625 126.94812
0 405.118408203125 283.70963 120.336181640625 158.72147
0 412.81402587890625 206.60292 85.42364501953125 97.561874
0 460.90667724609375 439.91895 99.03631591796875 105.83911
0 549.88623046875 566.01917 117.284912109375 99.588806
0 523.4874267578125 462.1266 156.47857666015625 135.88129
0 407.08868408203125 92.91797 119.43023681640625 121.72424
0 553.4585571289062 357.27887 116.20220947265625 113.52899
0 544.7740478515625 231.57509 142.9735107421875 124.04173
0 689.0377807617188 463.8009 81.06219482421875 83.313416
0 697.9578857421875 400.94763 111.254150390625 109.092285
