0 715.03516 380.4128 69.86163 47.759552
0 737.1523 287.8434 89.75543 65.89383
0 762.573 454.3235 78.33264 64.841736
0 814.526 354.9428 76.64844 54.559265
0 825.6556 187.97661 117.76135 75.763504
0 851.23627 274.2263 96.1012 83.89737
0 907.6744 600.07916 70.10547 76.31488
0 935.39746 381.6664 102.23279 76.16232
0 949.69775 341.90494 84.14209 39.991974
0 980.4863 492.978 86.283325 57.0571
0 985.66266 275.6486 69.98895 43.35788
0 1008.5717 196.13676 46.479065 60.884995
0 1033.6943 386.71014 30.786987 56.016357
0 1061.0114 616.7372 14.180298 36.94995
