0 799.8126220703125 249.57353 72.06301879882812 74.809616
0 886.087890625 198.15257 98.82449340820312 101.91655
0 733.7591552734375 328.224 94.57693481445312 95.23529
0 864.070068359375 293.36734 85.426025390625 87.88394
0 1017.0679016113281 180.42413 119.59663391113281 123.510864
0 935.4754943847656 264.96945 112.58412170410156 108.96976
0 630.7938232421875 519.8274 103.7425537109375 100.768555
0 859.2658996582031 381.7105 118.62106323242188 120.9126
0 942.6163635253906 363.38452 74.84494018554688 81.619354
0 784.0419616699219 489.2809 99.61627197265625 104.772736
0 1026.850845336914 346.29205 91.79508972167969 102.32666
0 1094.5902862548828 298.86917 104.62776947021484 107.26651
0 915.4367065429688 445.87704 110.91036987304688 113.30295
0 1142.4858093261719 354.42395 102.22377395629883 106.582306
0 719.7308959960938 637.3171 80.7208251953125 86.220215
0 795.9620361328125 566.6986 126.2950439453125 128.3722
0 1023.5286560058594 436.8057 106.31341552734375 111.381195
0 909.1602783203125 599.83185 84.75930786132812 87.35132
0 960.0199584960938 575.48114 56.9600830078125 62.64319
0 801.2447814941406 713.36676 93.46798706054688 99.368774
0 1133.488265991211 445.36603 101.9260025024414 102.2168
0 1041.0917510986328 527.10815 100.86570739746094 104.26105
0 976.9918212890625 597.4197 103.42144775390625 105.65161
0 1171.921241760254 527.6171 46.6905517578125 43.23523
