0 338.66119384765625 120.81422 61.8497314453125 55.953056
0 378.9263916015625 30.675407 83.0020751953125 78.325836
0 354.55126953125 205.67351 71.95965576171875 76.45119
0 423.75390625 111.58203 71.12860107421875 67.98778
0 483.92254638671875 -57.20076 92.98284912109375 93.11319
0 476.95306396484375 35.259903 72.3260498046875 98.26346
0 408.53387451171875 379.6768 76.8482666015625 90.18286
0 507.4755859375 160.54654 85.4498291015625 93.25394
0 537.958984375 122.100235 66.31768798828125 51.81871
0 509.339111328125 283.1319 89.48175048828125 76.27133
0 586.8356323242188 59.220776 96.9093017578125 62.313602
0 624.73779296875 -23.866194 83.55889892578125 83.30344
0 586.919921875 169.66814 83.8216552734375 88.18153
0 698.0404663085938 -11.371735 89.160888671875 79.49382
0 547.3150634765625 420.03906 78.6026611328125 60.48169
0 587.9913940429688 311.86566 85.9676513671875 99.87344
0 665.322265625 107.7749 90.49639892578125 81.28642
0 683.115234375 283.4971 71.0111083984375 67.25568
0 697.3239135742188 249.11346 53.72845458984375 39.062134
0 680.4365234375 416.00247 86.9923095703125 70.16727
0 761.3380737304688 46.48234 77.32546997070312 84.591736
0 744.41650390625 155.87718 82.58477783203125 79.11597
0 745.37744140625 233.44696 83.98385620117188 83.28964
0 831.09619140625 95.38443 42.102569580078125 70.008865
0 860.1011962890625 65.15292 87.02035522460938 75.822876
0 782.6254272460938 368.7459 60.576507568359375 68.5444
0 773.7367858886719 494.52173 39.3880615234375 48.506958
0 844.540771484375 163.90125 76.0654296875 81.96576
0 822.4519958496094 283.45886 60.263702392578125 80.6998
0 819.1779174804688 464.9031 68.3465576171875 61.210968
0 867.322021484375 227.2672 79.47659301757812 68.79802
0 922.5343017578125 133.79024 48.608795166015625 67.18425
0 862.2004699707031 285.0888 90.43191528320312 97.487854
0 851.3843688964844 377.03482 90.10479736328125 94.24768
0 961.715576171875 210.35359 71.26564025878906 130.46056
0 1003.2898559570312 157.99622 60.7777099609375 77.53087
0 945.6672973632812 355.8414 65.61355590820312 80.85422
0 952.1184692382812 495.53403 85.8756103515625 68.38699
0 966.7656860351562 417.14264 115.41998291015625 94.75867
0 1038.463134765625 74.70989 91.97268676757812 93.76775
0 1032.48486328125 346.24432 90.18191528320312 85.33032
0 1074.4516296386719 257.305 63.25895690917969 74.911285
