0 839.3693 -285.2728 111.39868 107.9572
0 956.7722 -221.78941 104.08069 100.910675
0 1056.4077 -84.81544 89.65234 86.81651
0 1037.1315 -108.91151 65.667725 62.851753
0 1123.6874 11.48363 107.94922 103.75567
0 820.90845 -204.59581 111.49817 108.1781
0 902.4544 -141.28659 109.01233 105.42511
0 947.2249 -79.51214 116.32855 112.4738
0 810.0684 -116.63983 74.0376 72.924225
0 719.14954 -119.48884 114.70471 110.40689
0 1007.8707 49.315163 88.62537 86.08988
0 1115.4606 132.4714 59.81958 58.284912
0 809.8673 -57.028347 102.42804 99.613235
0 921.60626 18.91016 88.62036 86.94357
0 1021.93567 147.99954 91.01318 87.685715
0 833.11774 6.119975 93.76276 90.62198
0 734.28406 -22.502542 77.888 76.20704
0 863.8297 43.681202 118.918884 115.78714
0 921.12 101.077065 127.526245 123.532326
0 721.42316 64.23338 136.698 134.80946
0 659.18677 55.174206 89.401306 87.437256
0 832.42346 149.07051 104.77655 101.843185
0 891.8244 261.52264 113.88696 109.14133
0 805.69324 213.72952 148.90698 143.03818
0 552.2829 27.864714 112.78827 109.69394
0 717.3465 215.48692 113.738464 110.14003
0 601.3293 178.77115 134.47449 129.22067
0 757.9683 352.38968 81.62213 79.267
0 700.00385 345.6765 110.19446 106.68347
