0 842.7888 244.73344 59.5235 45.375107
0 874.5536 160.38795 79.48413 63.238647
0 873.1241 312.33917 68.659 63.732117
0 934.1336 225.86084 68.013794 54.965942
0 965.32715 70.703125 96.3241 76.24306
0 983.44836 154.76308 66.10547 82.16385
0 967.4317 461.57794 63.61371 75.3194
0 1020.0939 261.29245 90.829346 77.47064
0 1041.7832 225.32729 74.35156 41.516525
0 1043.7224 368.77588 86.62756 60.79654
0 1093.331 166.13068 97.759766 47.685547
0 1118.2495 91.59263 82.11426 67.85517
0 1112.9307 265.00925 85.75232 72.5112
0 1198.2899 94.8027 85.915405 63.73725
0 1112.7567 487.1394 75.229004 47.431335
0 1134.6055 387.27097 94.98425 83.456665
0 1180.4075 203.66434 91.0614 65.51846
0 1227.7579 356.4596 67.97266 54.31665
0 1228.731 329.22256 58.26062 30.837006
0 1243.8792 475.6542 84.6759 55.52487
0 1274.2965 142.17195 72.71045 69.37169
0 1270.3015 240.43658 81.88208 64.19147
0 1285.2416 308.687 79.95935 67.61636
0 1348.5562 177.66476 36.83557 59.3582
0 1370.8192 147.17229 16.589233 29.198914
0 1340.4972 433.54022 28.71228 44.06662
0 1345.8672 537.9709 16.776611 32.154602
