0 553.8921 391.5294 74.1543 46.78238
0 488.38687 308.95346 99.0607 65.77829
0 507.8239 466.9705 84.65015 64.90524
0 436.35223 377.4222 84.7641 57.16739
0 353.27365 219.94725 114.86719 78.96159
0 368.15466 304.20538 91.116 85.61856
0 407.0158 619.0019 86.02881 76.967285
0 301.11642 414.91684 100.13739 79.35724
0 293.467 378.35263 80.71228 42.63513
0 274.96085 524.16785 107.98038 63.374573
0 201.50377 318.16516 119.90416 49.943268
0 181.64244 240.21228 101.150345 70.46741
0 195.48778 418.33786 103.900925 75.15106
0 79.90494 246.59354 107.08588 66.37845
0 217.90726 645.30786 95.80051 49.67871
0 174.7642 542.95654 99.87529 85.411194
0 99.57824 356.58313 111.72437 68.14435
0 75.46706 512.9549 84.71408 56.501648
0 86.78644 481.34708 66.32161 31.894012
0 38.86834 632.35394 105.55566 57.949158
0 5.3774986 293.1145 90.5961 71.98532
0 1.8042417 393.09067 100.71077 66.70004
0 -12.540307 464.1845 99.64566 70.27789
0 -45.716957 331.914 45.848152 61.27603
0 -136.75343 303.90747 104.75957 63.159424
0 -50.09967 583.1044 70.64248 58.496826
0 -29.618448 697.25104 45.370354 41.65802
0 -119.15065 393.79868 89.30176 69.6702
0 -88.26422 503.7656 68.471375 69.72653
0 -121.32068 665.2782 82.04708 51.135864
0 -162.85745 449.10678 95.75422 57.268402
0 -177.02626 361.09262 54.915855 58.168976
0 -182.80145 500.50714 110.01527 83.1344
0 -179.68762 585.1001 106.197754 79.905396
0 -270.50516 425.68692 75.8678 114.74344
0 -303.4441 375.6504 73.503555 67.035706
0 -264.70844 558.9235 75.55594 69.45422
0 -264.7232 686.34937 49.546158 43.528076
0 -289.872 622.9559 65.82376 56.871277
0 -313.9444 303.99268 48.49237 65.298645
