0 820.4928283691406 406.33868 71.96542358398438 61.021454
0 875.0898742675781 344.70078 97.17599487304688 84.042694
0 818.6363525390625 481.8705 86.53125 79.63675
0 911.7056884765625 425.6348 83.45547485351562 72.644684
0 994.0593566894531 299.91855 115.67111206054688 100.62485
0 967.8375549316406 374.92426 102.45158386230469 100.25464
0 849.0950927734375 647.1793 88.13092041015625 88.67615
0 985.7462768554688 493.12778 102.70069885253906 95.6929
0 1030.5602264404297 468.921 75.36106872558594 59.310272
0 967.1828308105469 594.308 103.02890014648438 84.65027
0 1093.107177734375 429.8265 107.29454040527344 76.91495
0 1139.0752716064453 373.10416 101.28744888305664 88.98346
0 1067.4768829345703 526.2249 106.36058044433594 94.337524
0 1217.9433059692383 405.4702 103.39965057373047 86.89108
0 992.9565734863281 723.14124 89.12310791015625 69.615845
0 1042.9969787597656 642.8127 111.18067932128906 103.66412
0 1159.749252319336 496.46283 108.86999988555908 90.352905
0 1154.8410873413086 650.05444 83.18632507324219 72.07361
0 1175.5069580078125 624.8934 63.39280700683594 47.268127
0 1127.2669830322266 761.8014 99.31949996948242 79.397095
0 1273.9028100967407 474.7664 92.98419857025146 86.74002
0 1235.853614807129 561.8769 99.76881408691406 85.76105
0 1224.8570098876953 627.35016 99.17667007446289 87.96765
0 1340.440357208252 532.3299 55.70078659057617 64.66284
0 1375.2947692871094 518.29834 100.53518676757812 83.51831
0 1243.6117782592773 752.0489 73.32778549194336 69.61328
0 1214.5413284301758 854.52893 48.51728057861328 48.12622
0 1343.4377212524414 598.4719 91.20807647705078 84.425415
0 1298.3133182525635 694.29675 75.5975170135498 78.35797
0 1264.888503074646 842.53 79.00947284698486 65.9458
0 1359.1181259155273 661.63 79.2359390258789 68.84119
0 1426.5658569335938 593.6838 50.64891052246094 61.506165
0 1337.0511779785156 706.1787 79.09519958496094 85.910095
0 1319.2817878723145 783.552 59.16086959838867 60.52826
