0 232.13127 239.79329 65.48863 61.1429
0 171.53455 150.9171 85.22705 82.924774
0 210.28926 324.94534 75.997665 80.5867
0 139.95238 236.50957 72.55087 69.61281
0 50.684265 68.25275 108.646835 98.44675
0 74.3347 162.2075 93.408905 102.920425
0 146.89357 504.7117 72.131226 90.70889
0 34.87081 291.61996 97.49499 96.32889
0 24.817444 254.36223 75.4015 56.082016
0 33.541447 413.0834 90.47066 78.750305
0 -43.670418 194.5904 93.8629 65.0668
0 -66.96027 118.19517 81.35193 81.29264
0 -20.2294 311.40067 69.50012 80.10245
0 39.281006 556.2485 52.290527 51.931335
0 13.895622 458.0809 35.85265 62.1091
