0 1081.1798 274.46835 52.79297 77.30328
0 1002.60864 -18.04352 92.369385 57.92624
0 985.2249 -120.87243 77.005066 87.76541
0 1006.7601 113.69741 70.05499 93.98769
0 892.0837 -129.04 87.65021 81.54451
0 1030.2068 423.2109 69.27405 59.526917
0 980.3152 292.2075 81.322266 108.555756
0 919.35535 23.368843 82.98224 83.53937
0 894.31384 233.61078 69.26648 70.027435
0 904.9405 187.66628 53.060547 37.74524
0 863.8086 395.35925 86.533325 70.033905
0 836.9756 -71.838326 73.8667 90.88811
0 838.9194 58.860092 76.007324 82.59726
0 822.7273 158.81644 81.40607 87.64949
0 790.93146 -26.659615 36.931274 80.35103
0 717.98267 -71.57572 85.7879 77.31554
0 789.3011 313.73312 57.554443 74.13382
0 807.4046 468.19614 36.89087 53.278168
0 738.55316 51.160606 67.68164 87.79749
0 763.69147 204.53941 48.02655 89.86879
0 729.32654 422.74805 67.15088 62.862244
0 710.7968 128.65479 65.99066 70.026215
0 686.3634 0.7312817 44.511414 75.18604
0 698.7362 196.77888 74.23657 104.43056
0 689.90454 308.0164 86.66809 100.3363
0 611.05005 85.30513 64.57648 151.42009
0 589.60486 12.274425 51.475403 85.66548
0 619.8943 261.49228 65.44696 88.818146
0 571.4063 433.83908 88.89404 67.990814
0 537.48895 333.60822 114.58295 95.06134
0 534.58826 -88.81584 74.995605 97.57175
0 506.8944 230.75687 78.326965 88.823
0 451.01923 116.686646 103.76599 86.69461
0 456.7143 377.447 53.237427 67.90735
0 413.60236 334.52664 75.55365 85.615204
