0 1124.718994140625 125.37051 84.9054946899414 62.99395
0 1131.7305297851562 25.048754 109.85421752929688 84.860435
0 1190.377830505371 182.59146 97.29099225997925 81.429016
0 1229.0007667541504 73.623085 93.57269668579102 71.204216
0 1209.2507553100586 -102.11515 141.20982360839844 101.53559
0 1252.8921966552734 -18.543253 119.54077911376953 103.70025
0 1374.6450958251953 289.13727 90.82240295410156 90.09021
0 1364.3675994873047 63.318405 125.46287536621094 98.17308
0 1372.3711395263672 25.523613 98.87611389160156 59.381622
0 1436.0845336914062 158.94057 117.48898315429688 81.54373
0 1401.3395919799805 -51.99914 110.4365463256836 66.08248
0 1410.3154754638672 -128.8058 90.43115234375 78.29396
0 1472.919937133789 47.937157 74.00273132324219 75.370735
0 1546.7998352050781 272.61835 52.337677001953125 48.098755
0 1550.3829956054688 178.44766 26.69183349609375 50.05197
