0 590.1359 312.07166 77.10321 66.86005
0 511.4863 237.45921 102.31125 90.83299
0 566.7654 393.16428 91.57434 87.37137
0 478.00638 328.2578 87.49429 77.69916
0 366.55405 179.47531 127.73959 110.26062
0 402.79752 272.92346 110.936554 110.19388
0 505.05374 580.2916 88.39926 95.40057
0 362.2455 397.83524 119.76816 112.31381
0 347.67447 368.06747 90.13638 67.117645
0 368.46558 513.8843 108.70871 90.13129
0 248.77693 327.71277 122.16518 83.953156
0 221.64243 257.45004 106.07669 95.24106
0 268.7506 437.2084 111.26599 101.04385
0 144.72441 291.85214 99.86221 92.02869
0 346.98474 663.53174 87.64169 71.00464
0 268.7985 571.46234 128.03351 116.51001
0 183.1603 400.04315 106.053024 91.14502
0 237.75743 572.16846 39.826065 53.79431
0 225.84093 540.00653 34.77025 35.585754
