0 430.09695 268.2248 74.55908 62.245056
0 379.58905 143.49191 97.72009 86.045746
0 370.2293 360.68085 84.809204 87.03583
0 310.10913 232.4079 83.541016 73.37842
0 255.10185 4.9064827 123.87483 101.830765
0 254.40483 128.52138 101.12843 112.579636
0 229.59995 554.36615 76.82791 102.39551
0 159.25279 267.07462 111.73595 111.07184
0 162.28444 214.81714 91.80896 53.97339
0 117.8152 411.6824 106.64435 80.4545
0 75.21691 127.2011 128.21368 61.442787
0 81.63867 13.212233 100.821686 90.701904
0 50.980473 262.85382 105.24571 97.051605
0 5.500346 10.834 80.18664 87.06645
0 37.787373 576.5339 86.71507 62.086914
0 -8.57181 434.0122 120.999725 112.076904
0 -2.5763893 169.1373 88.39438 85.46068
0 -8.925137 380.58926 14.257805 40.06888
0 -7.048137 334.94742 15.802658 36.015717
