0 496.6711 588.9784 79.98117 83.57904
0 396.56558 516.792 105.76047 111.255005
0 519.3495 685.72797 97.92255 104.35785
0 407.75522 625.34515 89.353455 93.76373
0 242.23578 476.5622 130.82663 136.00189
0 309.152 571.87885 122.79294 131.61261
0 547.16 906.60956 100.96332 110.49121
0 336.30582 722.4673 121.63928 128.22845
0 306.31995 693.9591 83.65646 84.35022
0 395.54303 852.44385 106.85785 110.429504
0 222.00262 654.44836 93.273224 93.98761
0 159.58011 593.4393 92.78685 99.42029
0 299.61304 780.0368 83.598785 91.85358
0 477.62796 1014.21234 55.59134 60.12726
0 403.01636 934.4289 45.670227 54.367065
