0 -135.1865234375 461.07996 65.842529296875 57.88086
0 -101.614013671875 103.04555 82.012451171875 74.83244
0 -118.0521240234375 208.29366 91.374755859375 69.4474
0 -96.2081298828125 275.20752 90.5589599609375 73.14615
0 -11.5528564453125 132.02165 45.60302734375 63.858887
0 19.7684326171875 91.00822 102.64501953125 66.46934
0 -28.997314453125 388.76627 69.5382080078125 61.26523
0 -27.4447021484375 508.31406 44.743896484375 43.57376
0 18.97265625 183.58403 77.04443359375 72.10199
0 10.66748046875 302.67902 58.8653564453125 72.09497
0 29.2298583984375 468.18802 80.4248046875 53.784515
0 47.500732421875 242.32149 79.2823486328125 59.032852
0 105.9840087890625 142.77286 54.314208984375 60.749146
0 50.41015625 291.11136 89.9578857421875 85.61914
0 49.232666015625 375.1862 104.375244140625 83.79617
0 166.25732421875 198.86761 83.483154296875 120.13187
0 208.989990234375 143.26631 62.7734375 69.29233
0 153.7236328125 333.6553 82.90966796875 73.367004
0 185.4925537109375 460.42947 109.11065673828125 60.06424
0 192.62255859375 380.37354 136.86737060546875 82.637085
0 249.4666748046875 59.619965 84.350341796875 79.02991
0 275.29168701171875 300.5602 93.04052734375 74.23538
0 309.8494873046875 207.35356 122.39288330078125 75.15593
0 364.3759765625 403.63263 64.3023681640625 56.171265
0 383.11236572265625 371.1063 90.9345703125 71.66193
