0 1301.6332 177.37857 47.33716 80.21469
0 1311.3235 310.44452 47.544556 63.38159
0 1309.2766 365.46698 73.37207 73.91574
0 1252.3772 234.2581 49.346313 78.156815
0 1315.0465 435.5201 72.35559 108.70975
0 1301.7765 544.63635 87.976685 105.20398
0 1182.5891 320.0163 77.47327 156.50787
0 1149.9175 253.02754 57.073486 89.08507
0 1213.0917 498.7317 79.2688 93.18878
0 1175.8295 677.31525 104.50073 73.131165
0 1136.5446 573.1052 127.5365 101.48529
0 1080.8878 148.20609 72.150635 99.23439
0 1084.3423 476.36932 84.85791 93.419556
0 1010.2895 359.30154 112.6994 92.392334
0 1040.4153 621.1555 59.133667 71.18701
0 998.5847 587.77844 83.97681 90.13599
