0 320.4099 67.768814 102.334015 104.32791
0 388.6954 43.0475 70.776184 72.40939
0 246.29683 146.93451 106.15474 108.597626
0 475.56485 16.478996 94.581696 96.917625
0 544.7165 -21.183811 98.61163 100.656235
0 384.6107 110.18531 98.14218 100.08335
0 602.3754 28.9947 101.635376 103.86828
0 196.71338 274.806 83.269684 85.201904
0 277.46353 222.09067 113.31308 115.55377
0 493.52203 104.59489 99.8858 102.032326
0 396.0711 252.07878 83.54712 85.34041
0 446.37372 228.93866 54.816803 56.10904
0 304.76776 355.1696 94.28769 96.438354
0 603.9412 106.4571 98.46515 100.46076
0 525.5599 181.40068 94.99884 96.99605
0 468.7247 246.54459 101.28134 103.41638
0 634.7047 186.88628 69.40759 70.58467
0 678.90875 175.58719 98.03302 100.20563
0 416.71136 373.86545 78.63794 80.20993
0 336.06018 466.1559 53.734283 54.771454
0 594.95374 246.1593 93.344055 95.2128
0 496.29645 332.7056 81.814026 83.269806
0 388.3188 469.81964 78.09009 79.802795
0 577.3535 310.76584 81.50946 83.234924
0 681.0164 264.67844 71.13562 72.443085
0 517.1189 353.61264 106.522644 108.59555
0 448.7716 416.06015 111.88635 114.195465
0 618.1497 350.36484 127.30945 129.41159
0 723.95746 329.18185 81.52307 83.02847
0 541.4238 447.50073 91.63782 93.435425
0 463.4453 564.19135 94.25708 96.43536
0 514.0668 511.16992 126.19537 129.05511
0 797.7488 289.9956 103.85535 105.93216
0 622.3955 493.08368 100.18384 102.26581
0 712.65717 446.05438 114.79596 117.39429
0 590.97345 627.767 72.35449 73.805176
0 620.95135 616.0202 96.45929 98.46271
