0 1216.8729 -18.825966 99.7124 89.86913
0 1149.912 -102.536415 103.39087 111.98395
0 1281.2529 97.57934 102.156006 115.71439
0 1055.1656 -75.40926 116.29675 113.99292
0 1445.8285 368.7391 75.14526 78.4176
0 1338.3932 264.6373 121.24048 135.24017
0 1153.0577 49.89744 112.67554 113.60339
0 1227.2396 256.5491 94.171875 95.091675
0 1214.2717 217.68532 65.68628 58.59172
0 1274.1913 407.64026 110.564575 103.15314
0 1029.515 8.028801 107.01465 115.942856
0 1092.4657 122.28505 105.66724 109.49397
0 1124.8285 217.31203 112.84766 116.55257
0 1007.3209 86.8876 67.668945 89.26047
0 916.57214 58.193886 112.80347 109.328606
0 1165.068 382.77194 84.73059 93.3132
0 1254.4695 522.2182 56.62793 64.95697
0 994.1738 166.54756 99.37146 110.04027
0 1089.9703 301.24414 82.06384 102.969055
0 1159.3623 504.239 89.25549 87.68146
0 1004.075 249.75606 91.06195 93.56227
0 920.3935 156.99496 72.76782 88.16684
0 1025.723 312.11813 112.85339 128.25104
0 1069.2725 410.28494 122.99182 130.38058
0 891.01013 258.10806 123.12805 166.05075
0 834.58636 209.29881 83.63672 100.820816
0 980.47675 411.24905 98.57135 110.35037
0 1014.7414 577.4821 112.32208 102.59314
0 936.7407 491.30078 147.34802 138.6753
0 735.31213 133.45387 110.04059 121.965515
0 858.91016 430.927 110.27753 116.10718
0 752.20123 342.80533 133.50238 126.03064
0 879.10614 596.93256 78.096375 85.71289
0 819.46906 568.5211 106.466736 111.9986
