0 725.184326171875 407.35294 91.84628295898438 92.67667
0 810.9369201660156 334.50327 121.69976806640625 123.3291
0 678.796875 511.49146 112.82052612304688 115.36029
0 817.1046752929688 454.16818 102.96560668945312 104.192535
0 960.0758666992188 300.36194 150.438720703125 151.32697
0 891.9855346679688 401.55673 141.17404174804688 144.92911
0 643.6305541992188 752.81445 116.2877197265625 121.02545
0 861.7627868652344 565.3261 140.16781616210938 142.27185
0 939.7445068359375 537.1612 96.48109436035156 95.09454
0 811.1901550292969 703.278 123.18203735351562 123.39374
0 1026.599136352539 500.20798 117.03096008300781 114.52829
0 1098.0486450195312 438.7368 117.55056762695312 119.45572
0 947.9212341308594 634.28375 107.32159423828125 110.69238
0 775.6836242675781 879.22723 75.35003662109375 76.52203
0 869.3228759765625 796.1961 68.82037353515625 73.960754
