0 908.88947 -283.3882 98.40411 99.98752
0 999.61676 -239.35597 86.1933 82.82614
0 1106.7059 -173.0377 71.19971 64.31582
0 1222.8339 -78.58175 60.924805 58.358345
0 1026.1766 -193.5821 85.01318 85.61562
0 925.8027 -194.17451 72.22803 69.025826
0 1065.4517 -172.59047 109.29785 106.6637
0 1119.3925 -123.335464 116.107544 115.81846
0 924.63696 -121.18283 130.85938 121.459274
0 866.82 -113.3279 82.844666 79.307175
0 1038.6171 -66.11335 98.441895 97.309235
0 1107.9034 22.907953 103.69202 108.54717
0 1026.9686 -10.801409 133.48523 137.95612
0 765.9524 -119.958435 98.56006 95.90605
0 940.58716 16.459248 102.67468 102.39676
0 830.29816 -1.22893 119.593994 123.23852
0 987.2523 134.59184 74.66211 73.67462
0 941.0347 133.2057 100.23041 100.21777
