0 352.86304 457.9869 87.38324 88.57614
0 232.6256 409.53052 117.735214 118.836975
0 382.00732 546.8467 110.500275 110.10443
0 252.64691 521.78937 100.70206 101.63953
0 56.98003 406.92618 144.34177 146.43393
0 146.37866 493.8771 137.53241 136.06296
0 434.87152 767.20575 115.996765 113.09735
0 185.94572 634.1918 142.86992 142.79785
0 148.96721 617.63153 92.8385 96.74713
0 263.5319 750.1664 119.71448 122.33777
0 32.61952 607.924 119.91133 126.80542
0 -44.323193 560.0535 122.96669 123.866516
0 115.59478 718.70184 129.94684 130.63037
0 -101.386375 632.3895 117.75949 118.06775
0 330.97464 918.6045 95.1145 97.60724
0 202.50145 848.436 149.73119 150.46332
0 6.3549376 720.7997 119.50221 121.32941
0 152.40843 897.97156 61.38095 57.612976
0 120.96919 869.9854 43.99028 43.291077
