0 844.648 472.75394 74.76361 75.927155
0 870.4008 367.24582 102.53851 103.90198
0 741.1881 499.597 94.6723 95.33148
0 789.839 383.7606 88.45593 89.57135
0 869.3133 215.28107 117.75653 118.890686
0 802.38776 291.73523 108.81006 108.08969
0 547.4655 548.7482 107.37219 107.59717
0 673.0633 326.6118 114.08374 114.71466
0 731.7526 292.68817 74.65375 76.40079
0 577.02924 393.65182 105.0224 106.99225
0 732.30475 188.39995 100.02838 103.403305
0 774.19086 116.66218 105.90527 106.976616
0 626.2753 263.21677 108.87372 109.6236
0 721.7031 54.132763 107.008484 108.75734
0 456.7821 448.5423 87.85718 89.98584
0 491.60623 342.95132 118.87314 119.138
0 636.05444 151.80792 108.52643 110.22159
0 496.86893 253.88373 87.89096 89.04245
0 549.90497 234.8454 58.427246 60.014984
0 372.81128 320.68076 99.409424 101.56818
0 639.06824 40.888958 103.37384 103.93329
0 556.0605 115.83108 102.44928 103.7008
0 485.06592 158.60042 106.47992 107.61244
0 589.35815 35.161377 72.4751 71.31385
0 568.7687 -43.67716 103.24835 105.06307
0 372.60355 222.75769 82.52588 82.824524
0 297.13486 320.6049 56.326996 56.2807
0 494.51627 36.38329 100.852936 101.47916
0 414.4982 137.75917 90.55383 90.08545
0 269.95428 240.60727 82.21341 83.53717
0 435.34247 50.68606 93.99249 95.677505
0 503.52628 -29.106 74.45444 73.94865
0 360.49677 80.59363 119.317444 120.007065
0 290.0186 143.33725 117.54361 118.459595
0 353.96072 -37.57637 130.7583 128.06085
0 422.4334 -95.64315 88.10971 87.82007
0 279.48193 66.488815 93.84903 93.76747
0 153.03163 126.61722 97.53163 99.71692
0 175.0832 44.48322 133.01793 135.7804
0 443.37857 -199.88591 117.75058 118.78334
0 220.56728 -36.683784 111.563156 113.03055
0 276.94397 -121.2257 109.01337 110.19418
0 143.1177 29.62846 47.313843 46.363194
