0 1122.4119 -120.956116 65.387085 69.102196
0 1024.2898 -135.65372 113.10022 96.04196
0 1275.6052 67.362724 65.73743 66.938225
0 1354.5807 152.91618 45.77295 47.236664
0 1102.1593 -68.9635 92.79028 88.07333
0 1195.2567 20.219915 74.89441 78.32434
0 1265.867 157.4015 74.78088 67.9716
0 1113.0707 -8.9480915 90.74402 80.10162
0 1024.6566 -50.75243 71.12463 70.51376
0 1137.488 27.963123 111.184204 105.23959
0 1172.4275 94.727165 122.14636 110.135475
0 990.98883 25.694334 122.494934 129.795
0 937.2222 8.509717 81.80139 80.79599
0 1079.799 119.68854 101.499756 93.59212
0 1108.1185 235.46721 116.781494 94.659164
0 1035.2721 180.1715 148.15161 123.43974
0 838.1941 -29.630356 100.98096 95.87607
0 954.7819 166.08931 108.18439 97.52922
0 847.46606 117.06401 132.4148 110.986694
0 965.70013 291.30655 77.25641 71.3526
0 913.8748 279.2591 105.8244 94.91821
