0 238.57014 323.43246 74.82451 71.24057
0 215.52985 190.99648 98.39145 97.70076
0 165.20163 414.5741 87.754196 97.14334
0 141.59277 276.37775 83.97446 82.84598
0 132.11095 37.740208 124.05571 115.85222
0 106.02584 161.8346 106.80407 124.613464
0 4.660705 599.3865 83.71883 111.76373
0 -1.6731068 298.0687 114.21844 121.488525
0 21.223488 244.6006 87.253815 63.86171
0 -59.548416 441.81113 104.70395 92.284454
0 -36.387318 145.26483 119.785416 75.06764
0 -16.35864 32.799538 101.73974 102.16793
0 -91.04903 283.9145 106.661354 109.06821
0 -54.421402 39.525303 56.104877 71.604294
0 -153.24326 603.82733 89.64071 72.42041
0 -153.81155 456.50027 99.777985 123.46542
0 -90.5635 186.50247 65.48201 88.88684
