0 972.70715 -47.55668 69.39441 79.280174
0 1054.745 67.51814 75.70911 78.84183
0 957.93024 -4.0540967 68.673645 77.75564
0 1086.121 119.73857 89.27197 104.652954
0 1114.8937 197.87244 111.79614 114.783905
0 931.549 78.26923 123.44696 148.47198
0 877.1526 47.9738 80.68152 89.92584
0 1027.5969 204.51555 98.28467 101.23872
0 1066.1384 342.8002 112.510376 97.88837
0 993.2093 270.563 141.07758 127.977356
0 779.58856 -9.358288 97.40082 103.825806
0 910.3016 235.59283 104.67993 104.7374
0 803.0662 165.23112 126.142944 115.33635
0 930.00757 375.22794 75.32941 77.503815
0 882.1752 356.87766 102.31256 101.72797
