0 653.6827 141.27495 72.0802 56.93857
0 665.6553 40.27632 96.57385 78.51
0 706.9479 194.06259 84.967285 77.35614
0 748.42145 88.4069 82.7652 68.04612
0 738.8703 -85.12473 118.78296 95.173256
0 779.09216 2.5429244 91.69464 96.69834
0 856.1244 311.10373 80.514465 87.599945
0 856.98553 87.75884 111.48944 96.87542
0 867.4847 49.45156 87.89563 55.739227
0 912.94635 186.92691 104.137085 77.427124
0 906.0308 -31.98618 116.98242 66.91489
0 913.1816 -111.60362 100.13165 83.653275
0 959.3462 62.74827 104.79736 89.016
0 1001.0263 -133.29123 103.75751 80.236786
0 1023.98834 288.58777 86.08429 60.998535
0 1018.0316 178.54224 119.20288 102.38196
0 1014.8144 -22.559872 109.689026 82.99791
0 1109.1267 122.76341 82.62964 67.38643
0 1100.4536 95.215485 68.64807 41.977097
0 1162.0903 234.75136 87.20117 67.63805
0 1096.4191 -105.52809 85.83142 80.99695
0 1122.8862 -8.02751 78.578 75.397255
0 1159.7153 62.55104 56.036133 69.03523
