0 1012.49976 393.31085 90.97302 98.11374
0 1038.4722 352.5368 76.66858 63.3078
0 964.9109 486.79663 100.36926 88.86377
0 992.6263 243.91698 108.7973 81.004196
0 999.0314 162.51918 97.30664 93.63808
0 947.61615 346.08057 92.87213 95.34442
0 915.5602 120.34026 105.4776 93.558846
0 886.5625 582.30054 87.74634 72.969604
0 868.0014 465.13013 107.34613 110.15704
0 895.53845 243.5098 101.687195 93.07495
0 815.3315 387.69504 84.96509 77.90109
0 848.03986 358.32196 60.503357 48.38977
0 739.86334 494.1045 101.11505 84.93359
0 845.0564 140.29701 95.2807 94.58122
0 810.7028 237.44347 94.89258 89.567276
0 764.9484 303.6979 101.39789 95.35095
0 791.26105 154.30154 57.700867 72.06821
0 737.3679 91.613594 102.51697 89.79897
0 692.8008 403.94254 75.19574 76.04901
0 670.5995 524.363 49.858948 52.83429
0 717.3959 190.53163 89.120544 90.09422
0 695.9315 313.54007 70.829895 83.34418
0 608.23975 459.0395 80.92096 71.9538
0 673.9823 235.50616 81.90106 76.566864
0 687.4597 131.82121 63.301025 71.48712
0 632.6842 281.2675 99.530396 104.34476
0 593.5479 359.355 109.9762 106.49832
0 570.25946 164.32416 103.67407 133.608
0 590.4225 100.743706 72.834656 81.76032
0 545.15485 296.4326 86.40753 89.509735
0 455.83463 402.93765 102.41086 84.3035
0 444.87146 315.7493 134.5617 114.11575
0 564.5919 4.3273826 98.97766 100.20588
0 448.44647 227.57535 98.996216 94.991516
0 429.85208 121.08637 122.20035 103.846535
0 364.91226 315.087 69.363434 69.87204
0 331.57635 265.47073 95.334595 91.51639
