0 1351.4637 117.7036 76.83838 58.54773
0 1374.4298 180.50587 66.115845 108.60112
0 1391.9967 604.8953 61.588745 89.00397
0 1300.1506 316.31454 97.35669 99.807495
0 1289.8313 262.8898 79.646484 51.57779
0 1273.0973 460.2632 106.205444 77.59268
0 1186.9666 175.07988 119.04736 58.486496
0 1169.0281 68.69254 91.978516 87.583534
0 1198.3132 310.90222 84.18347 93.545044
0 1055.8828 64.40519 105.1311 81.71644
0 1222.3704 612.71936 94.57495 59.964844
0 1162.872 478.53564 96.756836 108.03601
0 1089.9115 215.27493 99.3811 83.57129
0 1062.869 420.3086 82.947754 70.048004
0 1075.3661 376.90552 63.93164 38.089508
0 1028.1824 578.1533 104.04114 70.4198
0 990.26465 119.88806 88.07007 90.564514
0 993.19214 249.75876 90.882935 82.500946
0 974.37256 345.44348 97.357666 87.5632
0 932.79376 162.79836 43.20044 79.473816
0 844.3997 116.87595 102.94525 77.53518
0 936.5299 496.88443 68.54236 73.82156
0 959.2698 648.3788 43.796387 52.959106
0 870.1288 239.08125 82.57147 87.4525
0 903.7945 389.74942 56.53943 89.03012
0 863.8598 600.9993 80.52234 62.98578
0 836.105 313.0071 78.945984 69.97742
0 806.9357 186.94524 52.58362 74.57594
0 822.37445 380.52362 88.21094 103.84616
0 813.99835 488.93994 103.4834 100.09943
0 717.3337 268.66748 73.852295 149.63553
0 688.23157 195.4829 60.841125 84.986435
0 728.2606 441.3004 76.28247 88.34247
0 671.2245 608.5779 105.68512 68.457825
0 626.9981 510.2012 137.71027 95.524445
0 619.1336 96.06522 91.88739 97.720055
0 589.62354 407.90604 94.09204 88.656494
0 519.4851 295.4788 125.34656 87.112915
0 530.5343 552.06226 63.41693 67.63226
0 475.3479 507.0646 90.256714 85.44705
