0 295.06424 201.46103 60.84784 52.161194
0 239.84926 111.13596 80.55394 71.89686
0 263.12595 275.99982 70.82797 71.927155
0 199.55812 186.61731 68.90419 61.699554
0 128.06087 18.49817 100.85794 86.117615
0 145.33682 114.42074 83.466 92.41427
0 185.47124 440.03217 66.245026 83.14514
0 93.111145 228.38814 93.04248 91.280685
0 86.31774 190.639 73.603874 47.648895
0 81.4382 343.29962 86.90915 68.77243
0 9.106525 131.21696 100.67555 55.88109
0 -1.8222636 48.11267 83.327705 76.08362
0 10.475041 238.59592 87.17244 81.21335
0 -80.34099 58.71625 88.47939 77.27637
0 41.64057 479.39713 70.40304 53.40152
0 -10.067249 374.96988 100.26068 93.74634
0 -62.163548 176.83623 91.50522 73.99971
0 -42.554718 344.41003 39.27992 55.94928
0 -47.88104 310.35648 38.05465 32.217316
0 -24.011547 481.68417 10.537796 29.326752
0 -75.128685 122.66534 11.305473 45.730293
