0 176.4071044921875 657.632 94.169677734375 88.21796
0 293.26312255859375 771.33966 90.38018798828125 89.3692
0 421.24310302734375 869.7051 79.4613037109375 77.035034
0 541.8646850585938 935.4329 98.8857421875 102.44989
0 243.0107421875 619.31573 113.35626220703125 113.35797
0 329.14501953125 709.7991 108.9798583984375 110.82196
0 403.51629638671875 750.0703 116.14935302734375 118.25958
0 326.9652099609375 609.7361 81.1568603515625 75.2771
0 314.3677978515625 516.5561 111.84552001953125 116.60486
0 549.7421264648438 811.85767 90.64959716796875 90.092285
0 657.240478515625 922.6163 62.1435546875 60.81598
0 395.83782958984375 609.47015 104.66998291015625 103.18115
0 496.9398193359375 723.56635 95.29296875 90.10797
0 660.2498168945312 827.59894 89.1907958984375 92.52142
0 468.02734375 634.4344 93.43548583984375 95.31885
0 413.63824462890625 532.2674 82.62628173828125 79.18793
0 515.1133422851562 665.98724 123.10198974609375 120.89911
0 591.2839965820312 724.52435 128.5810546875 129.6449
0 506.04583740234375 519.7544 151.27264404296875 139.67786
0 481.85638427734375 456.6896 94.66180419921875 90.89981
0 620.2654418945312 633.9824 108.086669921875 107.25836
0 757.5968017578125 695.3639 108.93551635742188 116.385315
0 692.1015625 608.0301 143.63235473632812 151.3714
0 434.05743408203125 347.52942 114.878173828125 113.22089
0 669.8201904296875 517.2506 114.29547119140625 115.38202
0 610.464599609375 398.6198 129.71551513671875 136.38
0 819.4169921875 558.4264 83.38311767578125 82.979675
0 804.1103210449219 501.17233 110.79156494140625 112.03128
