0 571.5488 265.36664 73.01428 69.670166
0 632.71106 184.67389 99.06763 96.433716
0 554.29974 357.76788 89.15332 92.0148
0 655.1057 278.72165 85.191284 83.44034
0 756.5865 115.9117 118.07623 115.58304
0 718.691 211.13988 107.342285 117.400894
0 553.75684 553.68915 93.670105 104.27789
0 715.68195 351.15973 106.40924 111.19287
0 769.4847 317.5335 75.36798 66.86673
0 684.4717 476.519 103.931946 96.2316
0 835.9312 263.6442 105.45276 85.04947
0 889.2543 188.0288 103.60205 102.38249
0 791.756 382.2043 109.01306 108.72104
0 961.3697 219.59172 104.78522 99.190445
0 688.1801 630.0898 89.002625 78.36932
0 747.0533 525.6875 112.19495 119.02844
0 889.3766 336.03033 110.04791 102.906494
0 860.2574 523.2369 84.83777 82.726135
0 889.4104 490.33496 61.683716 52.199768
0 814.90656 660.906 99.644165 89.79108
0 1004.3958 295.90588 96.36371 100.81387
0 954.0649 405.68835 101.58124 98.29956
0 931.24677 488.08432 101.65057 101.3804
0 1061.647 361.25903 60.86682 77.52554
0 1099.1421 339.8663 101.64331 95.13959
0 930.06793 637.5082 76.28888 81.12775
0 886.63007 765.545 50.987976 56.466614
0 1052.7439 439.97968 94.355835 97.992065
0 992.1997 560.6465 80.28137 92.53076
0 938.2018 745.8844 80.41968 76.29431
0 1061.0758 510.96823 92.68091 86.46854
0 1139.7728 426.15915 65.48877 76.61224
0 1028.6168 569.7751 114.774414 117.40997
0 993.5771 665.615 98.74176 102.87744
