0 817.7356 257.05328 84.57764 77.26175
0 813.2615 139.0313 114.44873 105.90364
0 720.8672 299.95844 103.88049 100.644714
0 726.11194 172.12363 98.41626 91.49704
0 760.5595 -21.89931 138.06244 127.70909
0 711.87537 68.27582 110.12134 117.22768
0 523.93866 390.93448 105.52985 109.95279
0 581.554 137.1916 133.41815 125.831406
0 623.17255 96.26975 97.15973 81.11509
0 498.9793 232.77916 120.18317 107.16713
0 586.3484 -12.099798 123.32263 99.30829
0 614.9526 -94.650536 119.65839 111.98685
0 495.55508 81.63859 125.8862 118.628044
0 532.9901 -147.99873 121.121765 109.78026
0 369.70886 311.78192 102.18396 88.075195
0 375.4336 184.0668 140.5752 134.23422
0 470.15738 -28.472548 127.233 114.28231
0 348.89328 107.01403 98.01083 90.814476
0 390.4771 85.48974 75.190704 61.840553
0 234.28741 207.00151 115.279724 100.7715
0 434.8317 -143.92638 111.169464 108.617615
0 365.80237 -46.096138 117.37073 108.13547
0 305.1423 11.946193 117.38397 110.61784
0 378.303 -137.67451 69.9147 79.679276
0 402.02417 -175.76094 47.659424 50.829628
0 220.4084 123.76839 64.85182 68.944244
0 163.35326 237.18413 42.724976 47.656754
0 337.8176 -68.71647 37.025757 45.389183
0 265.25687 33.207035 45.723694 63.710888
