0 -150.5948486328125 701.6648 88.3695068359375 87.6922
0 -192.0799560546875 619.15393 98.4656982421875 98.894226
0 -79.176025390625 785.4059 101.3258056640625 101.96393
0 -143.08984375 542.97974 111.4075927734375 110.93964
0 81.7928466796875 1001.31964 73.6053466796875 73.59857
0 29.5118408203125 877.56104 121.75830078125 122.29004
0 -76.2501220703125 660.07166 109.0250244140625 108.76776
0 70.41064453125 775.511 91.164306640625 90.958496
0 48.914794921875 752.3147 60.946044921875 60.321716
0 170.4620361328125 856.7257 104.1331787109375 103.36377
0 -59.166748046875 539.49677 106.275390625 106.531555
0 9.4000244140625 623.68933 103.253662109375 103.19684
0 73.3551025390625 676.9641 110.1324462890625 110.04755
0 27.5125732421875 535.67926 72.6563720703125 73.80945
0 21.1527099609375 454.25012 107.6375732421875 107.10663
0 202.7786865234375 750.9753 84.66583251953125 84.96301
0 290.3660888671875 862.39264 57.48919677734375 57.848755
0 87.3260498046875 547.4699 99.2994384765625 99.6936
0 168.2132568359375 663.2415 86.30908203125 87.37927
0 301.4501953125 777.7792 85.56231689453125 85.215576
0 152.103515625 577.19635 88.7037353515625 88.60492
0 116.189697265625 477.55606 75.4603271484375 76.214264
0 192.3201904296875 612.68317 114.1385498046875 114.78021
0 251.9068603515625 677.0494 121.1768798828125 121.29266
0 203.9755859375 479.1614 133.5916748046875 135.9094
0 189.9454345703125 416.09097 86.54852294921875 87.38281
0 294.43023681640625 596.7378 99.27880859375 99.7287
0 409.42901611328125 671.417 105.16973876953125 104.246216
0 359.4521484375 584.16473 139.1883544921875 138.23773
0 157.6768798828125 312.30185 109.92462158203125 110.36746
0 353.330322265625 496.22546 108.322021484375 108.37891
0 312.5301513671875 383.15683 126.18536376953125 125.3512
0 491.033935546875 552.5581 77.94287109375 78.19818
0 482.651611328125 495.92752 104.60052490234375 104.647
