0 1324.7607 146.58086 34.279053 49.2762
0 1259.3596 -9.850674 77.032715 95.11893
0 1329.4958 207.39354 61.97998 90.96068
0 1233.9818 92.3109 64.82117 82.1561
0 1131.532 -105.8279 84.63928 111.23786
0 1164.3169 -0.113558 83.4668 122.25848
0 1298.6605 407.56064 91.86047 114.342316
0 1150.7632 150.09438 95.114136 117.021286
0 1131.2958 105.77177 70.45264 66.07259
0 1172.0643 297.79877 96.09949 96.78589
0 1034.5896 30.760351 100.75342 80.41281
0 994.9185 -60.922997 88.215515 103.929726
0 1078.6525 172.49413 84.01355 108.31825
0 912.60645 -44.962814 96.33093 100.658005
0 1166.6251 466.3777 83.3501 77.185425
0 1097.4636 341.0484 96.6886 125.00839
0 977.6904 97.23319 92.609375 101.38819
0 1007.10065 308.87903 77.3681 84.91455
0 1005.6383 268.40262 55.733032 49.768402
0 1023.176 469.32468 92.776 89.311554
0 875.3935 32.484917 86.109436 106.132774
0 910.21246 158.22314 86.176575 98.709076
0 924.078 253.2041 92.11658 104.93747
0 847.19885 93.18879 50.811707 86.613655
0 772.8376 54.26475 93.72943 96.12015
0 936.63086 417.59482 67.83087 85.88284
0 990.17523 567.2641 44.755188 60.573242
0 821.8321 175.67471 83.776794 102.694885
0 885.56726 322.41815 62.83545 98.584656
0 908.8478 532.3173 73.88788 77.49042
0 814.2256 255.83955 74.44495 84.0804
0 763.6967 142.23415 56.427063 83.57733
0 821.38367 325.63654 89.44946 119.241974
0 843.8543 430.42838 99.63147 118.46829
0 719.8312 240.18378 88.49231 161.15134
0 678.4128 175.00731 64.96991 95.41957
0 769.9743 407.85443 75.1134 101.13959
0 771.07684 578.77655 91.91632 87.24213
0 711.988 486.12866 123.36609 120.49725
0 602.5088 86.69242 94.00983 115.67304
0 660.2479 400.48166 90.63751 105.56976
0 580.61896 299.7484 113.127014 110.058044
0 655.36163 565.1099 62.59497 78.801025
0 600.2681 525.07245 86.43964 101.482666
