0 92.20646 -232.69305 85.00478 86.390274
0 186.09079 -288.1549 116.444885 118.27852
0 36.52285 -141.24278 107.15731 108.679565
0 179.78589 -178.62651 100.40967 101.97416
0 342.162 -284.9998 127.367584 129.14891
0 262.2298 -208.17798 121.28989 122.58486
0 -48.320114 55.41906 125.283875 126.995705
0 205.35814 -74.91194 129.0243 130.81186
0 289.17548 -92.00419 85.210205 86.760254
0 129.89455 38.07772 119.59573 121.637215
0 381.62225 -113.53793 114.79288 117.16447
0 460.86914 -157.08423 117.35925 119.06765
0 281.7327 -8.34835 116.45691 117.9812
0 528.2396 -96.29796 121.70508 123.71159
0 80.75871 189.7883 100.3246 102.16922
0 169.30408 126.84538 134.20932 135.96
0 409.8846 -10.674599 119.32504 121.20328
0 307.05594 160.72847 99.79385 101.36064
0 364.53894 137.83284 66.164734 67.41853
0 210.09955 281.3841 113.37738 115.393616
0 540.95715 4.783426 116.9046 118.52084
0 454.2018 91.933075 113.22989 114.92973
0 394.97623 159.71774 120.7374 122.56079
0 580.5836 97.49765 81.04498 81.73538
0 632.7531 85.65536 117.49609 119.4681
0 342.41733 309.50766 93.24054 94.48862
0 257.3804 417.4232 63.48459 64.2652
0 538.3171 165.5934 114.10907 115.70885
0 432.74078 261.52612 99.63196 100.7012
0 319.41193 422.91464 93.49286 95.02878
0 526.79364 242.56862 103.325806 105.009445
0 641.5598 192.22649 83.66376 84.56886
0 460.77255 293.72714 130.47556 132.20486
0 386.05035 365.11853 133.09418 135.01172
0 585.2127 298.73593 145.86462 146.9385
0 704.42395 274.59454 95.922485 96.97351
0 501.4523 412.45343 105.78537 107.084656
0 417.36075 546.9678 111.28342 113.28076
0 472.50763 486.15497 151.63379 154.29572
0 782.48584 228.08028 128.55719 130.35081
0 597.0409 466.64636 122.181885 124.02368
0 699.4254 415.01117 139.04218 141.49475
0 572.5741 627.984 85.815735 86.972534
0 611.94525 619.5181 114.826294 116.50421
