0 1231.464 -141.78201 92.693115 77.57331
0 1164.5562 -207.1487 95.151245 93.69302
0 1288.3842 -53.81958 102.43335 100.60722
0 1056.7502 -179.2053 121.888306 103.86275
0 1448.388 153.43257 78.13501 70.36684
0 1337.0775 72.81283 124.95203 119.53654
0 1152.6674 -85.35946 117.68225 102.79529
0 1216.2902 83.36556 98.33777 86.013176
0 1205.4318 53.639652 69.6073 54.696163
0 1254.2471 204.05624 116.55896 95.16351
0 1022.7455 -102.294785 110.70996 103.13524
0 1081.3646 -14.227401 109.983154 98.43727
0 1109.1708 62.32594 117.501465 104.85545
0 994.8183 -27.360353 67.94281 76.157486
0 897.5198 -45.541588 118.38818 99.89253
0 1139.9639 201.53261 87.46094 82.70201
0 1226.1069 311.09576 58.13733 57.06717
0 973.248 38.736755 101.93146 97.11653
0 1066.0846 143.22777 83.08203 88.73828
0 1124.3988 305.20392 93.52173 79.84567
0 977.83673 108.59758 94.88092 84.277145
0 895.3849 43.91405 74.07831 76.5345
0 996.0348 157.70682 115.99817 112.88287
0 1034.4692 234.34409 127.62854 116.578674
0 855.42896 131.73224 123.567505 141.27386
0 799.32947 99.623215 85.20514 87.604385
0 939.7105 250.0307 101.960144 97.665436
0 962.66364 384.66928 119.06183 95.35092
0 885.266 318.18124 155.18005 127.64899
0 697.95953 45.47954 112.68469 107.45145
0 807.39905 282.42303 114.389465 103.90729
0 698.79144 218.18205 140.36646 115.83391
0 816.6489 424.5397 80.66058 76.02966
0 755.00055 405.73016 110.59277 100.32266
