0 175.59799 501.53275 83.461 85.44528
0 222.97223 614.1442 74.34558 78.92438
0 324.99783 719.2797 68.38782 68.9386
0 302.53058 698.8619 54.874634 50.936096
0 399.6046 797.30774 86.86978 83.076294
0 238.54248 497.03952 92.30203 92.1857
0 285.45947 581.1579 90.44092 88.792786
0 333.9312 629.3778 96.52667 94.64752
0 315.36658 500.032 60.642944 65.46884
0 316.82394 430.9529 95.47284 91.38669
0 439.91016 701.8866 73.29584 73.66925
0 503.36124 805.6218 49.367157 50.410828
0 364.1678 515.9864 84.2554 85.299805
0 421.02133 621.90735 72.79074 77.02075
0 521.6316 735.3069 75.70465 72.833984
0 415.3482 548.65857 77.82211 76.155334
0 400.23022 456.3739 64.09787 66.88434
0 444.06403 582.93604 98.2052 99.9176
0 487.81552 644.31915 105.681305 104.663025
0 472.68634 465.9845 112.15765 121.7514
0 470.7455 410.26202 73.59317 76.63599
0 535.8676 576.53644 86.93274 87.58765
0 625.1633 652.5873 95.33002 89.0625
0 589.37866 574.8009 124.111694 117.50598
0 454.45172 318.37967 92.60803 93.77548
0 600.13635 495.19543 94.17352 93.126465
0 575.8798 394.64163 111.911316 106.18439
0 714.0294 552.32227 67.521545 67.7738
0 711.03406 506.62888 91.35889 90.21176
