0 745.4765014648438 206.09221 51.02978515625 56.245895
0 770.4786682128906 87.70883 68.02313232421875 78.544556
0 776.2996215820312 292.29373 58.477874755859375 80.579956
0 825.6793823242188 169.86354 58.16888427734375 68.37108
0 846.3685302734375 -43.973747 83.51846313476562 94.64286
0 863.9878234863281 70.13871 59.590576171875 105.586296
0 869.0394592285156 483.44583 53.2091064453125 96.48782
0 906.1367492675781 208.31451 77.51956176757812 98.75836
0 921.7444152832031 157.93956 64.41348266601562 49.466736
0 931.95068359375 350.25992 74.49725341796875 74.55618
0 963.7985229492188 73.680275 86.41728210449219 55.65336
0 983.2424926757812 -31.235523 70.15383911132812 84.57864
0 988.1622924804688 204.84532 73.1973876953125 90.57118
0 1053.4509887695312 -32.408947 73.7320556640625 78.61449
0 999.2328186035156 506.67538 62.78521728515625 57.42453
0 1012.7307434082031 371.74472 82.54115295410156 104.60098
0 1044.4411010742188 114.74217 78.23858642578125 80.55168
0 1092.604965209961 319.1567 58.161041259765625 67.4913
0 1091.286361694336 279.7304 50.54856872558594 36.466278
0 1113.399154663086 477.44058 72.9915542602539 67.55484
0 1121.5832061767578 25.194786 61.714813232421875 87.54321
0 1124.956527709961 155.35484 64.30730438232422 79.837265
0 1141.830322265625 247.16185 46.61456298828125 86.05702
