0 1366.9612 289.09888 71.13281 82.266235
0 1360.7664 367.19257 76.97388 97.93973
0 1346.773 713.9073 71.36401 86.58148
0 1282.506 469.1672 95.84094 93.47861
0 1284.5759 424.3118 75.16638 51.96396
0 1245.8914 583.85406 101.1814 76.476685
0 1203.3549 339.39322 110.35657 62.50772
0 1195.9146 250.40807 89.81323 82.8441
0 1194.6329 452.31223 83.64404 86.73123
0 1097.9222 232.63763 100.68652 79.70364
0 1185.6472 702.30756 89.125854 60.652527
0 1143.962 585.0346 96.20325 100.109985
0 1111.3372 360.4327 95.861084 80.498535
0 1066.3243 524.72986 80.041504 67.42859
0 1085.496 490.82498 59.968384 39.01053
0 1018.7199 649.7322 98.516785 70.361145
0 1032.6901 270.06058 86.72864 84.787964
0 1021.9786 376.61096 88.3183 78.566895
0 994.9213 452.54742 94.52252 83.499695
0 979.12915 297.82358 46.318604 70.15585
0 907.0825 249.19342 98.32562 76.02344
0 946.7555 571.8625 67.85809 68.708374
0 952.2427 698.6117 43.981506 48.61139
0 915.00195 352.63495 81.87793 81.612305
0 928.0079 480.1542 59.006226 79.606964
0 872.71747 647.8016 77.17114 61.372192
0 878.85175 408.6673 76.53638 66.872284
0 866.8081 301.8731 53.99176 67.3338
0 855.6801 462.41348 88.27252 95.62839
0 837.0668 550.0764 101.22693 94.480225
0 771.0957 357.80386 80.45715 131.12485
0 760.44 293.97653 62.331604 76.857086
0 768.3321 500.32062 75.95703 81.47113
0 702.2557 630.0345 99.55304 68.93695
0 671.00946 544.0839 130.64777 95.01819
0 709.1906 204.11436 91.226685 91.23097
0 650.2703 455.59137 91.85657 83.99475
0 601.15283 354.9033 119.023926 86.62637
0 584.93677 566.4299 62.71167 63.025208
0 539.2333 522.4215 88.0885 80.88977
