0 970.3503 467.66574 90.72943 90.81265
0 1003.5741 372.584 101.46008 106.171844
0 882.0237 566.34216 104.467896 110.08655
0 940.96533 300.7178 114.50171 116.11359
0 742.1279 819.0959 75.7428 77.98816
0 747.7032 682.1996 125.46155 131.29504
0 872.95215 434.9145 112.11481 114.475586
0 738.87476 577.95874 93.75073 95.76117
0 792.70624 548.4311 62.525146 61.968933
0 621.40515 681.0329 106.92285 107.133484
0 859.8422 307.6047 109.443665 113.7236
0 791.26373 407.69196 106.23749 109.20245
0 717.5641 474.4021 113.307556 116.37561
0 805.37756 312.0878 75.1239 81.86749
0 777.09906 229.52513 110.60266 111.85219
0 609.6413 569.6121 87.21857 90.99176
0 546.0706 699.0906 59.27118 62.44928
0 716.16534 336.5546 102.307434 106.91089
0 644.63 469.83176 89.14795 95.98953
0 506.8843 613.586 87.942474 89.22974
0 660.13464 377.634 91.25171 93.60361
0 712.09235 263.68237 77.88629 83.15842
0 591.7664 422.12305 117.654236 123.6817
0 522.32074 500.84097 124.734985 128.92715
0 561.23206 280.0685 138.18964 151.3601
0 625.55 209.42879 89.321594 95.249344
0 502.3291 419.02875 102.303345 107.12372
0 377.03305 518.01807 107.94202 107.58319
0 394.45773 420.25104 142.94107 143.52673
0 636.0699 96.3234 113.25647 118.378044
0 433.824 321.51584 111.48825 115.05359
0 459.04886 197.63188 129.59604 130.23463
0 322.74957 398.95782 80.28723 83.68967
0 304.5887 339.63126 107.655365 111.06552
