0 546.2921 482.51196 77.72595 77.93054
0 438.23465 451.61072 105.49631 105.19177
0 566.81903 555.2773 98.8999 96.56549
0 451.04782 547.39374 90.815155 90.40051
0 280.0883 465.99298 129.1358 129.29279
0 356.44177 536.81006 118.538605 113.22638
0 609.0676 742.83624 103.84369 98.03162
0 389.10904 649.98926 126.9252 124.850586
0 356.4767 641.1433 84.42758 88.14935
0 456.10587 743.97614 108.309784 109.85089
0 251.28717 643.6053 107.875854 114.83008
0 184.4228 612.873 110.837204 110.00073
0 322.44302 732.47437 117.06702 115.82263
0 123.8766 684.74347 110.16351 110.92023
0 508.42593 890.0337 86.14786 87.92297
0 398.30612 838.416 134.8776 133.36896
0 215.60179 746.5808 115.13344 116.39331
0 319.6147 893.9209 90.26761 89.9917
0 301.148 872.3166 64.80087 68.098145
0 413.87958 991.1901 71.96573 69.13568
0 132.10246 782.51556 84.6837 77.97632
0 218.3633 852.3975 70.638504 64.3302
0 274.26553 913.3645 50.562958 42.996826
