0 36.0931396484375 233.28473 64.2958984375 67.53763
0 90.3468017578125 126.278076 86.9124755859375 94.39249
0 31.213623046875 331.05133 76.984375 91.67624
0 119.6409912109375 225.04424 74.642822265625 81.87901
0 207.6976318359375 36.501774 91.005615234375 109.78516
0 177.647705078125 140.37265 79.0208740234375 116.130615
0 38.9364013671875 535.3563 88.7825927734375 109.15564
0 179.0985107421875 286.05246 91.88189697265625 111.70831
0 223.228515625 243.62454 67.3692626953125 63.00064
0 157.45947265625 430.4794 92.128662109375 92.33249
0 283.5072021484375 172.63513 95.89654541015625 76.61102
0 332.72576904296875 80.622154 85.06793212890625 99.20385
0 254.3662109375 300.1325 81.32568359375 103.4288
0 399.4306640625 96.442245 92.46820068359375 96.03145
0 167.033935546875 589.6482 79.6822509765625 73.60565
0 221.27685546875 470.74368 93.606689453125 119.36679
0 343.7899169921875 232.10188 89.04901123046875 96.74812
0 322.40521240234375 436.56918 74.4007568359375 81.02933
0 349.86285400390625 397.73044 53.22528076171875 47.44638
0 292.9542236328125 590.27136 88.8026123046875 85.17328
0 444.0777587890625 169.52887 83.18939208984375 101.314575
0 408.3779296875 293.54385 83.00823974609375 94.20972
0 389.65631103515625 380.04526 88.7108154296875 100.15195
0 500.56689453125 228.9615 49.8858642578125 82.778275
0 534.150634765625 191.46739 89.902587890625 91.69194
0 398.3524169921875 538.6854 65.60858154296875 82.00061
0 368.1856689453125 683.21405 43.41839599609375 57.84906
0 494.91265869140625 305.6581 81.60076904296875 98.24655
0 450.73699951171875 442.19296 66.10223388671875 95.54721
0 416.56396484375 650.12463 70.93438720703125 73.92999
0 507.50152587890625 382.65518 79.4368896484375 82.478424
0 574.9468994140625 275.95697 54.98077392578125 79.842834
0 484.38311767578125 448.5721 92.45513916015625 115.5242
0 453.56085205078125 551.0576 96.11273193359375 113.08557
0 586.9561767578125 366.64673 86.7315673828125 153.90167
0 650.2568969726562 305.49738 63.27777099609375 91.15341
0 550.1942138671875 531.2508 72.3226318359375 96.43677
0 529.177001953125 697.6442 87.49420166015625 83.0661
0 554.4624633789062 606.12335 118.1402587890625 114.92224
0 693.9728393554688 218.23343 91.76974487304688 110.93561
0 636.5538330078125 523.453 90.142333984375 101.56427
0 692.8775024414062 424.35162 108.53863525390625 105.026855
0 668.0797729492188 678.101 60.52923583984375 75.237305
0 697.2539672851562 643.51056 83.34671020507812 96.877686
