0 -166.6899 297.98148 39.11943 75.33835
0 -180.45724 398.14786 49.475815 59.986145
0 -174.37796 454.96445 57.372223 63.915375
0 -108.69231 325.57275 37.849052 57.815033
0 -80.90038 290.75766 86.27602 58.28195
0 -127.96292 562.9133 58.221146 54.580566
0 -129.30916 672.77936 37.40367 38.981445
0 -83.07686 374.90698 63.630714 64.35608
0 -92.84153 484.1448 49.00145 65.017975
0 -80.42116 639.1995 67.57534 47.25006
0 -61.125313 430.7895 66.531136 52.16974
0 -8.723337 339.92355 45.293846 54.6239
0 -59.950546 475.92874 75.22754 76.51718
0 -62.18073 554.22705 87.50306 74.33478
0 40.381527 394.48608 69.8264 108.8725
0 78.12929 344.37943 52.361008 62.277466
0 26.808344 518.84515 70.033035 65.40759
0 51.465073 638.22546 92.38721 52.140076
0 58.676388 565.18396 115.12486 72.14014
0 114.69866 268.8611 69.47788 70.345276
0 131.14853 493.0054 77.803024 65.822784
0 162.08011 408.82312 102.673706 65.66708
0 204.67767 589.81195 53.844055 50.02356
0 220.22977 562.00653 76.253265 63.50476
