0 562.5179 325.00034 74.583374 64.30231
0 534.4097 212.37312 98.732605 88.02165
0 491.07956 389.64075 87.69632 86.52832
0 461.31985 272.11267 84.43161 75.30072
0 445.7924 74.2781 123.62143 105.88297
0 423.17612 177.58342 105.7551 110.37117
0 334.27118 523.8917 83.42624 97.63458
0 318.2254 273.10532 114.91379 110.67163
0 338.34457 230.00441 88.41849 61.083633
0 263.4175 384.9661 105.61575 85.385376
0 275.45444 141.07715 120.61664 73.84189
0 293.96918 48.593456 102.24786 92.61984
0 226.1224 248.98518 107.12277 98.609604
0 215.54341 29.981436 95.99455 90.21346
0 168.3553 505.86267 85.33269 66.72089
0 143.5151 380.3727 123.23932 113.77481
0 183.2015 159.0973 102.67813 87.40129
0 145.49051 331.93164 36.3833 57.781433
0 159.42084 294.87192 33.029694 35.930298
