0 364.71817 -53.96615 81.00165 79.69924
0 384.96942 -159.42503 107.13214 105.969025
0 262.73758 -22.502028 98.93045 98.94671
0 299.6291 -138.97203 90.697205 89.55195
0 363.6115 -315.1865 132.85251 130.21748
0 295.9599 -240.6418 123.57715 124.21109
0 58.276646 25.259012 101.177155 103.44822
0 162.14603 -199.00409 123.30441 122.206604
0 216.22047 -232.15489 85.9348 82.164734
0 68.802124 -128.72227 108.97516 106.269226
0 214.91393 -327.26105 104.54564 99.09973
0 254.64793 -396.31262 103.355576 102.58447
0 120.5352 -241.24117 93.75108 94.78189
0 -30.80221 -43.762177 66.269424 65.722855
0 30.654097 -128.00089 59.003113 62.83171
