0 984.9769 522.33545 107.118164 100.81604
0 1010.35876 427.8607 114.97974 115.1293
0 901.4121 621.9774 114.6604 116.61011
0 930.78485 349.82092 126.842834 122.75525
0 774.0841 871.12585 82.94983 82.0014
0 769.19543 736.8039 135.64587 137.21619
0 873.1391 485.9208 123.550415 120.71365
0 742.16113 626.4284 103.290955 100.971375
0 794.7922 598.06354 70.43799 66.06946
0 625.4286 726.6169 119.504944 113.76251
0 842.49396 352.2121 119.016785 119.183655
0 778.5254 452.36237 116.48059 114.87152
0 706.0946 517.15564 124.316345 122.46222
0 781.077 352.62796 78.574585 84.34979
0 738.2668 264.21658 122.77484 118.36911
0 597.60394 609.34406 94.54816 95.218506
0 542.20483 739.8057 63.728577 65.09851
0 685.7157 372.77335 111.010925 112.011566
0 624.5119 507.80075 94.19141 99.31802
0 488.0578 647.89166 97.38983 94.321655
0 627.1425 411.11984 100.21484 98.54462
0 670.3423 295.60034 82.86902 86.2991
0 560.3663 454.63382 126.754395 129.05746
0 493.4826 532.36237 136.18835 135.35889
0 512.2064 305.82547 143.7276 155.52863
0 567.60364 233.24832 95.139465 98.898834
0 459.06677 444.85696 110.365906 111.78372
0 330.98743 539.35675 120.94711 114.33124
0 339.51953 439.04422 159.51324 152.28854
0 564.90405 115.96264 122.95276 124.100136
0 369.57916 338.0205 121.94443 120.91797
0 380.51926 209.86945 144.60477 138.1962
0 254.2343 411.17874 87.08412 87.59738
0 227.64851 348.04953 117.710495 116.68521
