0 513.6380615234375 305.31277 69.3604736328125 46.825714
0 547.2445068359375 210.26663 92.46624755859375 66.108
0 554.9069213867188 382.10233 78.54046630859375 65.94064
0 617.5540771484375 278.84995 79.07415771484375 57.526
0 659.176025390625 104.82155 102.56451416015625 79.47763
0 672.2168579101562 194.57936 74.86865234375 87.90462
0 660.5046997070312 536.42163 82.25347900390625 79.04004
0 734.70947265625 307.58383 92.7947998046875 80.79666
0 756.026611328125 266.46243 75.92498779296875 41.953705
0 759.5838623046875 424.32944 101.23727416992188 63.021423
0 803.2146301269531 195.76862 113.49676513671875 47.769516
0 836.4338989257812 108.72732 92.24029541015625 71.04629
0 832.6033325195312 300.46942 91.65301513671875 75.93005
0 927.5451049804688 105.86137 100.20986938476562 66.32491
0 832.3569946289062 547.748 90.16751098632812 48.780212
0 866.5553283691406 435.2682 92.20635986328125 87.39868
0 913.3887634277344 225.81131 101.59646606445312 67.926025
0 970.5015869140625 390.39197 79.06134033203125 56.805267
0 975.4378051757812 355.99146 62.06683349609375 31.04184
0 995.5287170410156 516.65765 99.17768859863281 57.247803
0 1018.5762939453125 148.33492 83.93327331542969 73.32085
0 1019.9960021972656 255.94197 91.77627563476562 66.9709
0 1038.5230255126953 329.45807 92.79255676269531 70.96597
0 1112.4649505615234 182.07512 41.148460388183594 64.10147
0 1140.9129028320312 146.27821 98.13904190063477 62.95323
0 1110.736099243164 451.74323 65.32054901123047 59.736603
0 1123.486557006836 574.34406 41.72425079345703 42.817688
0 1144.6603698730469 243.50484 82.80265426635742 70.86656
0 1143.5709075927734 362.18054 62.605674743652344 72.05734
0 1174.0920333862305 535.98505 76.76396369934082 51.118958
0 1183.198257446289 299.5591 89.71727418899536 57.039734
0 1231.397174835205 200.18459 50.100290417671204 60.23326
0 1194.6846237182617 354.57672 98.43377590179443 84.292755
0 1200.482681274414 444.40237 98.62649536132812 81.07266
0 1307.4775199890137 262.8798 67.3776741027832 120.57587
0 1336.7158813476562 206.41704 63.872802734375 68.777725
0 1309.1653461456299 406.18988 69.49570274353027 71.37738
0 1343.6034660339355 537.8076 98.07172012329102 55.625
0 1348.966926574707 458.7975 131.27149200439453 77.6333
0 1363.9668655395508 118.87052 101.13362884521484 80.29629
0 1413.020034790039 378.90604 100.42112731933594 72.0578
0 1444.1084899902344 286.68082 67.579833984375 65.74542
