0 1207.3502 405.92307 93.083984 62.5347
0 1199.5312 322.8677 88.10205 82.20474
0 1188.2911 503.09357 81.97864 85.18915
0 1109.7079 294.56458 97.75195 80.03198
0 1175.2196 741.0408 73.51001 58.916626
0 1135.2738 632.3926 95.2478 98.52283
0 1115.7507 415.41284 93.423096 80.44498
0 1063.8717 567.857 78.02246 67.36688
0 1085.0237 535.22974 57.56775 39.877502
0 1011.55774 682.6936 95.05701 71.287415
0 1046.0067 325.05743 85.44763 83.798706
0 1031.388 423.5615 86.41199 78.16815
0 1001.122 495.46494 92.43695 83.11948
0 996.186 348.58206 47.552795 67.64932
0 930.60016 298.18558 95.32001 76.48782
0 948.6411 604.2814 67.03705 67.73999
0 948.3421 724.5534 43.766113 47.668823
0 932.83856 395.16165 78.65204 80.05484
0 936.21497 516.3394 59.81543 77.18671
0 876.1467 672.8168 74.94385 61.60138
0 897.3536 447.25052 74.79071 66.62302
0 889.76587 345.40112 54.315735 65.55823
0 871.4959 495.93503 87.68671 93.87271
0 847.95886 577.6498 99.38379 93.67169
0 793.4103 392.45618 84.85358 126.38995
0 791.3862 332.27704 62.635925 74.86807
0 786.75806 526.6695 77.05664 80.40869
0 718.1273 645.27893 97.28076 70.36487
0 694.9517 562.32324 126.19147 96.111084
0 749.45776 243.69064 87.123474 88.84381
0 679.4965 477.954 89.49695 83.27194
0 640.3578 379.3225 114.2688 87.45593
0 612.73956 576.5818 61.916565 62.167725
0 573.8982 534.9407 86.38202 80.291565
