0 293.3368 -100.016426 77.0506 79.7594
0 434.35013 -233.51328 109.108185 111.68275
0 357.6782 -159.00407 122.29324 125.792145
0 75.46567 119.683716 127.61459 126.76752
0 319.13177 -25.743084 131.66364 130.46411
0 398.07327 -47.445217 90.40991 84.734344
0 257.3459 90.71168 125.62805 119.43644
0 494.6316 -74.75454 124.43469 113.04611
0 573.7007 -123.53934 120.522644 118.343445
0 410.66895 40.92458 117.9978 118.094894
0 655.6689 -66.95271 127.180176 121.817635
0 230.32446 246.87823 106.619415 99.680176
0 319.95673 176.60216 135.92938 136.12007
0 542.6234 25.819113 123.8703 119.78657
0 465.38593 204.54518 103.55005 100.18947
0 513.74255 176.74924 70.657776 65.58693
0 381.43442 329.85077 119.85208 112.913574
0 682.9716 28.89278 119.26221 118.22392
0 607.2983 120.463715 116.76398 113.98003
0 555.37164 195.95044 124.61365 121.50403
0 740.8947 119.41237 78.65503 83.61777
0 789.9226 102.6845 123.11731 117.47675
0 523.67096 347.84546 94.73303 94.444855
0 449.22543 461.00473 63.846222 64.56601
0 706.3249 190.0607 115.07031 114.097626
0 611.9905 296.79764 94.324646 98.480194
0 516.49963 461.46185 97.63867 93.593445
0 705.1718 268.50232 100.457214 97.77542
0 817.19324 207.61084 82.994934 85.57544
0 648.85486 322.55765 127.00165 128.01126
0 581.3232 397.43204 136.49542 134.28738
0 778.5451 312.02884 141.0888 152.00748
0 891.5365 282.16 95.286865 98.07129
0 703.54224 431.7006 107.58661 108.53903
0 637.5628 571.62585 118.79895 111.52606
0 689.2165 508.02896 159.96967 151.14737
0 969.0657 232.12675 128.99146 127.99165
0 814.02673 479.7389 123.21863 120.740234
0 910.54065 421.77414 146.29211 138.15811
0 808.611 642.17584 87.26434 86.89325
0 849.81116 626.7624 117.97388 115.7561
