0 229.203125 264.16275 77.70709228515625 65.74112
0 246.4111328125 142.79466 104.2491455078125 92.10156
0 284.90496826171875 350.80637 90.24560546875 90.03818
0 328.6541748046875 217.63628 89.3226318359375 79.95958
0 338.3798828125 -2.6084476 119.29498291015625 109.97999
0 369.24505615234375 107.807915 95.17596435546875 116.805565
0 420.97784423828125 522.6811 94.4996337890625 106.05823
0 453.68389892578125 234.5442 107.1268310546875 109.87465
0 467.30889892578125 184.02951 83.462890625 60.75493
0 499.83990478515625 370.5687 112.51568603515625 89.550964
0 501.90216064453125 87.28045 122.1854248046875 72.79427
0 519.3134155273438 -19.837212 106.0279541015625 98.21094
0 551.406005859375 213.29555 108.01678466796875 104.29881
0 611.5841064453125 -36.182163 112.057373046875 93.39839
0 596.9849853515625 511.8472 98.9404296875 70.90439
0 609.8858642578125 370.03238 107.678955078125 117.74823
0 618.7037963867188 110.86701 115.45782470703125 95.79043
0 707.98095703125 304.8678 89.1846923828125 79.0885
0 705.3968505859375 265.1101 67.93826293945312 45.783752
0 755.8271484375 451.80243 109.44808959960938 82.31146
0 711.411865234375 4.6133842 96.93658447265625 99.661285
0 732.1434936523438 133.66766 104.99752807617188 93.255615
0 765.4960327148438 221.05492 105.41860961914062 98.00502
0 812.5856018066406 38.4017 52.404052734375 82.821396
0 835.2953796386719 -15.391183 109.38363647460938 89.05278
0 860.6094360351562 362.92343 75.90402221679688 80.78754
0 895.3666381835938 512.93994 49.3004150390625 57.215637
0 857.5763854980469 103.64477 95.37661743164062 96.54975
0 877.9846496582031 250.7675 75.31539916992188 95.28621
0 939.6591796875 453.6124 85.89358520507812 71.922455
0 907.0141296386719 165.17981 99.91854858398438 80.79573
0 936.5463562011719 44.1409 60.716644287109375 79.35208
0 928.3919067382812 228.34352 115.52641296386719 115.17409
0 951.3093566894531 337.2309 113.02493286132812 110.97583
0 1026.2392120361328 106.83922 88.51460266113281 154.44847
0 1044.0062103271484 34.576653 78.18917846679688 91.85589
0 1053.9951171875 280.13284 82.10044860839844 95.385315
0 1112.1918029785156 436.57 80.82649993896484 70.07059
0 1102.913314819336 334.71817 119.69999694824219 107.9541
0 1057.1030578613281 -72.578285 93.51679992675781 103.69161
0 1149.4993133544922 242.289 55.42637634277344 78.913666
0 1167.9368362426758 128.20918 14.305221557617188 43.895966
