0 407.62552 294.80963 64.9133 50.860504
0 362.22748 191.12184 86.663635 70.73695
0 353.87784 364.6716 75.12039 72.09012
0 302.04492 258.03516 74.15588 61.51233
0 257.07703 73.077354 107.21387 85.38302
0 256.58456 171.71252 80.91052 93.37775
0 232.33463 521.329 69.04541 85.07428
0 173.83014 284.37506 99.18637 89.5542
0 176.742 241.52884 81.09549 45.84076
0 137.75537 403.06012 94.465744 67.73926
0 102.52635 166.68343 109.54414 52.468735
0 105.011734 76.50112 89.52733 75.98652
0 79.01398 277.29163 93.49127 81.254395
0 15.0070305 72.56778 93.68315 71.138
0 61.097298 534.58704 77.63912 52.406433
0 25.337164 419.3128 106.84237 93.789795
0 9.955948 196.83694 99.29752 73.05194
0 -36.476395 370.36115 74.112 60.765106
0 -21.458872 335.8791 63.55777 33.967438
0 -63.692165 506.05923 65.115036 59.30655
0 -41.941402 119.393524 62.93821 75.45384
0 -48.157574 229.66658 55.612476 70.652725
0 -52.503643 311.57645 33.26004 61.616394
