0 32.114990234375 364.98535 57.61279296875 80.43619
0 68.842041015625 398.56064 122.8092041015625 158.47897
0 95.9268798828125 324.94006 82.516357421875 94.79117
0 107.809814453125 565.75977 94.41162109375 101.76636
0 174.6865234375 695.88654 123.77667236328125 98.18268
0 159.1016845703125 594.0403 148.653564453125 127.66217
0 106.7489013671875 215.17992 104.5726318359375 108.43407
0 214.6236572265625 487.38504 110.85064697265625 108.242645
0 220.4034423828125 358.66852 134.658447265625 116.06726
0 332.260986328125 589.3771 79.08697509765625 80.52576
0 339.33441162109375 542.74677 106.71856689453125 104.282776
