0 432.3040771484375 107.37286 77.8524169921875 77.965454
0 404.140869140625 -19.01038 105.4757080078125 107.259415
0 505.4989013671875 164.1288 96.1610107421875 103.22182
0 499.81158447265625 28.077333 90.740478515625 92.79061
0 423.78656005859375 -184.45969 127.2337646484375 129.33113
0 497.20196533203125 -82.839615 102.92877197265625 123.0983
0 688.2823486328125 285.43665 98.412841796875 114.86755
0 599.075927734375 7.91937 123.18109130859375 128.11928
0 591.8933715820312 -38.238064 88.71563720703125 79.64751
0 691.0913696289062 121.62427 110.38040161132812 107.386505
0 597.2817993164062 -149.19702 112.26165771484375 96.35843
0 570.1990966796875 -242.49036 110.3956298828125 113.78041
0 682.0006103515625 -39.768837 116.21771240234375 120.75704
0 641.5399780273438 -288.33102 111.409423828125 110.53049
0 829.2652893066406 223.43802 93.56329345703125 87.3555
0 783.4450378417969 83.948006 129.94442749023438 137.13715
0 699.1036987304688 -153.09734 116.93313598632812 114.761475
0 842.474853515625 7.561627 90.33795166015625 92.01167
0 824.0815124511719 -18.876642 68.56820678710938 60.426743
0 936.6362609863281 128.80077 105.68666076660156 100.37926
0 740.3135986328125 -271.8479 102.9940185546875 111.64691
0 802.591064453125 -158.32004 108.12423706054688 109.38522
0 860.7186279296875 -88.988235 108.36868286132812 112.603584
0 829.1366271972656 -257.28815 65.8421630859375 84.97121
0 825.8341674804688 -299.02457 44.555450439453125 53.398575
0 990.3941345214844 42.31757 60.60737609863281 72.37393
0 1067.7141418457031 171.41025 40.13890075683594 50.582214
0 898.9704895019531 -176.86598 35.169158935546875 49.142647
0 962.0333862304688 -60.551517 44.151123046875 70.62763
