0 1016.1837 330.48984 51.92737 60.14267
0 999.5524 206.88834 97.77533 95.27298
0 941.2544 390.962 82.50336 88.991486
0 931.463 259.64447 79.70416 80.677155
0 941.6828 66.4383 99.65875 106.946526
0 910.27856 158.17255 92.8562 112.02054
0 796.2659 517.1895 100.52582 107.57593
0 815.09186 254.23131 103.96869 110.310776
0 841.63544 210.79448 75.29474 65.69063
0 757.17505 368.21564 103.27295 94.79718
0 794.99524 106.06672 106.53406 83.01635
0 805.66736 16.938168 96.049255 98.73915
0 744.8017 223.64125 92.24182 101.29372
0 727.3381 -21.480576 103.81995 97.84531
0 663.07306 475.77087 89.0025 76.9624
0 660.23627 349.6399 106.195984 116.85028
0 703.22253 113.16921 100.192505 97.656395
0 615.0097 270.2558 83.72089 81.749695
0 649.36536 239.95853 59.37146 50.02887
0 535.9551 390.77524 99.35492 88.30072
0 649.76105 5.13197 94.14136 100.01498
0 611.1516 110.93621 93.595215 94.2656
0 567.8846 184.00357 99.99878 100.315735
0 601.1157 21.934233 57.544678 77.671684
0 553.90326 -41.544224 100.86511 93.78824
0 494.06366 298.0014 74.349915 80.56354
0 465.00497 427.5946 49.384674 56.203644
0 525.4523 67.7846 92.038025 97.08202
0 500.20865 201.20905 70.45401 89.42355
0 407.9907 358.9166 79.65558 75.26993
0 480.38574 115.36235 80.75482 80.506836
0 503.2192 4.677074 62.85739 76.4526
0 434.54645 167.90916 98.55194 110.89885
0 394.54684 254.02452 108.56937 112.363754
0 383.23813 45.740925 100.71921 143.13614
0 407.36313 -25.07732 72.30643 87.396645
0 351.6628 189.18948 82.45276 93.74658
0 259.78888 308.36234 98.00995 86.382416
0 248.07895 214.60469 132.24994 118.76289
0 383.44824 -125.89444 103.466644 109.45827
0 259.6486 119.37059 98.7207 100.56326
0 245.27937 7.4079595 121.40523 108.635544
0 173.31839 222.68788 68.57323 73.993
0 139.50612 164.85384 94.09111 96.48552
