0 886.45764 -199.86674 76.61432 75.673706
0 1021.6172 -63.126858 69.68298 70.907455
0 888.05786 -115.485725 77.40466 77.5278
0 719.6322 -226.13002 106.81885 106.78936
0 784.35516 -160.43617 116.266174 116.84525
0 1057.1293 78.96006 120.45422 119.12882
0 818.7988 -39.28213 124.21912 122.712814
0 782.3513 -55.725887 84.336365 81.2221
0 888.3889 63.602074 117.53137 113.929375
0 659.6928 -74.13349 115.395325 109.5731
0 586.4346 -112.260544 113.49036 111.647354
0 748.8533 29.253391 111.54907 110.701065
0 506.28806 -54.04973 119.16049 115.90235
0 937.6193 207.21005 99.426575 95.646454
0 823.613 149.39923 128.51611 127.57306
0 619.55896 24.07929 116.282104 113.59722
0 718.2845 184.59775 97.21704 94.99545
0 702.1572 160.90767 65.80145 63.09355
0 788.05066 295.2783 111.925964 108.0473
0 491.70367 38.245426 112.51593 111.17088
0 569.0974 117.6284 109.81946 107.74547
0 614.23846 184.01317 117.17523 114.90239
0 478.48074 125.92004 75.31424 76.84911
0 391.83902 113.60219 115.26602 111.91925
0 678.18665 322.6147 89.48419 88.64639
0 781.21387 421.84558 60.494568 60.321014
0 481.1783 189.45213 108.81064 107.50072
0 593.1669 282.237 89.96716 91.03781
0 687.4098 427.42932 91.50403 89.03247
0 499.10706 261.87778 94.426575 92.51932
0 407.2613 213.26852 78.95044 79.43115
0 529.69916 309.7736 120.237854 119.71323
0 587.9607 374.3042 128.58203 126.60617
0 394.2018 311.2327 135.33072 138.96664
0 329.45618 288.66074 90.601685 91.07648
0 501.28146 414.72797 101.700714 101.31769
0 559.70703 539.32245 110.72943 106.73212
0 470.55823 485.11276 149.47626 144.4874
0 223.8531 248.15074 122.06676 120.637375
0 385.67355 467.31372 116.0361 114.038086
0 271.8444 420.32562 136.75424 132.15558
0 431.15427 617.5676 82.4086 81.59155
0 363.29755 607.00055 111.07376 109.2334
