0 716.6347 355.80597 67.95184 62.806915
0 771.33997 294.83136 92.043335 86.56418
0 705.95807 433.98022 82.40442 81.601074
0 796.8426 377.39597 79.108826 74.802704
0 885.6652 250.93372 109.651306 103.630585
0 855.0998 328.5898 98.67615 102.92621
0 716.00494 602.30865 85.95825 91.1109
0 858.9433 447.62558 98.24225 98.362885
0 906.1679 422.82596 70.55493 61.26068
0 834.8509 550.2914 96.966125 87.323
0 966.5287 384.61142 99.41382 79.69696
0 1014.3348 327.37155 96.13068 91.611786
0 932.1972 482.628 101.07062 97.097534
0 1083.869 362.36084 97.58496 89.57373
0 845.40137 681.3222 83.36749 71.923096
0 897.75385 600.931 103.437805 104.97687
0 1021.75433 453.83392 102.58954 93.17737
0 1003.1339 610.0767 78.81067 74.232056
0 1027.7509 583.818 57.950928 48.351257
0 967.20325 722.67834 93.16748 81.97339
0 1128.7786 433.00687 88.95801 89.16049
0 1086.4001 520.8053 94.42615 88.34967
0 1069.186 588.9198 94.24426 90.54132
0 1185.7925 495.0135 55.057495 66.11017
0 1220.0441 480.86725 94.74695 86.126465
0 1075.077 716.03455 70.31848 71.516785
0 1039.6367 819.67896 46.81421 49.385864
0 1181.6453 561.6841 87.16345 86.79266
0 1130.573 658.0903 73.4137 80.32117
0 1087.7902 809.19354 74.87988 68.86444
0 1192.3988 622.584 86.41577 78.33276
0 1262.7352 559.2637 59.794067 66.32117
0 1166.0248 670.69794 106.17175 104.31055
0 1137.2769 748.1787 91.18811 91.06073
