0 444.0225 214.44424 67.48819 45.798767
0 480.5804 134.59787 90.09378 64.342926
0 478.06912 287.30484 76.81436 63.356537
0 543.07367 201.70462 77.07471 55.906586
0 590.7339 50.920372 102.57294 77.03539
0 599.0943 131.91011 78.51544 83.04584
0 570.6891 434.94647 79.09027 75.08957
0 653.2437 239.09116 90.84119 77.43176
0 677.3053 204.19194 73.61279 41.870743
0 671.17456 344.99048 98.3634 62.126007
0 725.5018 146.72684 109.6098 49.30275
0 760.67126 72.08079 91.112915 68.81132
0 747.0044 242.99863 92.336914 73.25552
0 848.3793 78.98616 97.48163 65.0016
0 735.3242 462.1473 87.3913 48.805664
0 771.3973 364.61008 90.47473 83.25836
0 827.7153 184.55423 100.49036 66.64566
0 875.1851 335.94217 77.041016 55.264954
0 881.7858 305.5269 60.33954 31.356323
0 891.48895 451.15512 96.229675 56.8685
0 932.63336 125.05589 82.17285 70.243164
0 927.9653 221.21843 90.68439 65.17091
0 942.33264 289.28534 90.54834 68.68216
0 1020.9123 163.4665 41.11676 59.472137
0 1050.0753 136.27464 95.39746 61.87816
0 1004.83746 404.6071 64.02948 57.04489
0 1010.60645 514.5787 41.046143 40.57434
0 1048.7101 222.86157 81.022705 67.99289
0 1040.9113 328.38898 61.805298 67.83685
0 1060.7821 485.10638 74.683105 50.07068
0 1083.208 276.59848 87.20557 56.11435
0 1133.5419 192.27548 49.535767 56.57106
0 1089.6478 326.4738 98.34253 81.04031
0 1090.8668 407.5541 96.40784 78.01959
0 1201.0546 255.56409 67.78711 111.26514
0 1233.0685 207.88084 64.9707 65.176865
0 1196.8762 383.60907 68.34241 67.64581
0 1222.4359 505.55392 70.004395 48.892853
0 1230.4053 435.63086 103.19531 75.51486
0 1264.012 136.25832 78.41199 73.3701
0 1292.6849 372.39362 44.480225 56.451782
0 1332.772 291.25266 8.792725 32.04602
