0 478.6761 201.25899 65.9093 49.069153
0 497.75162 110.743034 88.19168 68.3839
0 524.5293 261.8257 76.33136 67.50244
0 572.05743 163.78685 75.51166 59.347443
0 579.5643 2.394306 104.70233 82.18634
0 599.4555 82.18546 87.33429 87.70881
0 647.0544 385.94724 73.19678 78.850586
0 679.2894 175.86752 89.874756 81.4769
0 692.15015 140.75583 71.23657 45.175323
0 712.19745 276.85605 95.66229 66.53616
0 726.55133 66.26974 105.06079 54.233665
0 741.87103 -9.850334 91.24176 73.130936
0 766.1577 159.99484 95.38733 77.997055
0 826.23694 -25.411938 95.068054 69.36911
0 802.1489 377.96182 84.490234 52.71994
0 812.7053 271.7847 99.684326 88.63364
0 826.3051 84.63913 100.64783 71.518616
0 903.1534 225.82227 75.43341 58.721466
0 898.5625 200.28015 62.054504 34.606583
0 940.90326 335.79507 93.28705 61.186462
0 915.1124 4.9776316 81.32391 73.91087
0 927.7509 101.657524 90.798645 69.50651
0 955.15283 162.87343 88.94348 72.73151
0 1000.2778 26.338413 42.558655 61.28545
0 1020.79315 -11.440656 84.82184 63.730785
0 1036.271 266.73898 63.545288 59.900757
0 1062.8013 378.22055 41.04419 42.40979
0 1039.9078 76.849045 76.72974 68.26196
0 1055.3092 185.21658 62.318237 70.581985
0 1101.1117 338.56223 54.304688 47.809753
0 1084.5872 133.7594 45.48523 48.499237
0 1108.9065 53.63608 9.634399 31.572346
0 1097.8652 175.21356 39.798096 75.0258
0 1116.7177 259.27972 26.187866 40.101166
