0 770.1899 376.25467 80.429016 51.141907
0 816.74 297.2258 107.590454 70.76291
0 803.5875 445.4459 93.7785 70.06595
0 889.9565 368.4592 92.129456 61.37207
0 940.1134 220.02588 131.38733 85.530975
0 954.151 305.3755 95.97986 87.9436
0 916.50726 603.2332 87.87311 80.38641
0 999.5252 413.99167 123.49542 86.78421
0 1032.8455 381.18286 99.29187 49.222992
0 1024.4783 521.6698 116.638794 69.31293
0 1103.0283 329.97726 131.40515 58.28653
0 1139.418 259.43307 111.33203 75.53104
0 1120.6223 429.4774 116.403564 80.46652
0 1243.1399 273.59375 115.94214 72.04526
0 1107.7137 647.83655 98.78174 54.70929
0 1138.0935 553.79663 130.7345 92.382996
0 1213.4563 377.4502 122.73059 74.401215
0 1264.0922 534.0754 92.027954 60.750366
0 1269.3693 506.06366 77.68555 36.94165
0 1277.3643 652.45636 113.71094 63.989258
0 1336.5806 329.8279 99.30408 75.81833
0 1326.936 424.00137 110.763306 71.97891
0 1341.3236 494.35715 92.803955 73.26895
0 1435.7849 374.27472 19.649902 36.55655
