0 317.89044189453125 450.27512 129.638427734375 146.42026
0 324.1138916015625 378.86 82.96307373046875 88.87283
0 398.09698486328125 607.6102 82.0478515625 84.74042
0 496.72906494140625 707.09985 100.3607177734375 92.19745
0 457.796875 615.08405 126.3154296875 120.110596
0 306.36614990234375 278.04092 102.00384521484375 103.30179
0 469.36370849609375 512.3576 104.68548583984375 103.85956
0 444.33074951171875 391.78815 120.834716796875 113.07727
0 591.5730590820312 595.709 75.857177734375 76.78229
0 588.0826416015625 549.56604 100.14251708984375 99.63031
