0 387.35898 -179.94199 95.84726 77.981544
0 442.63184 -244.49185 95.74475 94.92255
0 339.5675 -86.55903 93.62027 97.58025
0 525.5356 -216.65268 110.01282 97.816765
0 233.24925 128.77718 70.16344 66.76616
0 286.34268 47.71736 111.51492 114.24509
0 448.2256 -118.66907 105.97565 97.134995
0 416.84814 49.090057 88.5444 81.29138
0 449.36066 18.593796 63.25824 50.91439
0 372.76578 170.52286 105.60089 89.08942
0 570.8394 -144.657 99.09393 98.27492
0 523.1478 -53.984394 98.81183 93.30514
0 496.2664 22.556446 105.60025 99.35988
0 639.5427 -75.27339 59.57422 74.071945
0 680.5476 -96.183174 106.9483 93.950714
0 502.70966 158.96312 78.16626 78.943054
0 456.96317 270.2403 51.738953 54.69989
0 631.6826 -10.04337 91.55621 93.035194
0 570.99646 96.80441 73.26892 85.87932
0 517.1859 259.7345 84.39514 75.21765
0 638.1449 58.535015 85.30853 79.81195
0 727.698 -11.65873 65.57648 73.803406
0 606.72943 108.503586 103.34259 108.112305
0 565.3396 186.44547 114.4444 110.79837
0 727.5388 73.254135 107.69537 137.49849
0 808.6666 37.14538 75.470825 84.441734
0 675.3311 194.46472 90.58746 93.18094
0 645.83453 328.90662 107.70526 88.859955
0 680.65063 260.88657 140.49982 119.629395
0 872.39026 -20.730803 101.364746 103.106766
0 785.5266 218.15903 102.76764 98.74957
0 856.6853 150.37718 127.22296 108.67711
0 814.89136 356.41223 72.10297 72.54199
0 844.11206 335.38425 99.23505 95.26511
