0 1012.8944091796875 385.7565 86.63961791992188 81.21915
0 1072.411849975586 283.32452 113.14605712890625 109.818695
0 1013.7212829589844 493.36627 101.71456909179688 104.69263
0 1118.2549743652344 393.7893 95.9304428100586 91.71585
0 1203.1631164550781 198.03589 144.12368774414062 131.18387
0 1180.7694244384766 311.25906 126.5462703704834 133.68652
0 1074.8267211914062 724.8806 98.43089294433594 115.76001
0 1211.2241592407227 473.4065 129.32359313964844 126.42255
0 1261.3665027618408 430.66068 97.25494194030762 76.66693
0 1207.3458099365234 624.5436 106.22447967529297 97.98291
0 1327.713222503662 364.45068 84.98079299926758 75.95047
0 1381.7526092529297 276.96964 69.42256164550781 89.16373
0 1312.40869140625 515.80774 52.33307647705078 77.99078
0 1231.797218322754 803.0016 28.61641502380371 49.37616
