0 -118.7548828125 600.7622 71.8389892578125 79.66797
0 -18.9814453125 774.9797 88.7320556640625 94.40784
0 25.292236328125 844.6964 104.8670654296875 112.10083
0 -55.3233642578125 621.6523 141.82373046875 156.88531
0 -62.0794677734375 549.52277 89.4210205078125 95.628296
0 39.7452392578125 774.6468 100.4945068359375 104.969666
0 148.32763671875 890.708 112.04296875 106.62909
0 99.06494140625 791.55115 140.316162109375 136.85468
0 -90.375732421875 437.28882 107.030517578125 111.26233
0 102.06494140625 685.6992 110.52880859375 112.47815
0 62.738525390625 556.4438 126.9378662109375 124.03595
0 236.168701171875 771.16785 80.51953125 83.01318
0 228.0201416015625 722.09375 106.772216796875 108.59204
