0 441.01446533203125 285.87488 86.5145263671875 72.82901
0 438.47283935546875 167.98547 116.780029296875 100.65866
0 510.76263427734375 340.845 102.9810791015625 94.93387
0 536.97509765625 213.01422 100.24786376953125 87.029785
0 516.4074096679688 18.47698 126.78619384765625 115.40894
0 559.4234619140625 111.42428 107.28472900390625 114.40977
0 671.4950561523438 449.62793 115.1434326171875 110.498535
0 662.771484375 190.77805 122.7789306640625 114.94504
0 669.6157836914062 148.11612 91.11065673828125 70.75221
0 731.7667846679688 293.5588 124.22854614257812 101.1705
0 691.8928833007812 44.327988 130.40817260742188 91.34781
0 693.4358520507812 -45.12363 116.183837890625 104.35895
0 757.9829711914062 146.31339 114.09146118164062 107.3974
0 782.4447326660156 -88.41098 124.49530029296875 103.94739
0 847.85791015625 390.7838 107.79776000976562 83.017944
0 843.4115295410156 266.7102 124.7672119140625 121.08353
0 813.2424926757812 35.327374 123.0665283203125 104.60193
0 928.0735168457031 184.49268 99.95591735839844 86.32938
0 922.5955505371094 154.126 72.65835571289062 54.461716
0 1000.9756774902344 290.35626 119.96150207519531 94.779724
0 889.2996520996094 -75.13753 111.15350341796875 104.195526
0 931.109619140625 27.553974 113.85566711425781 100.11928
0 974.0338134765625 90.458496 118.97978210449219 105.465866
0 995.1124877929688 -61.833977 65.4013671875 78.246025
0 1010.1036071777344 -132.63501 121.14743041992188 99.86902
0 1091.5891418457031 193.19875 87.54348754882812 83.67656
0 1150.1160430908203 317.62222 57.73432159423828 57.948853
0 1047.9644012451172 -31.356836 109.09536743164062 101.3946
0 1090.3594055175781 92.95276 89.63923645019531 94.47862
0 1187.4793014526367 247.61142 95.48821139335632 79.92798
0 1107.3533020019531 6.177212 110.55322265625 90.80567
0 1119.741943359375 -95.84307 72.72919464111328 78.08507
0 1139.5167694091797 54.571804 126.00559520721436 119.009
0 1176.8172607421875 138.49289 128.64680862426758 117.54193
0 1217.3613967895508 -69.14889 113.13842010498047 143.18425
0 1228.873908996582 -134.41953 85.34665298461914 90.01613
0 1271.9789552688599 69.30479 96.15816020965576 96.566154
0 1357.2822036743164 175.05835 118.23863983154297 92.7641
0 1332.044418334961 81.74388 159.5013885498047 127.24457
0 1224.4775848388672 -245.36047 126.75267791748047 116.07579
0 1369.4034805297852 -10.437019 126.92424774169922 109.561714
0 1364.9163284301758 -124.410164 146.57364654541016 116.51459
0 1510.7964172363281 71.31603 80.78952026367188 76.901375
0 1529.0328063964844 20.878553 111.62713623046875 101.07967
