0 151.81717 488.23184 77.60129 87.45535
0 151.82889 446.39075 73.71463 49.725525
0 160.777 592.0109 93.934006 72.50354
0 193.37094 353.03317 108.39609 59.633423
0 224.82976 270.7081 87.85545 79.553955
0 228.1974 459.73132 81.28841 83.32001
0 311.2853 251.77469 98.64093 76.40686
0 225.03903 705.1092 84.14499 57.546997
0 257.5909 593.1846 93.977264 96.24762
0 299.867 375.1208 93.861145 77.222534
0 356.62555 535.156 78.36932 64.68683
0 358.7063 501.23355 58.845947 37.298615
0 383.0621 656.5785 96.601715 67.36218
0 388.02692 288.0546 84.785095 81.47693
0 394.2893 390.8328 86.425995 75.41766
0 413.72388 465.7155 92.50391 80.14673
0 479.8672 315.9834 44.99817 67.64322
0 501.40518 269.58755 96.35861 72.859314
0 485.89502 581.45776 66.30957 66.04065
0 500.86426 704.5524 42.932922 46.77014
0 508.1819 368.91663 78.60498 78.22357
0 514.6296 492.4663 57.434692 76.69653
0 547.6915 656.7477 75.60016 58.836975
0 546.03705 424.58276 74.91034 64.17929
0 583.9105 321.05203 52.61615 64.8345
0 555.595 476.26678 86.18738 91.97223
0 560.13544 561.59045 99.00787 90.73901
0 649.40857 375.82596 79.082825 126.63519
0 679.8671 314.88138 60.752197 73.98865
0 653.0908 514.25854 75.28601 78.51276
0 692.70746 640.9573 98.57709 66.099
0 693.8633 557.7111 128.08868 90.99036
0 704.7873 227.73068 87.23602 87.05713
0 755.84064 472.51968 89.497986 80.598114
0 779.18384 374.99774 116.23016 82.8963
0 846.70355 579.49567 61.28601 60.573853
0 865.9462 538.796 86.17114 77.66449
