0 1134.5953 67.177635 76.06494 86.03187
0 964.1325 -78.00551 90.732605 85.24224
0 1189.8055 186.1165 73.15808 93.08592
0 1035.5886 16.476267 87.56799 85.02064
0 1081.932 173.06729 73.17212 71.16957
0 1073.6466 142.99147 51.87671 43.689438
0 1109.5443 287.5937 86.821045 77.02127
0 938.00665 -15.656509 82.29401 86.93319
0 981.3497 69.73251 81.807434 82.01672
0 1002.16235 142.42195 87.40381 87.28732
0 917.4098 42.42548 50.33203 67.25345
0 844.4712 20.720528 88.14032 81.726944
0 1024.2009 267.06863 64.99609 70.00128
0 1088.2329 372.6943 43.17639 48.793762
0 900.75287 102.348755 75.31201 82.190216
0 969.41 204.4485 61.605774 77.49568
0 1012.29877 358.9398 69.614685 65.57117
0 904.12 165.14572 70.58276 70.05943
0 842.4868 94.61653 54.96405 66.30127
0 917.49475 211.77214 86.152954 96.29314
0 945.5816 286.64215 94.90106 97.71338
0 812.24133 169.88593 91.804016 125.43317
0 770.74115 133.06833 63.225586 75.79967
0 874.7208 286.07477 76.09314 83.105896
0 891.0771 412.1124 88.99408 76.79761
0 833.9664 346.227 115.56836 103.56918
0 695.37585 74.99684 83.117004 90.79816
0 775.8783 300.19812 84.94653 86.90161
0 695.0612 232.61153 104.39728 94.025345
0 781.8083 424.26132 59.945496 64.29697
0 736.5348 402.9121 82.24298 83.91934
