0 595.0516 566.2598 72.959595 71.56653
0 507.58188 509.12888 96.4534 95.35257
0 609.1807 647.54895 88.57422 88.727844
0 511.06244 601.16254 81.34204 80.141846
0 367.8227 482.62384 120.14099 117.072266
0 422.8578 560.80896 111.27173 112.12079
0 619.6155 835.3076 90.23059 93.14624
0 436.73373 687.06213 110.526215 109.440735
0 411.59494 664.74475 77.36545 73.02399
0 491.55325 794.7169 88.95328 86.93964
0 353.92752 634.3288 70.40192 68.32428
0 302.11655 586.7449 65.9892 69.48566
0 422.4781 743.00507 53.11322 57.812805
0 567.7581 930.03284 31.146545 35.00525
