0 45.89501953125 -39.399193 65.4071044921875 94.50807
0 29.19873046875 115.224045 52.1220703125 94.78793
0 60.5166015625 310.31012 55.943115234375 73.38504
0 51.3817138671875 271.56302 54.45849609375 42.364532
0 75.995361328125 465.32162 80.8773193359375 76.27304
0 102.0201416015625 6.697828 77.3836669921875 95.80475
0 96.0477294921875 136.98334 79.1748046875 88.087296
0 111.06982421875 229.08044 84.7647705078125 93.561646
0 182.221435546875 45.5867 40.1319580078125 81.43221
0 207.1856689453125 -6.075904 88.7056884765625 84.139626
0 173.9490966796875 374.67642 60.431884765625 77.83383
0 179.09423828125 527.2382 38.9722900390625 55.411194
0 208.7667236328125 113.003525 68.12396240234375 91.79184
0 205.5960693359375 265.0565 51.58453369140625 91.85153
0 226.2357177734375 476.14807 69.53155517578125 68.11139
0 236.2239990234375 187.58719 68.67095947265625 74.85925
0 282.08026123046875 60.55882 47.47430419921875 77.34338
0 240.5587158203125 250.76762 78.3212890625 108.856705
0 241.400390625 358.3096 90.5340576171875 106.3537
0 336.33984375 133.53542 72.7630615234375 153.12749
0 370.6072998046875 61.925182 54.84869384765625 88.21098
0 329.91436767578125 305.7878 71.21221923828125 93.11453
0 360.33544921875 468.35504 93.35162353515625 75.76434
0 364.69659423828125 366.51657 118.14093017578125 104.4996
0 401.97064208984375 -43.94685 74.83489990234375 100.96524
0 431.82415771484375 264.34628 80.98077392578125 94.246
0 458.9227294921875 146.12589 106.02630615234375 95.092285
0 510.77978515625 397.98398 55.87139892578125 71.35611
0 527.1102905273438 355.38724 78.8472900390625 90.93399
