0 1050.7367 511.01132 65.51306 66.63864
0 1035.7843 440.1956 96.85547 96.075775
0 990.89935 526.4887 85.59601 86.053955
0 925.09064 638.44916 73.34784 74.6026
0 817.17084 752.04315 60.62616 60.98999
0 942.3497 559.7384 79.84418 79.57196
0 979.846 463.1799 68.00043 68.684784
0 889.5891 598.041 102.809265 103.299255
0 824.0981 654.04126 109.097046 108.99933
0 851.7554 467.76508 123.22748 125.36151
0 904.4611 412.14145 77.98981 78.7413
0 805.38354 579.9445 92.39252 92.53644
0 697.80853 652.7342 97.07971 95.73828
0 715.6926 574.448 125.21326 123.91705
0 915.0864 316.32935 93.00397 93.504486
0 742.9143 491.78784 96.526855 96.4433
0 763.5398 386.9076 112.2558 111.1803
0 650.3077 542.564 70.189514 70.32434
0 634.1059 499.18738 94.16809 94.02539
