0 1190.0547 668.441 93.64905 89.161865
0 1141.1676 728.56433 115.09546 117.5188
0 915.1383 1045.1366 100.00568 100.95044
0 1007.71185 779.81396 133.8471 130.92755
0 1059.6306 734.38806 91.67139 86.036865
0 914.3666 866.36774 127.46594 120.904236
0 1026.9169 606.77985 125.990845 115.56073
0 1058.2864 519.19006 122.47522 118.99274
0 934.246 712.09436 120.029785 118.28693
0 975.28424 445.2005 129.08649 123.12085
0 794.3941 944.27795 108.09448 101.26575
0 798.5443 810.8228 138.2649 136.31781
0 911.55304 575.2246 125.77521 120.8186
0 776.61017 705.88635 105.15283 101.04767
0 830.91376 682.1272 71.62073 66.74054
0 655.7592 797.89374 121.55371 114.522156
0 885.2842 444.1818 121.24426 118.63309
0 815.4545 539.50446 118.62189 114.74487
0 741.00214 596.7098 126.58948 122.34827
0 820.67883 439.01367 80.25073 82.75293
0 780.00653 350.55408 124.93103 118.821594
0 629.301 681.9967 96.3396 94.667725
0 569.569 805.18195 64.98993 64.54651
0 721.7873 454.81168 115.18158 113.00784
0 657.84186 584.4641 96.14789 97.8056
0 516.8999 711.40204 99.105774 94.57953
0 661.4966 486.59985 102.04132 98.49133
0 710.19904 377.56122 84.54492 85.19891
0 590.70056 526.98065 129.22565 128.02832
0 522.24677 599.8091 138.71997 134.97021
0 546.9151 381.07846 145.35535 151.11954
0 605.5203 309.493 97.05054 97.66681
0 489.5952 511.6936 110.88489 109.69177
0 357.63614 596.3027 121.6517 114.177124
0 365.36572 497.9952 162.26294 153.20584
0 602.75226 194.72205 128.41425 126.038605
0 400.13654 400.83255 124.732544 121.06857
0 412.71973 275.8959 147.79254 139.56635
0 280.30594 467.49683 88.73889 87.11981
0 253.20247 400.69565 119.887955 116.41696
