0 131.1177978515625 310.3787 65.2938232421875 58.79727
0 172.1500244140625 209.21706 87.50921630859375 82.51189
0 151.938720703125 401.9164 75.52587890625 81.01312
0 223.39453125 295.8146 74.9564208984375 71.669586
0 283.599365234375 108.72144 96.7032470703125 98.235085
0 279.015869140625 209.69574 73.8167724609375 105.01651
0 216.0474853515625 589.2568 81.0653076171875 96.09003
0 315.68182373046875 344.98477 89.57623291015625 98.93948
0 345.9188232421875 301.87735 70.34039306640625 53.996857
0 321.20538330078125 479.28207 94.6671142578125 79.89249
0 396.8436279296875 230.77002 103.33563232421875 64.02069
0 435.9078369140625 138.02844 87.421875 87.93512
0 401.5687255859375 350.7195 86.783447265625 93.2312
0 514.9740600585938 147.91855 94.18798828125 83.4836
0 365.85638427734375 626.78284 83.41925048828125 62.96173
0 407.9066162109375 506.9159 89.88677978515625 106.25568
0 484.02960205078125 279.48383 94.834716796875 85.29965
0 508.038330078125 470.72687 74.85736083984375 70.86383
0 521.7782592773438 432.67712 56.98858642578125 40.484436
0 509.90899658203125 615.5499 92.19244384765625 73.25305
0 585.3751220703125 208.18433 81.058837890625 89.75055
0 570.7817993164062 328.4399 86.45941162109375 83.33267
0 574.20068359375 412.54492 88.383056640625 87.96591
0 661.837646484375 258.25952 43.17913818359375 75.43729
0 692.0169067382812 223.38368 91.99716186523438 79.52449
0 618.6065673828125 558.5942 63.41119384765625 72.841736
0 612.8505249023438 696.46375 41.0823974609375 51.732178
0 678.5415649414062 331.89297 79.78900146484375 86.91382
0 658.955810546875 463.24948 62.5841064453125 86.34042
0 660.9821166992188 662.48566 72.1890869140625 64.29932
0 704.6316528320312 400.1395 84.04006958007812 72.129395
0 761.5743408203125 295.24878 50.3968505859375 71.96228
0 702.1712036132812 463.54788 93.94668579101562 103.23923
0 693.3262939453125 564.13336 94.62933349609375 99.79834
0 808.1177368164062 376.64868 72.61026000976562 140.9544
0 849.7936096191406 318.04117 62.35443115234375 82.67209
0 793.9790649414062 536.5019 68.41033935546875 86.229126
0 805.2679443359375 689.4161 91.04290771484375 71.32678
0 818.9408264160156 602.6381 122.25311279296875 99.03418
0 885.2475280761719 225.55301 95.807861328125 99.04645
0 888.4600830078125 521.4955 95.06982421875 89.9035
0 928.8735961914062 422.21487 90.67337036132812 89.887054
0 961.3179626464844 655.4024 26.49664306640625 50.798645
