0 484.6119384765625 67.48011 74.22802734375 69.04389
0 548.3677978515625 16.380344 100.81170654296875 94.767044
0 464.92926025390625 146.50523 90.51629638671875 87.68593
0 568.11181640625 103.20226 86.70660400390625 81.77096
0 677.5390625 -3.6269615 116.80569458007812 110.95728
0 637.0263061523438 70.12712 102.342041015625 104.4487
0 456.5418701171875 317.16467 98.49163818359375 98.272125
0 628.1763916015625 187.51028 108.39111328125 105.729004
0 684.8480224609375 167.94487 76.62237548828125 68.7574
0 595.1049194335938 286.57895 105.7025146484375 96.88205
0 752.8276977539062 141.24469 107.08584594726562 91.80879
0 810.3173522949219 94.073685 103.9610595703125 98.87071
0 705.7266235351562 234.72949 107.24813842773438 103.05176
0 881.3012390136719 141.03134 106.59844970703125 98.79561
0 592.271484375 417.0866 90.47955322265625 80.89581
0 655.666748046875 350.98117 111.25103759765625 110.27814
0 807.3090209960938 222.14485 109.69400024414062 101.551315
0 770.899169921875 374.337 86.33721923828125 81.235016
0 804.574951171875 350.7256 61.214202880859375 53.956818
0 723.0064697265625 481.04367 101.30963134765625 91.61154
0 922.7765197753906 220.31131 98.15560913085938 95.80228
0 870.8221130371094 300.66156 101.690673828125 95.71747
0 844.5491943359375 366.01028 103.47647094726562 98.49893
0 979.0611572265625 294.55136 62.17840576171875 67.65155
0 1018.7297973632812 284.79385 103.38824462890625 95.2782
0 839.7413635253906 494.2423 77.724609375 76.522766
0 793.7308349609375 591.1437 51.976715087890625 52.301514
0 967.5926818847656 358.78265 96.10121154785156 93.43439
0 904.2021179199219 445.8952 81.88519287109375 84.21747
0 847.2300720214844 589.49585 81.81356811523438 75.90973
0 974.0639343261719 420.85715 94.26835632324219 86.73163
0 1058.543701171875 372.04626 66.81153869628906 69.28265
0 939.9902954101562 467.352 115.84564208984375 112.20215
0 899.3572692871094 537.567 112.80050659179688 108.838684
0 1052.099380493164 459.43134 109.6084976196289 122.24536
0 1128.4093627929688 432.31366 82.78433227539062 83.5589
0 1003.8316345214844 566.4899 86.58992004394531 87.15497
0 970.0910339355469 682.85913 77.74017333984375 72.74182
0 1001.1383666992188 627.0634 116.4466552734375 110.019226
0 1188.2818145751953 385.41586 97.06934404373169 96.55765
0 1093.7421875 601.5459 63.02953338623047 66.79443
0 1181.4601364135742 550.0489 23.677383422851562 30.132324
