0 1212.9409 175.95232 58.25659 69.17093
0 1213.3888 244.56116 62.451782 82.81702
0 1222.2997 549.05347 58.178833 73.011475
0 1150.8622 338.44397 79.63818 77.68823
0 1147.3839 299.38477 63.86792 41.85913
0 1124.8994 441.141 85.541626 62.177643
0 1071.3014 229.68178 94.678345 49.143692
0 1060.7115 151.98688 74.94348 68.554504
0 1072.6154 328.80972 69.16345 72.400665
0 973.5508 142.1367 84.88574 65.09009
0 1078.7554 548.4681 75.792725 48.77368
0 1037.376 447.85434 79.52478 83.58975
0 993.433 253.24722 80.51282 66.09268
0 963.7164 399.8055 67.211975 55.377197
0 976.7271 369.23126 51.115906 31.210022
0 929.9395 512.0133 83.55975 56.876526
0 919.30927 178.61324 72.05347 70.477875
0 916.22906 272.58755 73.88721 64.824524
0 897.5933 340.6091 79.116516 68.85458
0 873.6697 206.09306 36.839417 59.857895
0 807.4244 167.69913 83.01483 61.945923
0 862.2865 447.9625 56.219543 57.259003
0 874.0152 558.77313 36.168884 40.755127
0 821.39374 257.74448 67.920044 67.93536
0 840.90485 368.6366 47.575073 67.53079
0 801.7271 518.8158 65.04187 50.14142
0 792.39966 309.02066 64.110596 55.092773
0 775.40045 216.1703 43.895508 56.871902
0 777.2458 357.1851 72.72015 80.06735
0 766.2743 435.0493 84.39429 78.25638
0 699.0303 270.15472 63.380127 112.24817
0 682.3762 215.33516 50.733765 64.87285
0 702.4293 395.53644 62.628357 68.16818
0 651.73926 513.0814 84.58148 55.541565
0 620.3559 439.442 110.69971 76.95322
0 632.51447 139.52757 75.655396 75.96033
0 596.3274 363.1983 76.69684 69.458466
0 546.9098 277.88907 100.8465 70.16199
0 545.09467 464.17325 51.98706 52.4946
0 503.23273 428.15982 73.52814 66.91342
