0 534.8803100585938 318.4435 71.59619140625 53.097473
0 559.1484375 222.58049 95.79052734375 74.19023
0 582.1551513671875 382.35883 82.24560546875 72.02948
0 633.7091064453125 277.7312 82.0054931640625 64.358826
0 658.348876953125 107.14172 107.4356689453125 88.061264
0 679.5532836914062 192.35164 81.32080078125 91.83498
0 699.6077270507812 509.40128 86.58853149414062 84.55026
0 751.0344848632812 285.42325 97.41940307617188 87.76779
0 767.9801025390625 246.62163 77.54660034179688 49.575882
0 785.9210205078125 388.48447 104.04351806640625 72.61389
0 807.5720825195312 169.02625 114.61538696289062 60.343765
0 831.97705078125 86.75822 96.2860107421875 78.75004
0 845.9476928710938 264.9147 96.57449340820312 83.2327
0 920.8216247558594 69.8891 103.33882141113281 75.50673
0 868.4528198242188 493.79446 92.01321411132812 57.916473
0 891.3264465332031 384.4092 97.4248046875 93.75015
0 917.828125 182.76167 105.2540283203125 77.25224
0 988.9381408691406 329.9623 81.92877197265625 63.693542
0 990.2948303222656 299.86725 63.17449951171875 37.53711
0 1024.7879486083984 440.345 101.52671813964844 67.002075
0 1013.558837890625 98.3192 88.13668823242188 79.59938
0 1024.692611694336 196.55663 95.49223327636719 74.93498
0 1049.7473754882812 261.9831 96.54057312011719 78.70929
0 1108.277603149414 122.116714 45.71708679199219 64.942276
0 1132.929443359375 76.85084 101.02510070800781 72.10432
0 1131.3250732421875 368.6568 68.83008575439453 64.41028
0 1154.8031539916992 483.69223 44.38964080810547 45.42575
0 1145.6255645751953 168.47542 86.81886291503906 77.17709
0 1155.3215942382812 281.5038 67.298828125 75.362305
0 1200.7936706542969 435.58633 79.18863902799785 58.127716
0 1188.435646057129 213.72142 92.31015694141388 65.44612
0 1226.1120796203613 120.60629 54.07614403963089 62.67244
0 1204.614501953125 261.6283 103.72090148925781 91.876495
0 1218.6148529052734 344.0936 103.11297607421875 88.85428
0 1306.4449214935303 165.15627 76.24926948547363 120.71193
0 1329.4755554199219 108.98557 68.75801086425781 72.613686
0 1321.1416320800781 297.19897 73.9263687133789 75.72821
0 1366.6461486816406 409.69617 100.30691528320312 65.348694
0 1364.9236450195312 331.14807 134.54638671875 90.39612
0 1348.1742477416992 18.58077 105.97907257080078 88.58517
0 1418.9178619384766 255.68768 90.2713623046875 76.136566
0 1441.7839050292969 170.0491 56.43687438964844 61.163315
