0 792.94214 287.33752 57.969055 59.515533
0 736.74036 170.76077 77.59485 83.887375
0 763.8572 383.72714 66.7392 83.25311
0 698.95557 262.55026 66.440186 72.94574
0 630.1406 56.11783 80.558044 100.14064
0 645.34375 164.7757 71.07489 110.48978
0 698.50085 582.31573 74.77222 99.72955
0 604.41406 308.3146 79.08917 101.91724
0 594.1366 259.83438 62.666443 53.746643
0 593.5999 455.85422 84.15985 80.3522
0 517.9608 178.31601 92.40839 62.008118
0 499.5365 74.44422 75.15576 89.731865
0 534.452 305.57193 71.108826 95.41345
0 420.66147 77.79039 83.6405 84.37425
0 564.2614 611.2481 74.3255 62.55951
0 519.51263 480.19797 79.19934 109.98837
0 449.40042 222.24515 80.834015 86.08646
0 444.3795 428.9917 66.36893 72.06113
0 446.46875 386.61496 50.29825 39.89633
0 424.81116 585.88074 82.066284 73.207214
0 368.89267 138.76173 71.5629 92.458496
0 378.02356 270.01526 74.1077 84.681854
0 371.91644 358.28052 78.26044 89.84567
0 334.21384 187.16547 37.474823 79.87573
0 262.93088 144.401 81.73349 80.17505
0 353.1495 513.5096 55.921204 75.24542
0 376.72485 663.4229 36.12265 53.770386
0 287.0136 263.19266 70.47531 89.424225
0 318.93774 405.74936 54.85385 90.27957
0 305.09012 622.43494 64.09778 65.01605
0 258.45306 336.7262 74.68411 72.66824
0 239.38432 218.25717 44.115036 75.39844
0 254.24945 404.8778 80.88138 106.15274
0 260.13733 513.2546 83.660034 102.4198
0 176.51453 301.47144 62.688065 149.94699
0 149.71147 235.14844 50.95462 85.95764
0 191.88545 475.61325 60.159744 89.65201
0 159.47905 643.86127 81.06758 71.183105
0 120.75481 546.92334 108.78078 99.178955
0 89.14375 134.24661 80.751785 101.19252
0 82.81269 452.12338 82.40841 91.2764
0 28.95923 340.6424 100.07794 90.51376
0 48.95811 594.58875 51.69427 68.95972
0 2.5433204 558.58105 72.84042 87.487305
