0 394.23596 -29.466034 88.558044 90.05848
0 432.61743 -134.96848 118.42883 119.360825
0 273.17743 -17.71785 109.80237 109.117874
0 337.90256 -136.14406 99.42447 100.62148
0 433.3744 -307.35236 145.77466 149.40057
0 345.2 -243.93143 138.90662 137.17813
0 37.24362 -15.524307 114.138306 109.4699
0 193.22267 -235.47993 135.67686 136.55415
0 264.1612 -264.75253 91.16232 96.69786
0 100.51176 -162.5658 98.03065 98.95558
0 314.49182 -322.57962 76.62991 77.19676
0 373.35736 -379.15323 69.576294 63.89502
0 197.18623 -240.73367 58.46144 50.424133
