0 676.3987 306.0039 86.6189 74.44174
0 664.21295 199.71413 117.178406 101.92433
0 579.6996 338.7787 105.197815 95.12918
0 576.8626 221.19048 100.71808 87.959274
0 600.06335 47.80724 139.59814 121.8645
0 556.9311 123.99694 125.3667 117.80196
0 388.27853 402.01523 107.8811 103.35431
0 428.90112 174.82231 124.926025 113.82997
0 466.54706 141.32957 89.97363 73.85535
0 348.1105 252.3248 123.55945 104.12958
0 423.4452 36.96255 126.9209 98.47415
0 446.23636 -36.646008 122.365326 107.477356
0 336.96732 114.46717 128.63339 113.6556
0 358.79193 -94.15771 124.304535 106.22008
0 222.93546 311.9266 106.327545 86.8844
0 227.83214 199.28996 136.50255 124.03569
0 302.47986 9.356769 130.70471 110.83377
0 187.02187 120.48234 100.34105 87.377174
0 228.7767 102.837814 75.72653 60.070908
0 77.03913 199.70844 118.768745 98.42618
0 260.3739 -100.85281 113.11795 103.14288
0 195.2993 -18.69617 120.237686 104.19261
0 137.88432 28.795168 119.94542 105.98073
0 203.57024 -104.83593 69.73256 73.042755
0 142.8267 -176.12189 120.711075 102.421715
0 34.663403 101.040474 89.39305 82.41096
0 -12.3526535 205.85802 59.47239 56.366043
0 93.10511 -94.64848 110.85519 100.58982
0 46.77711 13.515457 93.18257 90.80162
0 -67.07718 134.30196 89.04978 76.680084
0 52.305935 -52.70078 81.11307 73.56968
0 104.24131 -131.01411 43.926064 50.131355
0 13.427249 -11.74079 85.78358 90.86301
0 -16.78658 65.29702 58.41818 58.66089
