0 125.471435546875 215.15532 56.791748046875 98.71532
0 151.4267578125 155.92517 61.168701171875 63.057404
0 111.66650390625 337.25952 54.3758544921875 49.664978
0 99.88818359375 441.54514 61.774169921875 50.90451
0 112.3277587890625 372.15686 87.4896240234375 71.24826
0 198.7752685546875 87.2297 88.3743896484375 67.74427
0 190.58544921875 303.994 90.8519287109375 67.17853
0 251.6202392578125 227.95085 114.19049072265625 67.2393
0 264.56903076171875 407.24838 63.3193359375 50.957703
0 289.04534912109375 382.8731 84.98175048828125 64.582184
