0 347.3784 307.08142 79.09494 62.466125
0 310.6058 198.10898 106.15704 86.425446
0 273.1052 367.83215 93.31607 84.4624
0 234.02322 250.89929 91.00333 74.89227
0 211.74477 62.52454 127.61177 104.068756
0 196.67209 155.01228 90.92908 103.66466
0 115.96769 497.71628 89.880424 96.38339
0 90.348694 251.57576 122.066666 103.43181
0 105.67115 209.176 95.874886 61.437164
0 35.65885 361.89594 114.121025 85.26166
0 36.875263 118.26125 123.43382 72.87234
0 44.49133 32.837364 110.16022 92.06237
0 -12.478993 222.25438 115.36148 97.956375
0 -53.75604 4.0735936 113.84918 88.33704
0 -68.777145 466.6349 99.98163 68.59979
0 -91.956345 342.65906 126.944916 111.60324
0 -75.17342 129.09041 120.27249 91.38742
0 -152.48438 283.2647 90.82861 74.16913
0 -126.917885 257.65445 74.80763 46.279205
0 -231.18701 403.0723 110.789764 79.03842
0 -146.08138 30.27413 99.35109 91.74671
0 -182.90265 138.73961 109.17419 87.98207
0 -219.74573 203.14832 107.56894 91.342926
0 -200.04616 51.727306 55.03569 73.11749
0 -212.98195 11.283544 54.325256 54.591656
0 -284.44968 324.30804 66.10562 67.57971
0 -305.9406 447.92044 42.579407 47.624573
0 -239.84554 121.64906 42.63832 52.491013
0 -270.97092 232.31087 43.202454 69.698715
