0 1208.6683 55.01526 46.23413 69.3846
0 1130.6724 22.959753 87.93091 77.3206
0 1295.8508 309.09058 52.54663 66.41608
0 1347.6005 424.38144 35.62317 47.20334
0 1182.6819 112.2937 69.22949 80.36011
0 1242.5594 231.06793 54.664795 78.32034
0 1273.486 403.70905 60.82837 60.272095
0 1181.2015 179.72482 69.51807 67.57088
0 1121.5366 93.783554 51.867798 67.01579
0 1192.5874 229.73436 82.77258 95.68996
0 1209.3162 316.18958 92.79077 95.16147
0 1081.5148 167.45995 86.32971 130.5613
0 1043.8994 122.678734 59.75403 76.51609
0 1135.2123 299.6313 76.21887 82.79996
0 1136.9785 438.1671 92.16968 71.612
0 1087.0729 361.38055 115.984375 96.98035
0 971.72906 50.954876 75.40057 87.5815
0 1030.5768 300.57416 82.25525 84.26877
0 952.8437 218.2998 103.52167 87.89636
0 1021.7527 424.14206 58.11548 63.26651
0 981.1847 399.85022 80.55859 81.526886
