0 807.08887 380.3174 86.84204 82.765686
0 881.9159 308.99014 115.44171 111.18378
0 781.8426 474.43884 106.0647 105.00934
0 903.90814 418.50693 98.35925 94.577484
0 1021.9726 268.65427 143.27875 135.90045
0 969.9866 366.19647 131.06921 131.53381
0 784.1346 693.71747 107.10834 111.332886
0 961.1662 513.8104 136.51532 133.78473
0 1029.3616 486.23367 95.30786 85.28854
0 933.9053 640.8275 119.22351 111.48999
0 1109.9668 452.54932 126.932495 109.723145
0 1171.0359 387.5167 119.72461 115.63492
0 1055.5311 575.58624 126.123535 122.37262
0 1250.6052 448.2365 70.75745 72.685425
0 923.4782 807.04565 100.028015 91.60156
0 989.27515 719.4366 124.63367 126.99982
0 1164.92 548.4736 84.23218 87.93909
