0 734.1882 243.01884 53.809326 62.602676
0 749.3881 122.45606 71.71478 86.62798
0 771.77136 318.46628 62.58557 87.047455
0 810.29736 193.84624 61.388977 75.007095
0 813.11957 -19.031025 88.98547 104.530594
0 837.2709 93.13724 69.313416 111.494354
0 880.32837 485.20593 58.094727 100.97217
0 894.6697 212.95317 82.40912 109.08998
0 905.1779 164.62987 66.382324 58.032333
0 931.80786 343.65308 77.82971 83.6582
0 938.984 74.31248 89.80347 67.88688
0 949.7314 -27.702682 74.1745 92.48496
0 975.055 197.40977 77.52533 98.71126
0 1018.3788 -38.703793 77.32373 87.39928
0 1011.9774 487.03262 63.149902 64.975494
0 1012.35925 354.76987 89.15015 113.9426
0 1022.87286 100.66707 81.87543 90.00641
0 1086.4033 293.74234 61.327637 74.16675
0 1081.5476 255.02095 51.949707 43.286392
0 1120.3359 443.96857 42.97632 66.56372
0 1090.4535 11.526021 42.91504 87.94656
0 1106.2357 142.05464 34.180054 75.39224
0 1130.1836 229.70297 17.55017 62.65518
