0 1030.7905 40.009323 84.39551 80.2848
0 992.122 -57.452187 111.98163 106.64615
0 1113.9471 50.710224 102.98279 98.35452
0 1097.7203 -57.13968 95.283936 90.7233
0 1001.3129 -212.95627 139.07965 132.22845
0 1076.3113 -150.84053 127.50647 121.94066
0 1319.5465 57.175884 104.078735 99.924576
0 1210.1151 -139.953 130.7909 124.70899
0 1197.3346 -166.36595 92.052124 87.01735
0 1314.1633 -93.4619 115.35657 109.52338
0 1190.9458 -270.03412 122.41785 115.33801
0 1158.1793 -322.01324 116.01245 110.51039
0 1293.4186 -216.28949 123.91089 117.97552
0 1236.8716 -336.25195 53.46106 51.39624
0 1460.148 -58.90934 96.7218 91.58401
0 1408.7911 -136.31628 105.697876 101.383125
0 1301.8444 -267.6186 68.82666 66.390915
