0 1236.977 428.1495 76.21045 84.20346
0 1119.2826 607.3529 94.9375 100.77405
0 1057.8029 678.6826 112.09485 119.52411
0 1095.5161 444.03064 150.53333 165.91455
0 1153.3918 367.80585 95.576416 101.950745
0 1042.464 601.9737 107.916626 112.55353
0 916.6406 717.06946 122.41748 117.07507
0 935.3198 613.06506 152.63892 149.3017
0 1159.2502 248.0628 115.04346 119.44177
0 958.5381 500.78622 119.29199 121.38809
0 976.4235 363.19788 138.03937 135.25229
0 848.5628 584.12787 86.68683 89.298584
0 826.85834 530.7237 115.25043 117.2113
