0 767.739990234375 430.24323 91.51632690429688 86.497986
0 841.8689575195312 344.7529 120.8533935546875 116.1597
0 748.5315551757812 533.968 110.41403198242188 110.43939
0 872.3077697753906 460.15002 102.764892578125 98.3587
0 986.40625 286.79025 150.92523193359375 141.23074
0 941.2543640136719 394.28622 136.4810791015625 138.96457
0 768.9227600097656 768.1341 110.09259033203125 118.42169
0 944.9307861328125 556.7694 139.10171508789062 134.82611
0 1008.5162658691406 522.80334 100.87808227539062 86.642334
0 921.6211547851562 696.9587 125.208740234375 114.92847
0 1090.4326782226562 474.3021 135.1424903869629 110.12088
0 1149.94873046875 401.2137 125.08981418609619 121.214386
0 1045.179946899414 611.0428 128.87975311279297 124.040955
0 1240.0808906555176 469.87625 39.813500970602036 46.42099
0 921.5262451171875 875.2578 99.75869750976562 88.84497
0 994.4554138183594 774.7764 95.01712036132812 104.38342
0 1158.7702331542969 575.3292 57.48367691040039 71.23096
