0 857.8362426757812 279.42072 74.83355712890625 70.06076
0 922.5440063476562 203.29617 100.709716796875 95.61789
0 842.6909484863281 362.10046 92.18124389648438 91.9978
0 947.4483032226562 296.7666 86.42527770996094 82.31583
0 1045.647720336914 145.17088 124.05719757080078 116.35487
0 1006.3831481933594 241.57292 109.11857604980469 113.92171
0 852.138671875 558.094 93.041259765625 100.47705
0 1000.6031494140625 370.96048 119.45591735839844 117.313416
0 1058.0984497070312 340.94287 84.76522827148438 71.621735
0 979.8902587890625 491.89093 105.2642822265625 95.74249
0 1130.4960327148438 300.60947 111.14482116699219 89.14514
0 1182.163101196289 230.22108 105.12407922744751 100.858505
0 1087.6273803710938 413.96973 110.64448547363281 106.958374
0 1252.9048500061035 269.91232 106.19365310668945 98.34918
0 988.14697265625 649.7769 84.31655883789062 75.49597
0 1035.037857055664 555.6382 127.3973159790039 123.32056
0 1184.4976119995117 376.61 111.48903465270996 102.226166
0 1150.8873291015625 558.30426 80.73287963867188 80.393005
0 1181.3132553100586 525.8758 65.54238510131836 54.450256
0 1112.5905151367188 692.52344 51.01860046386719 55.60321
0 1296.4754428863525 351.68948 61.06783103942871 74.229065
0 1251.3091735839844 458.77264 46.71930694580078 58.511536
