0 350.57382 237.18762 72.113464 57.357025
0 307.6332 129.08006 96.48685 79.538086
0 287.5042 303.67044 84.17227 79.360565
0 239.50497 190.33423 82.628174 69.03891
0 202.62411 0.4082982 117.82019 96.07371
0 196.1517 97.82773 86.28735 100.64197
0 149.05203 449.74045 78.99826 91.98691
0 102.07697 204.37035 110.79798 97.94783
0 110.126 161.08424 88.9067 54.16539
0 57.963932 320.85825 104.53781 77.37369
0 36.26621 77.19983 117.60237 63.48195
0 40.908813 -12.089907 99.862045 85.06417
0 1.9016885 186.5002 104.423874 90.72728
0 -54.740032 -27.789871 103.940506 80.67531
0 -31.884796 442.1134 88.49927 60.752533
0 -63.59604 320.66724 117.2973 104.30142
0 -66.227905 98.55094 110.01018 83.171074
0 -126.30317 265.96075 82.5323 68.30005
0 -106.51273 234.9646 69.54677 40.500397
0 -191.58571 393.9442 101.88303 71.14438
0 -136.59752 10.041049 89.14573 85.97927
0 -165.38359 118.87877 99.32472 80.842026
0 -182.77002 196.92332 83.33122 83.23842
0 -158.59157 41.957214 17.824707 42.796936
