0 616.9988 306.99655 88.605225 83.57663
0 587.0006 182.35144 120.282715 114.89227
0 702.19543 356.324 108.800964 108.02411
0 693.9576 218.92436 103.47888 99.24663
0 611.97437 8.736004 143.40094 137.48253
0 680.48676 102.66041 131.16711 135.2941
0 901.44714 452.167 114.00946 119.41376
0 816.28064 178.37233 129.68317 129.77501
0 808.00024 136.1898 91.09393 81.98201
0 911.0509 278.95154 125.877075 116.41589
0 803.87787 18.416632 126.89862 107.58747
0 775.1843 -73.713974 125.89307 121.444046
0 899.46625 117.5438 132.53229 128.61572
0 855.9305 -130.48688 127.05011 119.18485
0 1061.9498 365.65906 107.54126 96.32602
0 1013.60803 230.61589 139.22534 139.82442
0 920.25684 -2.6061957 133.34937 124.11259
0 1081.0723 142.48271 103.0199 98.51782
0 1060.4258 117.72629 75.23462 65.51599
0 1185.3828 247.81876 120.52478 109.54776
0 965.3508 -128.18527 117.45679 117.627914
0 1035.6473 -24.159159 123.303345 117.33142
0 1101.3232 39.241646 123.5813 119.93102
0 1066.1256 -124.960495 75.081665 85.875305
0 1070.9963 -202.81096 123.17114 114.71097
0 1244.8293 137.14629 93.07263 94.22322
0 1334.7834 267.12262 62.347412 64.85504
0 1140.4006 -101.15423 114.96924 114.58355
0 1217.5111 31.546759 98.40442 105.138115
0 1352.501 182.15436 97.51831 91.61194
0 1212.5995 -68.88431 112.2926 104.360535
0 1183.2875 -170.37418 77.62109 84.47009
0 1255.7556 -11.023529 116.1958 122.47729
0 1322.8816 85.69351 91.25354 94.27219
