0 453.0412 342.12473 79.36633 74.45282
0 371.8278 244.55449 103.83569 100.82652
0 442.8895 442.2694 93.644196 96.361145
0 350.0296 346.40427 87.9668 84.14972
0 223.10365 160.97917 131.82796 120.09102
0 263.14856 267.1619 116.67795 123.17844
0 399.4078 656.29645 91.34555 107.09772
0 239.42224 417.64343 118.727295 116.10718
0 221.27449 376.75754 88.363174 69.673706
0 269.28522 559.01794 97.22702 89.753296
0 169.79474 312.96826 77.66052 69.467865
0 131.43066 229.50542 64.8024 82.74208
0 218.24088 454.45273 49.390625 72.702545
0 323.02374 725.03973 27.34494 46.205017
