0 390.07718 -235.67422 79.073975 85.384186
0 509.2736 -258.78528 74.44571 69.59816
0 312.75873 -203.4984 104.47638 98.44799
0 236.63486 -146.24861 107.63315 106.58095
0 413.64532 -185.8291 143.76617 129.98123
0 535.3521 -186.28185 86.99829 82.89641
0 314.97937 -109.130554 96.88901 97.00692
0 207.78522 -11.68852 94.34766 107.62392
0 271.15762 -53.767963 122.91315 135.59686
0 626.21 -205.24727 100.44794 99.18094
0 388.65015 -40.814793 101.17792 104.09631
0 496.36224 -70.588615 111.0061 121.86226
0 331.311 82.98459 74.89972 75.52725
0 351.26434 77.623146 98.06546 101.23206
