0 -26.098888 17.066547 89.60282 91.47601
0 -82.247314 101.75952 89.497475 87.14415
0 -100.49806 165.13458 92.953926 91.4704
0 37.75567 83.14601 58.775574 70.7068
0 81.711945 68.61322 107.0983 93.17351
0 -97.77498 291.8616 77.85763 76.98825
0 -146.35939 391.33685 51.449364 53.08899
0 35.040688 143.95895 87.34722 88.75981
0 -28.55022 238.46698 72.498566 82.44473
0 -85.12999 388.64374 84.46972 74.45877
0 35.210575 207.7848 85.22084 78.53017
0 130.31776 151.7553 65.011185 71.142105
0 3.575577 250.65298 102.79389 105.028564
0 -36.688805 321.86026 114.188446 108.58237
0 128.77037 230.56036 108.84747 132.29434
0 210.85693 204.2408 74.840485 81.446
0 72.88675 337.73035 93.13013 92.16431
0 43.719715 462.1872 110.5719 90.094666
0 78.4107 400.25638 140.85089 119.12027
0 280.14304 155.7432 95.58722 97.175705
0 188.05594 371.6537 101.57153 96.36429
0 260.22186 312.68942 126.28134 107.555145
0 219.47035 500.64734 71.83064 70.776794
0 243.51306 484.59183 99.04584 93.45261
