0 855.7163 135.39519 65.61047 58.388657
0 879.0589 15.849349 87.61719 81.37115
0 899.84326 218.91954 75.8996 82.90105
0 952.6993 94.99851 74.97772 70.778145
0 964.4234 -119.41251 107.49664 98.12828
0 993.9058 -5.9283767 78.38165 107.75592
0 1027.451 404.00168 70.08557 98.40668
0 1055.1519 128.021 100.257935 101.902466
0 1070.5797 77.93792 81.866455 52.35096
0 1096.2368 267.6168 95.44934 77.747345
0 1117.1089 -8.897386 109.35864 59.61213
0 1134.5314 -113.10143 90.51965 87.463974
0 1156.335 120.60402 94.54944 93.56233
0 1221.2698 -118.041336 94.68213 81.73265
0 1189.6727 419.8845 80.2041 60.15909
0 1197.9575 284.37668 106.72803 107.95337
0 1219.8965 28.113676 100.34253 83.884346
0 1292.8987 229.3869 74.92908 69.905304
0 1288.3093 190.74634 64.14087 38.749283
0 1329.1268 384.52823 93.27734 70.727295
0 1309.4955 -63.789616 80.21155 89.97194
0 1322.213 64.98018 83.07788 82.462906
0 1349.2438 156.06384 61.46692 87.72533
