0 102.25105 183.6615 74.0813 58.809616
0 53.99434 69.964005 95.92572 80.826065
0 43.636044 270.03497 83.392746 80.90369
0 -14.476961 150.18794 81.97685 68.04936
0 -70.79085 -56.410202 123.568436 94.66528
0 -72.11901 51.105656 100.66637 104.01674
0 -97.44223 442.8736 74.974724 94.25757
0 -166.96529 181.09663 109.300766 94.874466
0 -163.93301 133.72108 90.22875 50.581192
0 -209.06525 310.81247 104.71638 74.87302
0 -246.45454 49.01807 126.73449 58.023403
0 -242.14842 -46.917107 98.320816 85.26764
0 -270.40485 174.7055 102.13254 86.466736
0 -261.89496 -24.079966 23.573914 39.97088
0 -277.78854 459.21948 86.11247 55.19806
0 -276.00882 333.58252 62.56407 84.9144
0 -266.96164 95.45365 29.894424 64.59618
