0 628.28534 210.74895 64.24707 60.024582
0 574.1435 88.79617 85.69849 84.222626
0 583.01 305.2399 73.411194 85.17114
0 518.5435 174.46085 73.29944 73.29753
0 458.96573 -47.908237 101.64444 101.45311
0 470.8249 65.076645 82.90613 112.6125
0 482.92444 501.12347 68.55615 102.36206
0 400.30795 212.20004 86.188965 103.05972
0 396.32217 162.58383 70.20923 53.344345
0 375.54456 362.5811 93.70715 80.21036
0 315.706 68.152336 104.7706 60.574257
0 305.2365 -39.421032 88.43942 90.62715
0 303.6647 205.63101 92.29556 96.99881
0 212.61507 -46.84129 92.80693 84.45357
0 309.25598 519.25995 83.366516 62.02478
0 269.8926 372.55865 97.01352 111.80252
0 224.67493 110.29146 98.44205 86.59123
0 193.33989 319.2982 73.278305 72.37323
0 204.45847 281.12262 62.07318 39.547607
0 154.36272 484.9984 91.742966 72.81799
0 141.9446 9.281596 77.961044 93.51455
0 134.30737 150.45528 88.320206 85.41171
0 118.63306 240.7069 86.060425 90.45125
0 98.090004 49.783684 38.58294 81.96258
0 37.070225 5.2625675 74.39641 75.93064
0 77.687325 398.43378 60.70733 76.21677
0 88.869835 558.1871 38.846153 54.64966
0 36.18494 134.58636 70.50041 81.78378
0 48.525085 286.52438 58.374664 92.03537
0 44.79244 511.19443 38.522938 58.38565
0 38.11235 218.92348 29.519981 59.484024
0 39.38881 274.77713 22.233906 101.62573
0 42.15789 395.94318 12.17625 45.67874
