0 -133.812744140625 652.63696 108.1552734375 104.8432
0 -76.901611328125 748.26025 92.1728515625 91.400024
0 6.6153564453125 860.72516 73.9285888671875 75.12683
0 124.5380859375 981.7159 65.051025390625 64.588196
0 -22.52294921875 775.2783 93.02490234375 90.50629
0 -36.9478759765625 669.38385 77.0335693359375 76.55646
0 5.7708740234375 816.329 117.761474609375 116.04932
0 67.262939453125 872.2605 126.4505615234375 123.50842
0 44.8819580078125 666.334 137.626953125 138.37341
0 45.26904296875 605.2341 88.4295654296875 87.821655
0 119.0809326171875 785.87897 106.73291015625 104.635864
0 226.918212890625 857.0958 115.68414306640625 110.76758
0 182.0986328125 771.7157 147.96435546875 142.43176
0 27.2506103515625 498.32233 106.0419921875 104.622925
0 198.4881591796875 680.36566 111.80902099609375 109.217285
0 168.1488037109375 563.51227 132.3717041015625 127.57648
0 331.61749267578125 727.8434 80.88116455078125 79.348145
0 326.4781494140625 678.56464 109.28668212890625 106.64093
