0 -69.64239 -130.47563 47.2174 83.64017
0 -115.1138 26.48816 55.002758 78.62969
0 -46.715775 -89.05807 47.046585 81.615105
0 -132.65022 93.689644 59.528496 111.9911
0 -156.25552 196.96706 81.96669 113.40703
0 -35.518074 -1.9703109 80.60469 161.05806
0 24.229551 -59.831856 55.922844 93.53441
0 -74.32822 169.13069 71.911156 100.2408
0 -87.54832 340.14297 90.526924 85.056366
0 -63.874386 242.20235 111.12611 115.285934
0 77.99209 -152.26483 69.67005 105.10777
0 23.989048 162.10071 77.99844 101.66901
0 76.528046 55.566746 98.9489 104.57718
0 62.134426 311.82864 55.15652 76.680786
0 78.01217 281.7934 76.52665 98.31287
