0 1037.4447 96.20249 57.331665 84.395256
0 1046.9738 176.21744 51.47827 88.774414
0 970.93604 6.031879 44.166565 81.142815
0 879.0194 -33.688557 98.77875 82.766205
0 1011.7025 331.84668 67.052124 77.05563
0 1055.2443 481.83725 43.179077 54.960663
0 922.61096 80.14914 73.11047 90.731125
0 969.4682 228.22005 56.926575 91.381516
0 961.2055 446.09106 77.398865 67.05121
0 904.00244 161.4484 76.35913 73.87106
0 852.7614 43.317432 52.478027 76.855896
0 902.9496 224.2989 86.792725 107.89671
0 905.3671 333.00247 100.57666 105.109406
0 784.1968 128.33183 81.757996 152.79073
0 749.1293 64.648315 60.64447 87.65044
0 818.27545 297.95285 80.888794 92.366425
0 785.90265 468.69717 105.69916 74.36575
0 741.0256 370.56955 131.66296 102.61386
0 676.1625 -32.330235 79.757385 99.07675
0 688.19586 280.55762 89.3468 93.07379
0 610.58356 171.31015 117.352295 93.34354
0 648.8434 424.61157 61.99939 70.63199
0 602.67365 390.7317 87.61328 89.82593
