0 78.1173095703125 101.11254 45.3233642578125 71.881004
0 74.4462890625 251.69699 53.9560546875 65.80063
0 111.7325439453125 131.75737 45.265625 69.9781
0 80.64794921875 314.36346 56.7369384765625 96.863556
0 84.5977783203125 410.7737 80.639404296875 94.46295
0 158.33251953125 201.40904 76.2442626953125 140.13936
0 191.6016845703125 138.02051 54.0205078125 79.862656
0 156.455322265625 365.47507 70.70068359375 83.5863
0 186.4404296875 519.7945 91.53997802734375 65.99158
0 187.5885009765625 424.89856 111.698974609375 91.38037
0 221.227294921875 41.03087 68.00445556640625 88.60297
0 251.9921875 332.955 77.1207275390625 83.93082
0 274.8619384765625 223.77368 99.34033203125 83.20224
0 327.1051025390625 457.24234 54.24072265625 63.916046
0 337.46685791015625 424.70593 75.75408935546875 80.97583
