0 442.09714 33.660473 91.81369 94.6127
0 542.37573 -20.319426 126.03473 129.31348
0 373.111 132.66623 116.66214 118.244415
0 528.1736 97.252495 108.755005 111.43905
0 709.8576 -14.494809 143.62201 146.11317
0 618.4799 70.158875 133.34796 131.34024
0 272.20117 349.63614 133.43893 134.12604
0 552.01306 217.1225 140.66296 142.17554
0 646.4879 199.91905 91.37793 95.588394
0 467.2277 337.71005 128.79361 133.53622
0 743.79785 179.78076 121.92468 130.05814
0 830.8454 133.15149 129.74463 132.21548
0 629.55304 290.98346 132.67932 134.21902
0 898.411 204.92073 131.35754 135.56673
0 403.98138 500.67517 107.50415 112.631714
0 501.809 435.3931 146.75534 147.38266
0 766.8321 295.24805 132.38367 136.30835
0 647.00433 480.22726 108.03143 110.80118
0 711.9437 455.9037 71.268555 75.06653
0 535.8 608.8137 121.76404 126.96301
0 907.7953 315.86307 127.4657 128.80432
0 806.6653 408.66275 125.31726 128.21121
0 740.6155 484.32303 131.0105 133.7327
0 944.43353 420.7558 90.13153 87.32236
0 1001.4883 413.89908 126.67847 131.04703
0 675.60754 647.149 101.82562 102.538086
0 577.2359 761.48157 69.624084 69.506775
0 896.89233 498.38516 124.30896 125.80997
0 775.63745 597.39075 112.126526 110.987366
0 639.575 772.3126 100.9303 104.11633
0 878.9661 577.6723 115.305786 119.362366
0 1009.2823 533.01306 92.25165 91.023865
0 803.4613 634.6003 146.01184 147.46991
0 719.8459 714.3682 144.789 146.98755
0 934.28 648.2698 162.91284 156.39136
0 1063.1964 626.02765 107.9209 107.01648
0 839.8274 771.05225 116.01373 115.80902
0 744.3426 913.20795 119.4397 124.70184
0 805.93134 850.0382 162.9851 169.63617
0 1157.6847 575.3372 143.93213 146.22589
0 937.1492 835.8741 137.12524 140.6549
0 1052.8904 780.955 149.40039 155.60321
0 910.5275 1009.94116 84.994995 84.96472
0 952.01544 1011.3366 87.61029 85.61078
