0 1114.5472564697266 246.12276 88.37608337402344 78.860214
0 1115.0791015625 111.620316 115.55046081542969 108.50571
0 1186.4680099487305 332.27426 102.65024757385254 103.73569
0 1217.9206504821777 186.29903 98.13020706176758 89.915054
0 1188.2705688476562 -48.76469 149.7493019104004 127.75156
0 1239.1204261779785 65.10127 127.75202560424805 133.35306
0 1384.3877410888672 496.5308 94.25732421875 116.53592
0 1360.8360595703125 186.78603 131.7425994873047 124.397964
0 1366.4670486450195 133.52223 102.69181060791016 72.47589
0 1435.0652465820312 337.05762 82.66891479492188 82.97055
0 1387.033706665039 47.016426 61.251861572265625 66.5895
0 1395.786521911621 -46.87134 33.44617462158203 63.947323
