0 567.3757 152.33884 80.17212 76.645386
0 578.6164 48.526382 109.11969 104.57408
0 466.03162 174.2651 100.068115 96.663086
0 493.52048 58.768047 93.96872 90.12732
0 553.5363 -105.19385 130.22467 124.89172
0 493.87784 -35.055935 121.5773 118.34825
0 270.01117 215.06566 105.50778 103.14131
0 363.15836 -0.85054266 119.17398 115.29194
0 413.6941 -31.227364 81.33679 77.02466
0 272.93808 64.99398 113.196075 107.779106
0 398.24146 -137.54448 111.57669 104.42835
0 432.78665 -204.63298 114.504486 109.95325
0 293.4741 -69.91565 120.75067 116.09093
0 366.689 -270.94846 114.688324 109.5116
0 144.37308 107.506386 95.88774 90.718575
0 168.15877 0.30012774 131.00734 126.591064
0 288.81516 -176.21161 120.11984 114.51695
0 156.45071 -81.749245 93.489624 89.61627
0 204.05565 -95.53748 67.643326 63.584923
0 34.733715 -16.719923 107.88487 102.367035
0 275.15216 -287.82745 107.96124 104.46036
0 195.95767 -215.26173 111.73749 107.00028
0 130.7352 -175.60612 112.59593 108.251175
0 224.39603 -296.78824 71.78647 71.39328
0 195.02373 -367.7918 103.57045 99.068695
0 19.08865 -116.7819 85.81189 83.21307
0 -47.796947 -20.998316 57.941696 56.499878
0 123.7019 -295.2841 100.86581 97.46892
0 49.152306 -199.07117 92.160515 90.365364
0 -70.52221 -86.52489 71.047295 68.61123
0 84.7328 -253.72263 65.225876 63.72357
0 155.37006 -319.13364 28.219986 29.257507
0 32.685 -219.25304 79.11061 79.87056
0 -4.971521 -149.99606 45.789143 45.699326
