0 858.8591 190.22809 72.89154 75.68787
0 773.3646 89.35918 98.689514 105.28496
0 853.5162 295.22534 87.81055 101.02612
0 758.82086 194.7878 84.80017 91.212296
0 633.24506 4.4143434 110.95514 123.658775
0 684.6446 113.86808 92.770996 125.521614
0 836.38367 514.031 96.7074 117.90497
0 670.7609 269.2708 104.914 122.78
0 648.63684 227.67558 76.01245 71.85112
0 695.888 416.48135 104.242615 104.18558
0 551.83014 161.3461 107.552734 89.69025
0 505.11 69.38463 100.07153 110.88681
0 593.47687 294.1255 100.93756 116.23248
0 426.65552 97.28358 104.78949 107.79992
0 702.259 586.7572 89.85687 84.096375
0 625.1913 466.29327 107.15289 130.4339
0 489.56485 234.14134 105.84323 109.828384
0 534.7949 447.74493 84.496826 90.354675
0 528.29974 408.46118 60.706604 54.830322
0 554.8713 606.1833 100.293945 96.74475
0 387.57208 178.62888 94.99704 111.332184
0 427.7632 306.47095 97.99252 105.89877
0 444.6148 399.11127 100.920044 111.13574
0 362.7304 249.70813 58.033295 87.94409
0 280.6073 218.16542 101.8096 103.20143
0 463.3304 567.8507 75.02243 89.820984
0 525.04816 716.54474 49.825806 62.89862
0 332.65988 333.87732 93.124146 108.10507
0 401.02457 472.98795 77.92917 103.62662
0 442.2466 690.19745 80.39908 82.947815
0 321.8849 413.62125 92.86484 93.73956
0 271.32745 311.71323 63.4086 85.971405
0 331.5365 483.08752 109.8909 128.22363
0 365.45337 590.8192 109.56244 124.810974
0 227.86705 412.4937 101.38023 162.50159
0 182.76228 356.083 76.74199 99.77231
0 286.87988 582.3606 82.992676 104.82654
0 295.39285 751.1911 98.770966 94.4884
0 231.34032 660.1223 133.506 130.25494
0 94.60459 263.21848 110.39056 124.29767
0 169.20203 586.60345 107.28674 114.65369
0 109.12322 487.1042 103.43888 113.644226
0 197.62782 747.81134 36.82373 58.638184
