0 579.43616 321.4931 79.11487 77.608154
0 486.1043 222.95438 106.34668 106.29053
0 572.8102 418.08282 96.92114 103.50006
0 470.4165 328.58316 91.23834 91.57535
0 332.26578 137.63403 131.13507 128.948
0 385.86417 254.23933 114.25879 129.48116
0 552.28125 643.2463 97.11102 115.03729
0 374.2798 405.39587 125.776855 131.4815
0 351.77142 365.68384 90.34012 77.17508
0 405.62158 550.1174 111.549866 105.27173
0 247.73123 308.5498 118.90143 94.58148
0 203.00043 218.06288 110.90979 112.40523
0 288.8174 443.92023 116.65869 119.42255
0 124.32077 254.70407 112.369644 108.6445
0 411.72873 733.1481 89.463196 82.66675
0 319.7629 614.7042 134.30646 137.7367
0 186.26643 387.80798 118.06932 112.637115
0 246.6809 603.8067 84.900925 90.39734
0 232.04498 563.9952 69.940125 58.3844
0 313.22394 765.7751 53.202667 63.78363
0 123.16439 343.51328 62.962746 86.99185
0 181.58487 474.86853 48.007446 68.94281
