0 568.8939 159.73212 71.9621 69.90654
0 558.46484 41.82665 96.2677 95.655365
0 491.34598 218.25563 87.05002 93.30168
0 485.5122 94.70477 82.4823 82.23172
0 500.3868 -107.914406 119.199005 115.83209
0 462.5966 -5.305178 103.26883 117.47564
0 327.557 342.32864 85.91 103.98227
0 353.7716 84.02319 113.36386 118.81467
0 385.75604 40.59897 83.07706 68.7608
0 290.21555 193.55809 101.54181 94.263016
0 343.56595 -56.478138 110.56726 84.138824
0 369.77075 -148.31052 100.15274 100.97973
0 276.6258 50.147633 105.21997 107.33095
0 294.07562 -175.88788 102.01712 97.393684
0 185.9924 307.48425 81.62024 73.94702
0 178.50446 179.16144 121.11142 123.80054
0 246.29623 -50.327778 107.34619 100.900085
0 169.16405 118.95082 65.24213 77.00476
0 193.3812 82.47564 56.622223 48.460777
0 122.90217 260.2036 32.550255 45.52408
0 260.69827 -131.8771 45.438507 75.476715
0 223.29155 -12.093031 27.646317 50.316315
