0 1131.8021 245.27293 75.184814 54.61946
0 1165.3782 150.21263 97.07422 74.74182
0 1174.8544 327.3588 84.43298 74.0394
0 1243.3804 229.52554 82.951294 62.785614
0 1271.6392 53.176804 125.54773 87.758224
0 1288.7401 147.93776 102.23474 95.03041
0 1314.0614 496.06415 75.78137 85.44147
0 1367.4967 272.4108 110.59631 87.33899
0 1388.5941 232.1557 91.31409 47.822815
0 1406.7319 391.9002 105.96741 69.653534
0 1439.4396 165.19206 128.26599 55.77443
0 1469.8342 83.34274 98.87891 79.52127
0 1478.8916 280.22147 88.506714 77.043396
0 1564.3379 112.552124 10.807495 34.87944
0 1484.2113 530.81433 73.981445 49.477234
0 1514.73 424.67953 47.799683 68.739075
0 1555.1001 218.32822 15.7948 52.565796
