0 1244.8057 582.40826 72.50818 79.71246
0 1207.0083 640.7416 70.68359 80.439575
0 1251.8105 487.683 62.78064 72.41
0 1214.064 418.0871 98.039185 94.605835
0 1109.3668 728.9334 75.50964 78.458984
0 1069.0177 850.5033 50.91736 54.16736
0 1178.3086 515.09174 85.213745 90.12775
0 1130.1951 637.3661 75.25073 84.32202
0 1022.97797 781.3258 77.763245 75.629395
0 1132.3085 560.8382 80.03259 79.88037
0 1160.506 454.2638 66.20056 72.69495
0 1082.6904 603.1187 101.2406 107.12134
0 1028.8271 678.37616 108.76758 110.54248
0 1037.1451 478.64966 117.32446 135.80359
0 1079.4415 417.28668 76.002075 83.21237
0 998.7749 610.1845 90.838135 94.24689
0 898.0184 710.5603 98.81311 91.547424
0 907.5748 623.3675 127.36963 120.843994
0 1078.8577 316.51685 93.00244 98.38776
0 926.1485 533.9556 96.49451 97.99548
0 934.3209 423.14737 114.33386 108.993805
0 837.2476 609.91846 69.55469 72.12567
0 816.8197 565.3948 94.00336 95.11047
