0 175.01213 28.243027 90.186905 88.87678
0 188.39253 -101.40423 120.28819 119.82388
0 65.317154 75.35528 110.86191 113.732
0 92.03557 -63.14616 102.59935 102.088486
0 153.5132 -281.58487 148.85228 146.09995
0 82.40896 -179.83902 137.02191 142.6935
0 -157.51057 163.20201 112.69461 121.614365
0 -67.01597 -112.909874 144.40555 147.3679
0 -6.908305 -155.90907 98.711815 90.98862
0 -159.86197 -14.895214 124.01399 119.81232
0 -34.009327 -274.20782 131.03735 116.35469
0 16.129707 -365.459 124.95176 124.911285
0 -143.76202 -172.99161 131.68239 132.27652
0 -29.653225 -393.24866 90.779625 95.23093
0 -300.33438 81.135376 99.08397 94.77249
0 -278.31482 -53.91217 141.237 145.38995
0 -120.09356 -271.98666 102.62395 108.05423
