0 1133.3641 -215.66028 52.11975 58.48912
0 980.7575 -360.1304 90.706116 95.4509
0 1036.8751 -295.1583 116.19226 119.83307
0 1305.0504 -27.351566 114.67871 115.938324
0 1067.4994 -170.06734 124.39148 124.52042
0 1029.4844 -190.28615 84.742676 81.125374
0 1134.0284 -59.906326 117.99048 114.25827
0 906.32733 -213.6219 116.13379 108.42381
0 832.38873 -259.83194 113.722046 113.01317
0 994.4975 -105.43389 111.65936 112.66727
0 751.00256 -203.84224 119.57501 116.48818
0 1185.5997 84.90339 99.90161 95.44784
0 1068.1667 23.479 128.63025 129.85307
0 863.45013 -116.767006 116.61438 114.479195
0 963.21936 51.26103 97.49878 95.75331
0 946.62305 25.054474 66.15466 62.84259
0 1031.6691 168.97417 112.421265 108.07292
0 736.948 -114.62543 112.68939 112.84164
0 814.55383 -28.416975 110.08124 108.880806
0 858.1367 44.10821 117.46234 116.07544
0 722.32715 -25.93592 75.11084 79.52359
0 634.2359 -40.438526 115.68402 112.35405
0 920.5952 188.11176 89.58716 90.11783
0 1024.298 294.07996 60.52002 61.575714
0 723.6432 41.02287 107.79712 108.12941
0 835.3769 140.71584 89.823 93.74359
0 929.9846 296.22284 91.81836 89.5018
0 742.2479 114.92498 94.667725 93.41605
0 649.0771 59.71527 78.8833 81.51143
0 772.5216 165.00272 120.29169 122.06763
0 830.17303 235.69287 128.83002 128.22565
0 635.1004 158.00592 135.69104 145.02829
0 570.9061 131.62903 90.53473 93.41452
0 742.55255 269.79486 102.65576 104.107544
0 800.22644 402.0695 111.99133 107.2724
0 711.66986 342.0555 150.11304 144.64413
0 464.7742 85.643074 120.468414 120.89756
0 626.0902 318.1161 115.98926 115.11539
0 511.58755 264.10168 136.96231 131.96414
0 669.5765 471.52954 82.50934 82.91748
0 603.5842 457.60724 111.31195 110.55481
