0 700.3741 323.9207 85.099 73.80243
0 605.8856 244.60419 114.7865 101.49338
0 683.0468 414.237 102.63898 97.0271
0 575.8826 343.23343 98.57831 87.76312
0 443.7726 184.96909 137.56259 121.974884
0 491.67334 285.64874 103.61676 114.09271
0 640.955 617.44275 102.208496 107.58856
0 465.4275 423.98312 121.24829 115.96243
0 446.0323 394.60706 89.079834 71.29962
0 488.4791 549.2262 121.74881 101.98401
0 332.4149 343.34186 126.89087 91.989716
0 288.88907 272.76434 119.633484 107.54822
0 363.81552 462.21973 125.61661 114.0694
0 190.26495 308.55313 122.16763 104.79913
0 467.52423 707.8114 105.352295 83.6557
0 379.11414 606.40027 137.75043 128.5008
0 252.74014 422.78732 128.64218 108.908295
0 285.91925 611.9301 98.26376 87.05426
0 285.3633 582.3994 77.26526 57.681274
0 298.12753 751.70087 117.38742 95.52362
0 134.98102 393.6599 109.775955 105.11847
0 172.17961 502.61728 117.8586 103.54819
0 184.13345 580.1809 117.13205 106.36725
0 103.206116 464.3207 65.63309 79.03079
0 49.832977 440.87204 76.19407 73.31351
0 192.69142 735.05225 86.557816 84.42651
0 253.96696 865.61456 57.25032 58.473755
0 96.52259 550.657 66.09768 69.2218
0 145.82541 663.3848 68.90294 82.15192
0 222.21245 848.72 26.069687 39.52942
