0 722.62548828125 10.198198 85.34756469726562 85.296585
0 662.8560791015625 -104.346695 114.3919677734375 114.75746
0 816.5944213867188 46.924583 105.43267822265625 106.34536
0 771.7254333496094 -79.77332 95.98764038085938 96.119286
0 645.62548828125 -271.17316 141.56900024414062 141.01242
0 733.2628173828125 -191.49033 133.42086791992188 134.897
0 1037.2785949707031 104.75374 107.85826110839844 110.40025
0 880.1109619140625 -144.956 130.77847290039062 131.25024
0 857.5098876953125 -182.18869 89.228759765625 87.635605
0 999.9921875 -38.986927 84.61259460449219 85.30177
0 827.754638671875 -241.97705 65.34640502929688 66.26648
0 787.3765258789062 -308.28723 50.000274658203125 52.711426
