0 692.5277 161.74068 78.723145 71.55263
0 602.2309 89.44857 106.44629 98.47901
0 684.0233 249.74507 95.41235 93.41313
0 582.1157 184.45583 91.47894 85.13179
0 450.82947 37.49615 126.79437 117.92668
0 498.83667 124.622185 113.52112 117.441
0 660.3954 443.63828 97.605286 103.79672
0 486.61328 263.6749 113.269714 112.11908
0 465.76984 235.6774 81.91614 69.53668
0 514.16986 382.0692 112.3819 99.2262
0 361.27386 189.8735 115.79169 90.21365
0 314.11142 123.769585 111.11493 104.275
0 396.61688 302.6702 116.77875 110.54471
0 228.361 161.59349 112.99875 101.842606
0 509.0924 533.1693 96.82184 81.63074
0 424.9356 439.1656 123.780334 122.03613
0 292.2037 268.07376 118.85239 105.90607
0 335.17184 447.90564 91.14694 84.46423
0 332.1986 418.79196 69.03168 55.642456
0 355.94278 578.95294 108.09369 93.0802
0 183.38658 243.2377 102.56044 101.62109
0 223.88618 345.23203 109.241684 100.50818
0 240.7446 421.2477 108.89139 103.080475
0 154.60477 309.94012 62.831467 75.697174
0 68.94008 293.77173 109.76239 97.89441
0 256.15268 567.3535 81.01245 81.550415
0 321.0442 687.3013 53.832947 56.37799
0 118.46968 387.6976 100.52922 98.912415
0 190.38544 499.94022 84.24332 91.764496
0 239.31714 674.5131 80.92621 73.76654
0 132.67268 464.59235 73.55887 72.33008
0 88.011925 391.60727 39.407814 53.368195
0 157.28032 514.05927 77.25217 94.510925
0 202.4452 604.915 52.741898 59.923584
