0 792.67883 50.10282 60.59601 71.728546
0 660.9333 -98.40552 86.15332 99.44097
0 707.0205 -18.981936 96.39636 112.493835
0 911.56415 284.20206 101.8241 109.78912
0 721.1797 107.87528 105.144165 112.72256
0 692.8701 78.81328 73.53015 69.20653
0 767.9582 225.75171 101.70813 99.02838
0 587.8698 35.254505 102.183105 89.20824
0 531.52527 -26.65467 96.54364 101.35771
0 654.6315 150.14769 93.909546 103.00296
0 455.93515 8.513579 102.7164 101.78184
0 795.4119 371.64853 86.7807 81.19864
0 704.042 286.52643 108.15881 118.789
0 543.93726 112.47354 99.730835 101.05769
0 611.6491 287.60767 83.35596 84.56958
0 601.7032 257.18015 57.63983 53.01352
0 657.25397 415.0849 97.31482 92.732574
0 434.7955 87.3579 95.22745 102.1867
0 491.76483 184.19344 93.717285 97.060196
0 522.1623 260.6892 100.05548 103.35126
0 416.73807 157.77608 61.25531 76.93477
0 340.1481 133.81244 99.55832 97.771164
0 563.0959 403.21906 75.494446 82.07599
0 641.6256 520.3877 50.629578 56.860107
0 409.07004 226.36673 91.872314 98.644165
0 496.0239 339.11896 73.9509 89.22766
0 558.7247 506.77448 78.83771 78.26099
0 416.93213 298.2374 80.7077 83.020935
0 345.6911 221.99977 65.3634 76.69246
0 437.09473 353.28857 100.82715 112.391754
0 478.4342 433.25992 109.26721 115.22977
0 322.56158 313.74948 109.32474 141.41019
0 270.74603 272.74033 75.092896 87.74982
0 402.149 441.43658 85.38681 95.37433
0 436.08078 580.7481 96.56802 91.24988
0 364.09244 511.30786 129.76831 124.51373
0 183.01685 211.91655 102.9621 110.731125
0 296.6263 462.8293 98.77194 103.20175
0 202.77228 392.98785 118.69107 113.756195
0 320.6832 610.48096 69.5715 75.4267
0 262.694 586.89386 94.52515 99.07117
