0 1381.3684 398.79904 37.960815 72.10855
0 1399.2682 180.11534 72.47009 104.48851
0 1356.6755 280.03564 91.81799 123.9465
0 1251.5138 690.67194 99.887695 117.62091
0 1263.9683 391.95578 103.35083 120.50351
0 1287.6124 339.38083 75.34912 70.09009
0 1206.8917 523.39465 103.17029 101.8139
0 1235.7341 227.29367 106.93567 87.13669
0 1245.3452 122.44806 95.58179 107.48656
0 1190.9167 361.08804 91.57434 111.056885
0 1163.5933 87.585686 103.6272 105.43412
0 1122.9349 654.6761 89.08948 82.01776
0 1108.7191 511.14993 105.40906 128.13553
0 1142.7123 240.8598 99.88916 105.64761
0 1061.5887 428.1795 83.465454 88.46753
0 1094.2589 390.61978 59.460938 53.12027
0 986.3847 570.0207 99.358215 94.441895
0 1091.4883 123.46587 93.56946 109.26882
0 1056.0415 247.5295 93.208374 102.37962
0 1012.1573 333.74 99.59955 108.90103
0 1039.528 148.39963 56.61328 86.80287
0 988.39404 81.09085 100.713745 100.89043
0 940.95306 468.45337 73.84271 88.20282
0 916.9566 618.52484 48.949463 61.832397
0 965.8533 205.21184 89.51074 105.23332
0 944.43976 357.8525 69.51318 99.411194
0 856.79865 547.2923 79.50073 81.134094
0 922.3002 265.52975 80.450134 87.334015
0 938.95917 137.88547 62.135193 84.66391
0 880.0231 326.89413 97.73151 121.87747
0 841.78455 427.9144 108.01453 122.40982
0 822.3806 192.42218 100.27112 161.16821
0 842.7549 113.85684 71.49866 96.73805
0 795.4214 359.41287 83.29028 103.72806
0 706.68036 503.31967 99.34393 92.779144
0 694.42487 397.84937 132.21991 127.198364
0 816.79895 1.1237077 100.01984 117.881584
0 700.6482 290.08456 97.74927 109.16348
0 682.73016 164.53802 120.726074 116.05728
0 617.32935 412.80783 68.116394 80.97339
0 583.33704 353.55704 93.640564 105.0036
