0 763.57416 496.4318 80.12567 80.346344
0 842.45123 458.8242 108.91742 108.97916
0 727.6223 574.14124 101.11957 100.339966
0 851.92206 558.44745 93.83942 93.81494
0 980.2476 465.71945 132.3565 132.51962
0 925.1968 544.98706 115.46277 113.05194
0 692.6593 769.5281 105.61517 103.42078
0 886.4425 659.9763 129.11865 128.63696
0 958.6591 648.4473 88.65839 90.31323
0 841.21173 761.59607 112.620056 113.4223
0 1043.6898 646.1391 112.27698 115.148315
0 1105.6809 610.2548 114.406494 114.24109
0 969.31726 740.70374 120.720215 120.39874
0 1175.8005 680.1721 114.267456 114.75226
0 823.04877 911.8647 92.43475 93.510864
0 887.97534 854.344 137.0647 136.50397
0 1079.8627 749.4463 119.584595 120.28284
0 1014.02484 906.7673 93.32745 93.35803
0 1053.2039 884.5254 68.20813 69.658936
0 940.7709 1012.1974 107.150635 108.28882
0 1201.2263 780.0751 108.27515 107.28821
0 1131.937 852.0074 111.487305 111.63733
0 1090.3623 918.7153 102.96741 101.8053
0 1263.393 870.3033 37.318115 34.98108
