0 400.83112 235.7292 82.114716 80.97252
0 373.34186 132.08136 111.60889 110.4093
0 480.95572 252.53381 100.60092 100.45276
0 470.47995 138.16096 96.01749 95.07901
0 395.5054 -30.078815 133.06027 131.74727
0 462.58536 34.518887 121.83267 122.84854
0 663.07697 279.44067 106.98523 108.11011
0 584.38574 62.298977 120.411255 120.49016
0 575.9924 31.471712 84.45239 82.37424
0 673.4733 117.13611 116.742004 114.597916
0 571.6399 -76.63729 117.55682 113.12347
0 545.2398 -145.37364 116.82501 115.84592
0 660.8998 -16.140455 122.990906 122.13766
0 619.71747 -217.11269 117.852844 116.0802
0 810.66486 154.22746 99.70343 97.1427
0 766.7384 52.16882 124.8855 125.492035
0 679.8873 -128.16774 123.68298 121.59419
0 828.6123 -42.25724 95.58777 94.58632
0 809.1732 -54.911182 68.16388 66.08185
0 924.5756 12.552066 111.75226 109.25339
0 719.42676 -242.9247 109.055176 109.14632
0 785.0147 -177.74643 114.39984 113.06564
0 847.7352 -140.13428 114.689575 113.895134
0 815.5565 -257.68658 69.8562 72.39804
0 819.51825 -341.53888 114.24353 112.33086
0 979.9642 -89.54865 86.429016 86.73716
0 1063.3888 2.2762318 57.92285 58.531425
0 883.0387 -269.18823 106.737915 106.69862
0 954.16174 -172.11581 91.454956 93.063255
0 1080.3242 -87.66332 90.460815 89.13047
0 948.81976 -264.62668 104.15033 102.35567
0 925.61224 -335.6002 74.68286 76.197754
0 990.30615 -246.37607 132.02905 131.51129
0 1051.737 -185.1057 125.186646 124.84285
0 1029.2489 -328.86444 82.05847 89.33235
0 1120.19 -230.26355 50.749023 54.363907
