0 970.96564 360.8167 68.87396 85.2616
0 979.5901 320.89673 68.168945 49.733612
0 951.8806 460.15695 72.847046 69.47458
0 917.1998 224.61385 99.47699 60.14302
0 909.50684 145.97119 82.36017 78.808304
0 902.9333 328.1662 76.597595 82.242615
0 822.9617 124.31483 91.75061 76.0483
0 893.43207 565.94574 74.91675 56.980408
0 857.10736 457.51297 88.70264 95.03323
0 831.4766 244.27287 87.562256 76.71489
0 786.36176 398.5013 73.11401 64.253784
0 805.071 365.71393 54.281433 37.401794
0 739.7607 515.2315 89.443115 67.28876
0 763.73126 157.93176 79.73187 80.58072
0 751.88464 257.16205 80.85492 74.78824
0 724.91724 329.5084 86.5094 79.494415
0 716.0442 183.80818 43.658386 66.2596
0 652.51904 137.03806 89.529724 72.57526
0 677.8775 440.57068 62.484985 65.25345
0 680.1573 560.1908 40.6756 46.102356
0 657.12067 233.52696 73.81299 77.25398
0 663.91364 353.75864 55.18524 75.28763
0 610.3534 512.0522 70.33453 58.55188
0 624.22205 286.85663 70.01611 63.67801
0 614.93097 186.03015 50.265137 63.747314
0 601.4627 336.47076 81.562744 90.72244
0 581.45776 418.84607 92.86456 89.856415
0 526.03613 237.1031 77.34003 123.94945
0 520.9106 177.66158 57.991394 72.77461
0 521.7245 371.27805 71.34131 77.52536
0 459.22968 492.67664 91.2879 66.16083
0 434.96143 411.2276 118.68878 90.83084
0 478.5787 91.81924 81.87619 85.892845
0 418.24136 328.08066 83.79523 79.84009
0 378.13373 232.18532 107.630554 82.722916
0 356.98672 430.07043 57.725677 59.863525
0 318.74774 389.87613 80.753876 76.95389
