0 205.7945556640625 295.9567 52.2152099609375 82.838196
0 211.535400390625 398.08447 59.23419189453125 70.005585
0 228.4705810546875 452.71024 67.5997314453125 75.619354
0 268.1458740234375 311.2499 47.61322021484375 65.29947
0 289.32720947265625 259.18695 94.36279296875 76.45474
0 294.82080078125 551.7179 66.6181640625 66.61322
0 314.3211669921875 667.8186 43.5533447265625 46.652527
0 303.054931640625 350.104 73.71478271484375 77.43561
0 314.20343017578125 466.2922 59.74700927734375 74.856476
0 356.305419921875 616.5158 74.2178955078125 61.459595
0 335.38983154296875 401.16278 74.16015625 66.07422
0 369.34381103515625 302.20203 54.171142578125 63.800873
0 345.2578125 445.14383 87.23284912109375 91.97397
0 358.1768798828125 522.33 98.63958740234375 92.535645
0 428.32208251953125 342.19025 88.2662353515625 122.64685
0 455.72967529296875 286.23575 62.45574951171875 72.899445
0 438.7998046875 470.63565 80.08624267578125 79.88522
0 486.1505126953125 581.2204 99.06689453125 71.75549
0 479.48626708984375 500.83334 124.83026123046875 96.4747
0 477.43121337890625 197.95892 80.50323486328125 84.62558
0 536.607666015625 419.8392 87.65264892578125 82.01019
0 551.1884155273438 322.1813 111.58563232421875 87.34967
0 627.2562255859375 506.9616 61.52239990234375 61.15857
0 637.458740234375 470.61182 85.712646484375 79.38495
