0 749.3328 148.22934 61.69861 58.07071
0 759.78644 38.674286 81.4624 79.941
0 794.9363 220.63342 71.742004 79.836395
0 830.9359 107.24102 69.66077 68.39217
0 823.0779 -88.90989 102.316345 95.51356
0 851.3173 16.569235 86.071655 102.65174
0 924.263 372.84045 67.120544 92.15982
0 926.97504 124.4004 94.20758 101.74511
0 935.50867 80.31601 74.25897 52.81491
0 974.62585 243.20738 87.7876 76.23103
0 967.1317 -1.0685347 101.99939 62.010235
0 973.4521 -96.23704 84.255066 84.33668
0 1014.2201 111.597145 88.156006 90.02306
0 1047.3146 -105.45268 78.86206 82.62641
0 1065.797 375.53314 71.095215 59.19272
0 1062.3682 252.1527 101.394775 103.9156
0 1060.7161 27.334435 85.02258 78.756996
0 1139.5087 204.64552 28.15271 56.278122
0 1132.8423 166.65504 26.774658 33.604202
