0 487.97287 34.936485 71.36838 69.939575
0 397.10645 -37.290695 97.158844 96.64388
0 498.52948 123.65084 87.86975 91.09252
0 398.52652 55.19822 83.630066 83.55616
0 256.38846 -87.28341 111.99057 113.375275
0 316.12543 0.8618749 98.82556 110.73201
0 514.0451 311.1942 96.893005 104.233795
0 328.19574 132.2349 105.39133 110.28696
0 301.6006 103.01824 73.04358 68.00257
0 372.01205 250.29347 101.269745 97.19557
0 205.7948 58.751617 101.049225 87.91638
0 148.53436 -7.7603283 100.08609 101.32616
0 259.48065 167.79561 102.941986 105.94325
0 81.70271 28.963543 102.39392 99.837555
0 400.7757 395.28223 86.1828 79.80838
0 313.66318 305.6625 108.60794 116.130035
0 157.78581 133.51178 104.76222 102.19833
0 227.96664 309.286 83.22818 82.88797
0 216.50005 279.1649 58.036026 52.65692
0 269.90704 436.662 96.75821 91.085205
0 56.307014 106.51338 95.45504 99.964005
0 110.83527 206.45387 97.599434 97.42299
0 139.92879 282.7236 100.02701 101.23584
0 41.461376 176.90091 62.16544 74.92015
0 -35.04745 157.61893 99.18587 95.933044
0 179.54779 425.68784 75.75101 80.26422
0 256.14642 543.6285 50.93152 55.553406
0 27.484844 248.64288 93.3788 97.284485
0 108.98201 357.3504 80.681656 90.55029
0 177.57318 530.1179 78.60724 76.76581
0 28.955923 316.92303 90.39528 87.230194
0 -32.594624 245.03973 65.967804 74.82724
0 46.360634 372.47107 111.743706 116.11801
0 93.95843 458.13513 109.39657 112.795105
0 -58.592007 335.72632 110.31302 137.04453
0 -108.47417 295.75424 80.458626 88.47073
0 19.667278 468.70868 84.86203 92.59277
0 58.692333 605.3347 88.37381 84.09357
0 -16.371765 535.29425 128.31339 121.94098
0 -194.91931 228.47673 105.59682 109.46904
0 -63.56989 488.89865 84.12099 89.08798
0 -115.59659 416.4421 52.63205 61.240723
