0 1405.8148 355.89536 108.0636 107.189026
0 1421.9847 309.8164 91.249756 66.21216
0 1351.5093 460.38736 136.42639 99.518585
0 1344.0172 198.21848 131.9049 83.70218
0 1341.961 107.075096 112.1333 99.451546
0 1313.6024 311.59625 105.51721 101.89609
0 1231.5378 67.596985 123.73425 98.58461
0 1276.672 573.5037 108.05298 77.566284
0 1241.3881 445.21848 121.7926 117.66458
0 1229.9343 203.09612 118.49133 98.381
0 1157.5326 365.61917 98.96936 82.35571
0 1187.6179 332.45596 72.44702 50.431152
0 1085.5024 486.3715 119.93213 88.98978
0 1150.9512 93.782616 108.98706 100.733345
0 1125.7559 202.2488 109.8136 94.949844
0 1082.9309 276.89188 117.451416 101.04886
0 1086.2323 112.55749 61.909058 78.16262
0 1008.8256 47.76537 120.57477 94.502075
0 1012.08624 391.11203 85.62396 81.1293
0 1004.4428 524.0919 56.10663 56.588745
0 1004.0351 156.7557 101.81952 96.2135
0 1001.1816 292.12756 77.41266 90.004944
0 917.8216 456.54425 94.87836 75.83777
0 957.0608 208.65494 94.99231 81.09711
0 955.29535 94.79869 70.01361 76.95979
0 919.80365 260.55267 112.3139 111.6593
0 886.2952 348.21432 126.53546 113.1716
0 828.94196 136.16444 109.857544 145.14256
0 832.71356 66.771324 80.69464 87.97819
0 814.28 282.93182 97.55414 95.60837
0 722.5857 405.0364 121.73303 88.078156
0 696.3658 310.1593 159.3023 119.68796
0 784.82684 -36.813732 113.12958 107.12268
0 683.78796 213.94626 114.23389 100.88696
0 641.02155 99.19814 144.71045 108.97324
0 595.5855 315.292 79.059875 74.51367
0 547.8832 262.5953 109.91138 97.172516
