0 403.41235 214.4134 73.39975 65.26576
0 329.51553 115.27842 98.687225 91.07719
0 376.58957 311.22458 86.32733 88.897064
0 293.993 207.81865 84.62009 79.00142
0 191.94237 14.673617 117.316055 109.409035
0 219.23325 120.2676 100.800415 115.79934
0 315.06635 511.34897 87.09262 103.47598
0 182.07346 265.82025 102.38669 107.91699
0 168.75461 223.28928 78.16286 60.677032
0 181.17828 403.94788 105.876434 89.00528
0 75.30813 152.06981 113.4024 73.61995
0 43.203316 59.376453 102.475426 97.28038
0 86.36768 280.86703 107.357216 103.67505
0 -46.58655 75.86982 105.71615 92.610664
0 149.49803 562.6367 92.585266 70.86664
0 89.96304 437.3756 107.1042 116.15692
0 -8.514189 211.94371 111.626396 95.584366
0 -1.3226224 412.365 84.44368 78.18585
0 3.2533057 374.73752 65.1703 46.311737
0 -10.42955 564.34753 102.681145 82.0589
0 -105.061424 143.65956 92.66474 97.885666
0 -89.19435 268.8455 101.46688 92.61807
0 -88.26016 358.36447 100.10547 96.6759
0 -143.58969 198.69696 51.95684 80.18277
0 -228.6436 168.37614 103.05748 88.40666
0 -100.30366 513.52423 72.73598 79.23767
0 -60.413826 657.0309 47.547947 55.9339
0 -197.80319 281.03348 91.07653 94.89017
0 -149.64798 418.82495 73.145035 92.871185
0 -146.67886 624.1332 81.05426 71.29938
0 -226.63217 353.7267 94.10437 80.23749
0 -253.89792 248.00482 59.13011 77.25812
0 -233.80745 418.6177 111.63397 113.055084
0 -204.54074 526.2388 95.15317 99.73889
