0 31.542145 314.8777 66.96266 73.5405
0 123.74424 654.5745 65.10136 85.79407
0 73.26988 383.04745 108.61856 110.37717
0 83.50081 333.76102 81.01305 64.57086
0 126.59092 500.01038 110.33756 93.645325
0 115.57876 231.73224 116.257805 80.60791
0 126.319725 135.08527 100.86721 98.532196
0 170.71065 348.7359 95.79671 101.62381
0 211.28052 102.42581 110.5 96.89551
0 218.54118 618.7102 95.88582 75.58569
0 234.06183 487.69174 110.24994 117.2493
0 226.27548 241.40392 106.11377 97.00697
0 316.304 411.71762 88.635864 81.21649
0 310.58676 377.16727 64.17383 49.001312
0 368.97443 538.99896 106.63229 86.95563
0 295.87085 133.44054 98.33005 100.086044
0 324.62912 246.45192 98.613495 93.904495
0 360.4632 324.27905 105.426605 99.89728
0 395.04828 155.8352 57.362244 79.061356
0 408.21838 93.43994 107.56586 92.761444
0 456.87036 445.21884 77.39465 80.74106
0 497.57373 581.90564 50.950928 56.538452
0 435.20352 205.48886 92.572174 95.92273
0 467.38715 344.27682 71.1709 90.661194
0 535.9033 516.66675 84.747925 74.55731
0 486.2902 260.77185 85.22159 80.127686
0 501.5047 144.33714 64.04883 77.2847
0 507.4904 315.58878 101.90646 111.470215
0 529.87415 407.0832 113.8905 112.19147
0 581.05927 192.17358 101.85419 146.99994
0 598.38403 121.39387 73.76788 88.30895
0 614.1859 343.9081 87.969666 95.21872
0 681.45013 473.72458 107.691895 85.75638
0 666.44934 377.50983 141.74323 117.075775
0 605.63824 17.734943 103.048584 106.99278
0 709.57166 279.5738 102.8631 99.96829
0 713.9151 164.37129 128.9632 106.674515
0 823.71375 388.5864 71.43298 74.13129
0 836.2422 336.00568 98.84961 96.262726
