0 1088.7933 88.61249 81.09277 75.133514
0 989.85565 7.783099 109.99896 103.88142
0 1089.1619 183.70139 98.418945 98.07391
0 979.4959 108.946304 94.57794 89.83064
0 833.2371 -44.694984 122.43451 120.02103
0 896.10376 49.105488 103.56378 117.13928
0 1083.3381 385.12036 109.9447 113.65982
0 889.0763 190.07329 117.7417 118.772446
0 862.0275 158.51292 84.04248 72.89595
0 925.5017 319.02744 115.66504 104.31738
0 753.05457 110.03586 118.024414 93.94345
0 696.88165 37.713764 111.12012 108.13309
0 807.79266 226.14867 111.32349 111.882034
0 612.7631 75.286896 116.49823 107.222946
0 942.86127 473.8176 99.28143 85.53073
0 851.49023 378.4995 120.61609 125.171844
0 690.0764 188.69781 116.665344 108.47958
0 751.768 377.94843 94.19116 89.0961
0 741.38525 345.92108 66.75067 56.17511
0 783.048 516.0129 111.02588 97.679565
0 574.9921 158.75844 106.619934 107.67137
0 626.99396 267.05658 108.51593 103.773285
0 650.4149 347.23935 112.736145 108.88809
0 551.552 233.68227 66.60138 81.09297
0 461.0105 210.89568 113.072205 102.99538
0 680.293 501.4177 84.33783 86.48398
0 755.6101 629.1765 56.251892 59.932068
0 524.84705 308.99255 104.437195 104.74652
0 606.9025 426.0585 88.36725 97.77249
0 665.06616 615.7434 89.400085 82.44983
0 518.17236 382.49368 103.108765 93.642914
0 455.62112 304.24442 72.02377 80.82568
0 534.2887 443.41977 121.95685 123.436676
0 576.43463 534.71185 122.697205 121.40924
0 415.59644 401.32526 117.00238 148.48206
0 363.55014 358.99863 85.50226 93.851776
0 489.75974 544.9359 93.71011 99.876465
0 509.56586 694.03394 109.28674 95.600525
0 435.26306 617.3125 147.89117 131.15387
0 262.86227 285.17947 122.22418 120.54788
0 361.47537 565.99335 119.590515 113.07208
0 268.849 485.95956 135.81287 120.08206
0 380.59943 719.6756 68.93521 73.01422
0 345.9184 705.0838 66.44931 77.859436
