0 1206.1277 433.4685 80.74365 70.2554
0 1208.3618 325.88293 57.23181 68.25595
0 1189.1436 482.5253 81.66748 95.63815
0 1147.5275 554.1481 93.11743 97.5177
0 1102.6761 357.23886 102.821045 132.67917
0 1110.915 297.21127 69.60376 79.45883
0 1093.0912 495.4439 85.67676 87.57471
0 1016.862 604.53876 106.34747 82.70026
0 1006.02246 518.828 130.51477 108.642456
0 1079.3507 201.95273 86.40466 91.06357
0 989.6807 430.67114 94.33673 90.90387
0 960.1844 323.08972 116.82855 98.23514
0 917.26624 515.0348 67.16614 67.59424
0 886.2515 476.77658 92.02313 88.04129
