0 623.78723 352.19644 94.157776 93.62848
0 496.15073 285.0086 128.14694 127.68829
0 645.2186 452.19968 118.9986 119.45578
0 505.61813 404.7376 110.43222 110.11975
0 306.61014 258.81998 154.9379 154.34518
0 392.87436 366.7977 133.54294 135.93265
0 688.8237 693.42334 125.0918 127.04028
0 428.30435 513.71643 151.18527 151.14905
0 389.56787 489.45062 103.78674 101.70471
0 505.44492 650.7882 132.25381 130.9925
0 261.2823 465.31125 130.16818 126.783844
0 183.37737 403.76212 134.68907 134.45175
0 342.00986 591.7746 142.16092 142.06775
0 101.19319 471.0452 134.30417 133.37564
0 553.0334 836.382 109.95886 108.36066
0 421.58475 745.0061 160.32828 160.51923
0 212.85867 577.3806 140.4913 139.31628
0 324.7586 783.93146 109.80365 109.43359
0 308.50323 753.3884 79.78012 77.98987
0 400.14084 928.80634 125.716034 124.11737
0 79.17366 584.56506 127.733734 128.39398
0 163.32097 689.89246 131.14217 130.5802
0 211.6008 777.5902 132.56058 132.47406
0 69.85534 682.8248 86.79246 89.39624
0 39.04488 665.38635 41.337017 42.740784
0 317.0724 958.99023 65.64462 67.467896
0 417.3873 1078.3636 44.198456 45.864258
