0 843.58295 74.1838 24.639587 32.171097
0 774.40765 -92.212 71.89935 88.32261
0 864.9621 107.13153 61.189697 84.53665
0 751.21796 7.5846786 67.7973 78.76488
0 628.8066 -171.5668 91.2807 106.921936
0 670.24536 -75.45749 94.495605 118.03039
0 845.6342 293.07147 101.990295 111.998474
0 669.1252 65.53234 105.46222 114.7398
0 644.4681 26.76452 76.059814 66.730095
0 703.8195 201.7712 104.427 96.9402
0 538.1137 -36.764793 107.38281 82.957954
0 488.33932 -117.48764 97.35831 102.34685
0 595.5145 94.6527 93.65192 105.74943
0 404.32126 -94.92663 105.03693 100.38848
0 713.3602 361.47797 89.89154 78.08609
0 629.82043 250.86911 107.814575 122.01193
0 484.0622 32.958817 101.438965 100.60391
0 533.0973 230.56645 84.765686 84.235245
0 527.6058 193.82932 59.939392 50.588852
0 564.05365 378.44415 100.400635 89.91962
0 372.42053 -17.426664 95.49658 104.04536
0 419.66653 97.4191 94.8273 97.483185
0 442.1758 185.28969 101.306305 103.69252
0 347.34192 46.237663 58.7417 82.66062
0 267.58228 12.765959 102.01901 96.06474
0 468.8524 340.96057 75.46402 83.990265
0 537.2514 478.3421 50.178894 58.88867
0 328.8546 123.27567 92.611755 100.64826
0 407.2708 257.2477 71.79309 94.665375
0 450.36194 451.0906 80.58502 77.24826
0 327.9846 200.12411 81.79083 83.15369
0 264.8036 100.24727 63.977875 80.620865
0 341.6943 264.3227 100.10019 116.06137
0 374.36652 359.76053 110.06592 116.55682
0 228.098 195.44225 103.50679 153.15947
0 179.29866 139.12527 73.58313 92.10771
0 295.0033 348.09924 84.351166 98.42447
0 311.58444 506.8886 99.502655 88.03345
0 242.91077 422.94308 133.67783 121.108246
0 93.379364 60.91386 103.8929 113.23677
0 180.74857 350.80264 99.84335 104.056946
0 89.75303 261.47968 122.45902 110.64801
0 189.25351 508.40442 69.585815 77.10303
0 129.39789 474.46268 95.362976 99.972015
