0 -105.040771484375 -9.859974 99.677978515625 107.95152
0 -70.713623046875 -50.231644 89.8173828125 73.711624
0 -147.6695556640625 90.96511 100.146240234375 94.38174
0 19.8082275390625 -108.49842 127.896728515625 95.67885
0 90.09033203125 -164.16743 113.291015625 106.956696
0 -18.6785888671875 6.2904162 107.6468505859375 108.028915
0 186.7928466796875 -125.675804 123.21185302734375 107.92134
0 -152.4193115234375 227.12677 99.3009033203125 83.22998
0 -74.889404296875 147.91278 124.6060791015625 124.90375
0 102.778076171875 -22.516636 118.6429443359375 106.9514
0 69.9779052734375 156.34848 99.1165771484375 89.49246
0 104.7928466796875 124.80073 70.95849609375 56.59147
0 22.7745361328125 285.24036 118.36669921875 98.660614
0 238.187744140625 -46.06546 110.76922607421875 107.642715
0 186.526611328125 50.661465 110.5623779296875 102.535355
0 158.8397216796875 131.54361 118.16064453125 109.20494
0 317.45550537109375 32.20609 66.30010986328125 80.10666
0 362.39202880859375 10.988405 119.81317138671875 103.74844
0 167.8963623046875 278.66522 87.3450927734375 86.369385
0 119.0401611328125 396.47864 57.7833251953125 59.689117
0 308.79541015625 102.32722 103.22357177734375 102.19053
0 243.4173583984375 215.08847 81.64520263671875 93.16205
0 186.434326171875 387.41748 94.51708984375 82.97406
0 318.65472412109375 176.38675 95.46453857421875 87.75311
0 416.68841552734375 104.14012 73.1346435546875 80.239944
0 284.87420654296875 229.93735 115.42779541015625 118.04208
0 239.580810546875 311.74542 127.99456787109375 121.55115
0 419.6112060546875 197.41048 119.125732421875 148.1909
0 508.92181396484375 160.47496 84.1793212890625 91.83615
0 363.2943115234375 325.09232 100.4962158203125 101.501526
0 332.42840576171875 468.15936 120.16619873046875 98.29016
0 370.6279296875 397.119 157.46246337890625 132.39291
0 578.2382202148438 100.9737 114.550537109375 113.544685
0 486.44805908203125 354.81708 115.1778564453125 108.4939
0 564.8038330078125 285.0809 142.8822021484375 120.397095
0 521.3773803710938 505.50046 80.58526611328125 79.389496
0 555.3133544921875 484.1064 111.00048828125 104.56723
