0 695.0737915039062 266.02286 61.6815185546875 45.732056
0 726.6751708984375 177.18121 82.28543090820312 64.313354
0 729.2086181640625 341.0348 70.2967529296875 64.544525
0 789.032470703125 245.23781 70.3812255859375 55.958237
0 822.4268188476562 78.19292 97.58810424804688 77.46394
0 831.519775390625 164.61188 79.64096069335938 85.68213
0 825.8465576171875 494.11823 67.390625 77.29834
0 891.249267578125 278.25092 82.76242065429688 78.51431
0 910.8311462402344 240.24055 67.3897705078125 40.890152
0 908.9363098144531 391.8545 89.96487426757812 61.36798
0 954.1151733398438 173.1308 100.55162048339844 46.67749
0 981.7929382324219 91.49582 84.92042541503906 69.16693
0 977.79931640625 277.5667 88.62522888183594 74.006714
0 1065.1728057861328 91.72928 89.10494232177734 64.55705
0 978.181640625 514.32465 80.01934814453125 47.560974
0 1004.9267883300781 404.83246 88.34733581542969 85.069275
0 1048.311752319336 208.89536 94.51296997070312 66.2323
0 1100.91943359375 369.05536 70.36022186279297 55.261475
0 1102.268325805664 338.19058 57.869110107421875 30.362946
0 1119.6345977783203 494.34048 88.07421112060547 55.777557
0 1145.9972381591797 136.7347 74.8709945678711 71.24873
0 1143.58349609375 242.58066 84.80154418945312 65.2352
0 1160.6325759887695 313.88876 82.63803100585938 69.01108
0 1227.5459823608398 168.79701 37.084327697753906 62.148514
0 1253.2980575561523 139.73564 87.22685623168945 61.288223
0 1223.4821815490723 434.47546 58.30387556552887 58.034912
0 1232.0654411315918 553.8255 37.30495834350586 41.575623
0 1257.9990329742432 233.66423 73.8430347442627 68.88017
0 1254.8140316009521 350.1647 56.07973289489746 69.933685
0 1275.8450179100037 517.65955 68.26141214370728 49.754272
0 1292.5099477767944 290.61942 79.74362277984619 55.53485
0 1330.996379852295 193.71973 42.684871673583984 57.552887
0 1298.6076545715332 343.71307 67.90281295776367 79.98282
0 1304.4143886566162 433.95535 55.257829666137695 59.838654
