0 174.441650390625 -92.74156 74.883544921875 81.07536
0 242.6959228515625 -176.25998 84.80096435546875 101.22646
0 82.6922607421875 11.397668 95.4346923828125 111.69325
0 300.01593017578125 -154.82951 105.020751953125 112.7099
0 -76.338134765625 261.85544 69.3641357421875 77.07739
0 -18.9844970703125 155.77536 114.704345703125 132.19077
0 194.676513671875 -40.26035 102.7537841796875 112.02779
0 109.1788330078125 156.00226 85.9254150390625 93.75964
0 158.4794921875 119.6557 57.4849853515625 58.48152
0 25.541259765625 298.22086 98.1868896484375 102.48288
0 311.84906005859375 -71.920166 100.13311767578125 113.58521
0 238.7421875 33.243767 97.30767822265625 107.71528
0 184.5025634765625 123.42582 103.7918701171875 114.68243
0 349.35687255859375 6.9101934 68.3878173828125 86.10047
0 394.513427734375 -17.765753 101.47247314453125 108.21461
0 144.142333984375 282.05908 79.765869140625 91.29361
0 67.871337890625 412.38092 54.144287109375 63.342438
0 317.3892822265625 82.787415 93.17144775390625 107.20354
0 223.393310546875 208.058 81.25970458984375 99.69246
0 122.381103515625 399.47345 80.6630859375 86.6763
0 301.4493408203125 162.53539 83.59912109375 92.104645
0 405.88427734375 79.66123 71.0584716796875 85.59167
0 246.2091064453125 220.45282 107.50897216796875 125.15018
0 182.13232421875 312.31412 114.18572998046875 127.989624
0 353.94158935546875 177.28313 126.00750732421875 160.21526
0 456.53955078125 134.8027 81.5020751953125 97.905045
0 279.377685546875 319.54327 93.8177490234375 108.134
0 209.37451171875 476.93762 99.42645263671875 102.41754
0 258.01495361328125 396.5656 131.234619140625 137.65521
0 532.1227416992188 66.152054 102.95123291015625 118.50783
0 368.723876953125 345.61823 101.97662353515625 113.938446
0 457.40374755859375 265.09964 118.84637451171875 124.943726
0 349.99908447265625 505.26337 73.4332275390625 83.88684
0 377.7100830078125 480.50348 98.5694580078125 110.01984
