0 793.3139 -163.91515 116.29529 116.30133
0 917.25226 -74.981606 108.67389 108.86731
0 1024.0663 91.28663 93.56653 93.297874
0 1003.3084 60.482147 68.23822 64.98624
0 1096.704 211.65225 112.34961 108.804596
0 775.63336 -78.59649 116.44916 116.96977
0 862.2087 5.1842523 113.71594 112.81445
0 910.35376 81.4464 121.337036 120.264336
0 765.49414 10.841623 77.763245 82.62131
0 671.1872 -0.54028285 119.44391 116.33128
0 975.9922 229.88274 92.60217 93.44444
0 1089.8324 336.60526 62.57483 63.873993
0 766.95404 80.44337 107.07068 108.52154
0 885.0291 180.33801 92.94165 97.33374
0 992.8653 342.18314 94.8067 92.67883
0 792.56604 153.98322 97.786194 96.781525
0 688.31036 102.55664 81.60278 84.606064
0 825.5528 201.52777 124.36365 126.611694
0 886.81635 276.182 133.11005 132.89252
0 676.94556 198.53596 143.6438 153.30495
0 611.49176 176.1347 93.651306 96.95538
0 794.7604 311.06937 109.50397 110.76465
0 859.53375 448.24005 118.40033 113.33118
0 768.8983 384.49854 154.94312 149.7052
0 499.50397 130.89421 117.90253 119.52168
0 675.97876 366.0294 118.70392 118.35986
0 554.3601 309.69403 139.94403 135.40482
0 720.84216 519.88214 85.27667 85.9693
0 660.4638 505.8535 114.99524 114.56009
