0 680.44415 -254.40721 85.80542 91.66852
0 770.83466 -170.31625 80.29315 83.108734
0 812.3354 -113.515785 88.59381 91.12319
0 667.3691 -191.16623 70.96167 74.6696
0 586.9523 -202.81946 102.97009 101.84356
0 877.05005 16.461563 81.68298 82.9101
0 988.27136 116.054825 55.608887 56.907578
0 678.03284 -127.675896 93.03461 94.98877
0 790.8405 -33.89247 84.007324 87.526566
0 907.49225 118.35015 81.93121 81.257515
0 710.95703 -61.595673 85.18353 85.256454
0 610.27905 -112.43566 73.27295 75.812485
0 745.6507 -18.800085 110.33594 112.70256
0 808.48285 52.66245 116.60956 117.45088
0 613.2481 -29.041925 132.68323 139.8122
0 553.63696 -51.43809 84.010315 86.832855
0 730.3542 77.105705 98.05792 99.501945
0 805.1534 204.54759 102.050415 99.50572
0 721.7441 142.85739 132.8985 130.66159
0 452.1255 -96.53597 101.644104 103.78765
0 634.7155 121.575516 103.4657 104.178375
0 523.76636 65.21742 119.58807 117.7663
0 687.82324 257.71393 75.17938 76.2551
0 639.0693 243.2311 100.59955 101.166794
