0 943.78784 -175.75317 129.03735 115.44797
0 1275.6893 74.52284 119.87964 121.197174
0 1054.9165 -85.68755 125.051636 113.798965
0 1138.5844 88.98126 104.5083 95.19417
0 1122.274 59.69157 72.857544 61.66602
0 1192.3657 211.76952 122.640625 106.553085
0 914.8309 -89.55248 118.8006 113.000305
0 985.98303 -3.1070883 117.29077 108.53821
0 1024.8008 75.339134 125.252075 115.6701
0 892.59937 -4.7828197 75.243225 81.250015
0 790.8144 -19.340593 125.15271 111.218956
0 1070.2336 222.36116 94.07507 90.403824
0 1171.8263 332.2163 62.91382 62.03018
0 878.47406 64.45856 108.91943 105.50354
0 985.8468 168.13773 91.2124 95.29364
0 1066.3083 332.92993 99.03516 88.723236
0 891.52466 137.77652 101.06824 93.03917
0 795.80914 79.641945 80.85797 82.572914
0 916.4095 186.83884 125.350525 122.8587
0 965.4438 263.65475 136.53485 128.12457
0 764.5799 173.81024 137.95416 150.70923
0 701.9733 146.78883 92.93152 94.590225
0 866.37573 290.85083 110.56427 106.96771
0 906.4092 429.3315 125.49121 107.47592
0 820.1053 363.2832 163.44 142.7349
0 591.0887 96.82694 120.12988 116.41639
0 731.9804 336.95157 122.03235 114.151855
0 612.4714 276.18088 147.63934 129.28555
0 754.99677 488.37503 86.71637 83.15073
0 691.0251 472.12042 118.17822 110.37079
