0 1157.6729583740234 611.28796 85.71526336669922 84.07416
0 1229.0549278259277 554.6265 114.53597640991211 113.08594
0 1130.48974609375 703.174 104.31248092651367 103.90411
0 1250.5271472930908 661.74664 96.34589195251465 94.81299
0 1364.5496368408203 541.9158 143.95970153808594 140.38861
0 1318.676742553711 626.7847 131.6496124267578 131.65057
0 1132.608627319336 919.9348 102.70711898803711 105.11426
0 1316.4639701843262 772.5761 118.05253982543945 118.18323
0 1378.6508026123047 749.0221 83.25456237792969 80.27606
0 1283.7012457847595 885.8868 72.86438989639282 73.43048
0 1452.2918243408203 724.8432 51.35456848144531 52.515564
