0 730.8280639648438 381.00906 71.637939453125 58.47473
0 781.3806457519531 308.31848 96.36123657226562 80.59412
0 740.2437744140625 455.33652 85.53543090820312 78.04831
0 828.5707092285156 387.64163 82.67965698242188 69.76865
0 896.3851318359375 246.29431 116.2623291015625 97.1738
0 892.6550598144531 332.48383 86.1805419921875 94.15039
0 796.1195678710938 625.2764 83.60537719726562 87.6391
0 903.0663757324219 445.1803 111.31997680664062 96.524475
0 943.9808044433594 415.56934 85.55348205566406 58.897583
0 903.6889953613281 555.4749 102.91363525390625 80.25311
0 1012.35693359375 371.96234 110.14747619628906 70.804504
0 1052.0044708251953 307.18884 100.20917510986328 85.63025
0 1000.0566711425781 473.3365 105.07809448242188 90.967285
0 1136.1890258789062 331.0785 102.9598159790039 82.80383
0 948.1083374023438 687.41205 88.79815673828125 64.9389
0 988.9952392578125 596.8658 116.58676147460938 103.492615
0 1088.2535095214844 431.95535 108.59691619873047 85.85849
0 1100.9702911376953 591.88043 82.46941375732422 69.15015
0 1114.6745147705078 565.9866 66.60688781738281 44.56903
0 1086.5033721923828 711.75714 99.57759857177734 74.78729
0 1202.2272644042969 397.29123 91.1487226486206 84.511475
0 1173.0514678955078 491.93842 99.0228099822998 82.1405
0 1170.7189025878906 560.3999 97.98050212860107 84.82544
0 1273.7816152572632 451.2428 52.4747896194458 65.46478
0 1308.8291664123535 427.72858 37.25771713256836 40.849884
0 1200.7817993164062 693.59753 50.79232406616211 55.34601
0 1182.5499877929688 799.4245 32.509002685546875 38.884094
0 1286.684606552124 528.3979 26.428422927856445 38.126953
0 1252.3456535339355 621.83624 29.37049376964569 55.379883
