0 -160.52788 103.73502 48.28589 66.06922
0 -172.54878 478.38394 42.00885 82.06448
0 -145.13484 198.0098 81.399086 96.05557
0 -120.75277 146.65918 66.8392 49.50081
0 -130.75304 337.58447 89.06525 74.52966
0 -66.16677 64.64912 100.07822 56.002083
0 -27.186415 -37.618988 76.9598 84.25183
0 -46.747803 192.52744 70.31445 90.04974
0 57.48286 -38.36446 88.12216 78.520935
0 -80.50811 486.33643 79.39956 57.541626
0 -29.767365 358.74292 80.8219 104.001465
0 32.30922 106.46397 83.258194 80.34002
0 66.671715 305.70224 69.480125 67.341064
0 72.66668 263.5023 53.687508 36.532806
0 76.65301 458.84073 87.29792 67.60556
0 126.22948 17.094479 73.63226 87.16153
0 120.08861 142.59077 76.07764 79.34349
0 129.95622 235.65967 81.50461 84.20792
0 212.6413 61.122215 35.818497 76.63192
0 237.48026 18.678913 86.321045 74.48894
0 184.90523 383.42407 57.277267 71.05386
0 184.95163 529.4728 36.538986 50.99762
0 231.8378 136.00464 68.73471 84.17459
0 223.72182 280.94247 47.00627 85.809845
0 235.01924 486.24683 67.5013 60.525146
0 262.5039 208.711 66.09973 67.29089
0 310.99747 88.13781 43.787903 71.85497
0 265.4937 274.0638 73.63757 99.989716
0 258.72055 378.94598 86.57272 96.29901
0 367.6014 169.38351 61.316925 144.3215
0 404.05722 99.888374 50.675232 81.88148
0 354.458 335.87524 63.914276 85.05948
0 376.20825 498.912 88.87747 65.7041
0 387.37796 404.66464 115.5289 91.7222
0 437.43292 5.3469863 76.43945 93.96812
0 457.1058 307.6148 78.65988 85.27838
0 491.0461 200.57692 105.05911 83.64516
0 531.50555 448.8037 52.99994 65.09381
0 555.54974 406.92737 75.52344 82.19418
