0 1073.5732 404.48508 73.42529 67.41928
0 1058.9766 300.52664 99.38257 92.90988
0 994.8635 447.51727 88.39404 86.934326
0 988.1684 334.07755 85.3952 80.263885
0 997.9029 162.50717 110.69415 106.965546
0 971.6414 244.35023 92.168884 102.148575
0 839.82825 531.1728 97.98981 99.97302
0 863.341 304.24533 105.60986 105.07858
0 891.46 267.57184 76.599976 66.18591
0 796.94806 388.4433 105.01337 94.052826
0 849.3206 172.71185 108.43591 86.69379
0 865.4678 95.423416 100.30817 96.35835
0 792.9698 258.4432 100.47815 99.36835
0 788.7715 51.054585 105.54907 96.32889
0 704.8975 466.1086 90.54053 77.74954
0 703.81085 357.31433 107.825745 110.23334
0 751.6718 157.19243 105.92432 97.47101
0 662.43945 280.8723 85.09235 79.668
0 695.4066 256.3652 61.072815 51.315704
0 575.48334 367.469 101.052734 88.459564
0 708.8222 55.904427 95.62201 95.24056
0 661.9576 142.36613 98.16858 92.75865
0 615.52264 195.03047 101.61542 97.02333
0 657.8974 62.939007 58.31433 69.75986
0 604.99243 -3.4496832 102.555176 92.69877
0 535.0945 278.72235 75.50366 76.31207
0 501.3177 385.569 50.12549 52.559937
0 572.8377 83.3189 93.74219 92.76374
0 542.0518 191.17725 78.37799 85.26886
0 444.49954 318.72083 80.97177 74.04172
0 519.841 111.366615 93.546875 84.32502
0 550.22955 23.98461 63.765625 70.341545
0 472.06876 150.36845 109.771515 109.37923
0 431.7808 221.89862 110.29678 107.74823
0 426.85983 38.908226 101.82333 127.01188
0 450.1884 -19.08019 76.340546 82.176674
0 386.71017 156.6131 83.5069 87.5988
0 289.47925 240.86748 99.526 86.66652
0 282.12415 158.64902 134.50873 118.60892
0 428.7462 -118.951 110.32596 107.26909
0 287.67526 75.60171 108.04321 101.11433
0 285.69806 -23.47582 123.55615 108.65788
0 219.63289 150.94073 53.311966 58.035034
0 212.85733 120.55725 46.122772 58.862152
