0 87.2298583984375 555.4393 78.175048828125 84.95917
0 14.7196044921875 456.4897 74.24951171875 76.68915
0 142.494873046875 618.5917 90.8018798828125 96.07788
0 202.7447509765625 673.5591 106.1474609375 111.592896
0 91.7039794921875 457.0847 144.2467041015625 147.51968
0 67.2874755859375 390.09683 88.206787109375 92.10092
0 210.235107421875 594.2355 98.13531494140625 104.24701
0 336.9742431640625 679.34015 99.4801025390625 111.70361
0 272.17449951171875 588.1724 127.9764404296875 141.62848
0 18.6201171875 280.71518 102.7408447265625 108.99115
0 246.60888671875 488.46463 104.2318115234375 112.23184
0 185.1279296875 364.6807 115.717041015625 127.85901
0 382.218505859375 549.93964 76.82989501953125 82.06024
0 366.49908447265625 500.12918 100.86962890625 108.70535
