0 -87.68564 456.31757 101.89096 89.96393
0 -46.559452 546.23224 83.3618 81.70203
0 16.268902 655.0612 63.781773 69.993774
0 106.169106 779.5492 58.69265 57.864075
0 -1.8769248 579.0824 87.07783 78.18872
0 3.079784 480.30453 69.384026 68.69675
0 17.26048 620.3083 107.73215 102.60431
0 64.1398 679.92645 117.55075 107.465515
0 76.30097 491.3439 121.25182 126.65805
0 87.57669 435.1357 79.75032 78.71176
0 126.51678 608.2255 98.56669 91.656494
0 212.57596 689.00104 111.31137 92.85315
0 181.59583 609.3114 141.09106 120.61835
0 85.19518 339.19565 96.803276 92.69437
0 214.65903 525.7606 103.9234 95.0462
0 201.15465 420.5627 125.96123 108.286285
0 332.8836 583.42883 74.59778 69.59424
0 332.93942 541.42206 101.76959 92.62561
