0 1422.335 132.11989 37.082886 77.47998
0 1433.0183 236.2143 49.042847 60.928955
0 1423.1511 296.29965 57.21277 64.72623
0 1363.3783 164.95113 36.793945 59.132874
0 1279.7924 133.31305 88.332886 57.608673
0 1381.3633 412.17886 58.68347 54.88913
0 1412.769 525.51544 37.46289 39.37567
0 1313.453 219.59784 63.85034 64.92868
0 1348.3015 331.9733 48.2323 66.23221
0 1326.9071 495.59656 69.08923 46.802795
0 1290.88 279.6051 67.67859 52.012054
0 1250.7384 187.35938 44.915283 55.472397
0 1285.8485 327.14035 75.46094 77.21576
0 1281.445 409.30496 88.66504 74.41348
0 1181.1372 248.85675 67.74548 111.4144
0 1152.3286 198.46924 51.976074 63.214874
0 1202.3622 377.72412 70.604126 65.76648
0 1161.4166 505.21008 95.21326 50.905273
0 1125.106 430.766 118.21118 70.96002
0 1089.8893 123.23501 69.71326 70.97425
0 1081.7184 358.5449 78.85254 65.87924
0 1015.7154 274.34695 105.34564 64.68112
0 1036.2122 463.34927 54.299194 50.286285
0 994.6754 436.656 77.34314 63.509705
