0 265.8697509765625 68.48971 90.11248779296875 72.69863
0 366.28704833984375 0.74864316 64.5135498046875 68.822815
0 233.0137939453125 111.894455 91.99713134765625 96.558105
0 202.7139892578125 187.3513 104.4947509765625 99.294266
0 361.355712890625 72.77703 116.25213623046875 133.06314
0 450.852783203125 44.080406 78.33612060546875 80.37241
0 301.23150634765625 189.11731 96.0703125 89.34503
0 265.4693603515625 312.85278 118.34564208984375 86.53879
0 304.36834716796875 247.53502 145.48779296875 112.902115
0 526.2205810546875 -8.503495 96.98193359375 92.67574
0 423.77392578125 213.6891 105.58905029296875 93.20174
0 502.74676513671875 149.15901 130.2657470703125 101.98599
0 455.684326171875 338.5805 75.27734375 69.04901
0 477.6236572265625 321.50433 102.9776611328125 90.322754
