0 429.31597900390625 -177.33662 45.62115478515625 47.787415
0 530.4426879882812 -291.71198 78.38677978515625 79.87355
0 458.56268310546875 -241.26723 100.02337646484375 101.05023
0 223.287109375 -31.626013 98.3487548828125 98.52179
0 421.873779296875 -138.06279 106.48150634765625 106.223526
0 489.7374267578125 -152.03381 71.9512939453125 70.44125
0 367.7371826171875 -49.33192 100.3883056640625 98.75549
0 568.5829467773438 -165.77898 98.16583251953125 95.10503
0 634.4769287109375 -199.02985 97.21661376953125 96.683
0 493.1805419921875 -78.09204 95.72454833984375 95.81433
0 697.3447265625 -147.03125 101.84719848632812 100.44294
0 335.1796875 70.62532 84.79193115234375 82.94356
0 411.680908203125 25.936739 110.283447265625 110.40904
0 601.2901611328125 -80.0963 99.46484375 98.410545
0 527.7091064453125 56.70604 83.166748046875 82.29959
0 570.056640625 36.37665 56.09130859375 54.736645
0 453.047119140625 151.1831 95.523681640625 93.68268
0 712.323486328125 -69.77153 96.46990966796875 96.24898
0 645.9255981445312 -1.7581185 94.02227783203125 93.320625
0 600.16455078125 56.656967 100.30975341796875 99.52286
0 754.3914184570312 8.307415 64.98660278320312 66.39197
0 795.4228515625 -1.0864642 98.47830200195312 96.99603
0 566.60400390625 176.01433 76.758056640625 76.729904
0 500.178466796875 260.3459 51.96435546875 52.196503
0 723.2166748046875 63.16338 92.31146240234375 92.16739
0 640.1948852539062 141.78786 77.49969482421875 78.69182
0 553.665771484375 266.4886 78.21417236328125 77.15524
0 716.6854248046875 124.80564 80.82241821289062 80.14001
0 811.1780090332031 85.09574 67.93109130859375 68.68452
0 666.7871704101562 164.93604 103.23492431640625 103.58014
0 608.2830810546875 220.50668 110.1634521484375 109.63052
0 770.1079711914062 168.40334 117.61865234375 120.649216
0 865.5326232910156 150.61543 77.94308471679688 78.75864
0 704.5555419921875 256.18826 88.08950805664062 88.361145
0 643.841552734375 363.29422 95.09674072265625 93.12329
0 688.1112060546875 316.5957 127.60385131835938 125.26706
0 931.6509094238281 116.91997 103.17167663574219 103.03146
0 791.0640563964844 303.65616 99.13070678710938 98.532196
0 872.5138854980469 263.72256 116.42376708984375 114.288666
0 778.3359069824219 432.2769 70.68093872070312 70.62601
0 810.1116333007812 423.46365 95.14617919921875 94.601166
