0 396.26526 315.46622 83.46182 59.290497
0 358.2148 210.40366 108.67682 80.84592
0 321.61298 385.08698 95.853424 79.549286
0 278.5062 273.4221 92.741455 68.1983
0 243.60669 85.86659 138.77179 95.90964
0 227.02919 180.23775 116.52983 101.56236
0 151.40857 521.70844 88.96028 90.265015
0 113.24891 284.13535 124.18911 94.53879
0 128.09967 242.66882 98.932465 53.880737
0 55.470695 393.47473 116.908516 76.61737
0 52.78416 159.30809 137.27577 64.33702
0 65.921974 75.58526 111.70368 84.9755
0 7.9537535 267.26575 115.76184 86.434875
0 47.92059 93.350075 29.307537 37.38305
0 -32.423992 516.3535 95.31448 57.454224
0 -18.365353 406.26587 75.04394 80.775635
0 24.1248 197.929 38.96379 59.521133
