0 815.2443 -205.64528 91.29657 94.314156
0 732.76654 -250.52162 103.041016 105.57497
0 901.5079 -123.99673 104.06836 106.41166
0 660.05554 -199.20255 110.56995 113.79902
0 1117.6223 54.539307 73.56616 75.50203
0 998.9363 -5.4450607 122.578125 125.42542
0 779.0386 -124.80837 108.535034 111.56354
0 898.7522 30.653297 90.775635 93.3023
0 874.8183 7.0128117 59.87036 61.87757
0 983.4231 137.82156 102.7937 106.028854
0 658.96625 -113.79216 106.66766 109.28934
0 745.4656 -38.892082 103.10162 105.84821
0 800.4556 29.398287 109.9375 112.88283
0 656.7167 -25.953186 74.554504 75.70758
0 576.26953 -34.873356 106.696106 109.86746
0 878.0213 164.96043 85.13025 87.158066
0 991.56 259.63663 58.050354 59.323578
0 671.11774 36.962086 100.10889 102.468094
0 789.00934 125.01689 88.06183 89.62729
0 907.837 267.84174 84.94684 87.418945
0 702.5875 105.03187 88.49567 90.887825
0 601.5278 62.39804 76.68811 78.17558
0 739.5078 148.45645 115.15289 117.7283
0 806.02496 213.00949 121.31311 124.417114
0 606.1989 153.49957 137.27655 139.25964
0 542.2591 135.45518 87.913086 89.63901
0 726.52106 252.18718 99.835815 102.13814
0 805.22015 374.55606 103.44757 106.80377
0 716.8441 320.04004 137.52844 141.80185
0 437.9914 98.02898 110.906494 113.51547
0 627.9255 308.0106 108.41797 111.22629
0 514.20306 261.67038 124.77753 128.63712
0 688.11597 451.44147 78.33368 80.212036
0 631.27313 440.8882 104.62854 107.342865
