0 1033.1475 28.007076 82.15503 67.91037
0 941.2908 -61.371727 110.74817 94.34025
0 1014.64703 119.20285 97.334045 90.252655
0 910.62244 34.57056 95.03845 81.70267
0 786.71436 -126.67286 116.779785 108.45066
0 823.68695 -33.706684 109.511536 114.56955
0 969.6311 311.4308 110.6615 106.53601
0 801.1101 101.8653 115.941284 109.62086
0 778.98047 67.111984 86.83624 64.72154
0 815.07446 231.97745 118.1413 93.61752
0 668.6712 11.372331 124.84784 81.305725
0 626.2515 -66.762146 108.576416 98.24998
0 713.45087 124.56829 104.253235 101.44013
0 528.0038 -41.157093 118.253784 96.74293
0 807.28687 379.61322 102.77112 75.79031
0 726.70953 279.91818 117.57959 116.272705
0 591.07623 76.33334 114.72272 97.09204
0 623.0509 262.5754 94.78955 80.963776
0 617.35706 229.42648 69.02435 49.276794
0 627.748 400.64606 114.24396 87.07068
0 474.36682 33.167812 104.95288 99.38579
0 510.44028 143.55545 106.31241 93.76161
0 519.1161 220.97583 112.677124 99.453156
0 439.5243 97.5327 60.81897 77.829636
0 342.812 68.76871 115.1337 92.67206
0 524.1371 369.40704 82.570984 80.118286
0 581.17395 498.3343 54.29315 55.993225
0 395.11118 168.36372 103.05438 96.540054
0 461.29977 287.25806 84.06253 92.08896
0 483.95923 476.8039 90.68988 74.43054
0 372.88135 240.25624 105.093414 84.19417
0 327.10248 153.20831 68.1257 76.34987
0 380.5522 299.61386 118.93811 113.68698
0 408.3081 391.01572 121.63861 111.540375
0 262.68607 242.00491 104.779816 143.57904
0 216.4407 194.57587 78.477295 87.2605
0 314.77725 387.9293 90.45041 93.324524
0 306.224 538.14087 112.64261 85.082214
0 240.16655 457.73508 151.83183 117.16916
0 123.73665 117.76696 117.350586 109.4199
0 174.6749 395.3862 117.43906 101.8085
0 86.27369 310.29358 139.54868 107.19641
0 158.41907 540.62 76.21826 73.57208
0 93.536995 517.2285 105.5964 95.74219
