0 671.9895 259.86856 87.28418 91.404175
0 723.4653 142.62967 119.29761 123.842804
0 547.48865 264.58185 113.926575 114.23535
0 625.9467 137.78671 103.04108 106.598495
0 753.25415 -39.46837 145.50934 151.84921
0 648.108 34.114975 138.06488 133.0963
0 299.8556 272.4712 123.08017 117.023895
0 487.1335 43.22535 144.92746 147.23276
0 572.3249 11.637731 91.7652 102.87644
0 368.42468 98.02636 120.89441 129.00494
0 589.4416 -110.80826 114.728455 132.92311
0 654.74286 -174.49205 126.08264 129.79663
0 437.29782 -47.98128 133.52335 136.76033
0 602.25977 -258.8553 123.75867 130.46758
0 202.73013 126.18209 96.17102 103.93777
0 251.44736 10.11871 153.50085 156.88612
0 476.66183 -170.68362 128.88199 136.78464
0 287.39325 -83.778824 102.286194 106.08104
0 356.61896 -97.33693 70.00687 79.37561
0 138.1755 -7.2132616 95.64639 96.98626
0 512.33746 -274.98746 110.14783 105.33339
0 405.41284 -198.62144 101.21384 95.61811
0 330.6486 -141.89702 79.43375 69.56268
