0 164.72882 200.95213 57.89789 53.57628
0 179.4848 95.181 77.64719 75.25159
0 204.05795 276.17154 67.1543 74.0538
0 242.45613 163.71971 66.5215 65.372925
0 257.58176 -19.784306 81.523315 89.15285
0 273.74045 72.897736 70.82541 97.01996
0 297.6397 429.44196 75.11951 88.350586
0 331.6151 184.95012 79.67755 90.484604
0 344.24414 142.02664 62.242798 49.006866
0 363.17328 305.74054 83.86911 72.68344
0 373.56183 62.1573 91.23245 57.77422
0 390.1863 -28.71659 75.70535 80.04143
0 405.0014 169.48097 72.29648 84.6073
0 457.63043 -39.77143 83.49927 76.03148
0 428.74194 428.94995 73.80145 57.120056
0 445.47006 311.76263 80.04898 97.28348
0 460.20804 85.327805 81.17496 77.339905
0 517.09283 255.1688 66.42383 64.62521
0 519.81714 219.59532 49.908386 36.616898
0 550.2759 382.84622 81.614685 66.550964
0 530.7456 0.46062997 72.10431 82.08426
0 543.6843 111.34713 74.55505 75.74636
0 562.80255 183.972 78.484436 80.29936
0 604.74835 32.242107 38.786255 69.42015
0 622.27423 -13.435455 81.52106 72.38579
0 630.2834 308.12473 56.4422 66.6604
0 653.3432 435.8792 36.62805 47.400116
0 633.3822 88.85397 70.95654 79.47746
0 644.87854 212.27376 55.903015 79.22856
0 687.94293 390.69135 64.0011 58.565765
0 668.9586 144.84602 74.47064 65.64531
0 694.74054 40.957718 45.05011 66.06495
0 682.7156 201.03099 81.54736 94.16341
0 694.7714 292.36166 84.10773 91.19693
0 757.54016 99.87561 65.41559 129.84937
0 776.93414 40.00498 51.99774 75.357605
0 773.8355 247.38713 61.00464 79.026566
0 815.2152 382.07755 80.58447 64.78876
0 809.58716 296.1194 108.2522 90.01407
0 788.6743 -54.27106 81.645935 90.03614
0 852.3963 209.49104 82.99463 81.814224
0 865.70184 107.814865 99.56647 82.189026
0 939.5934 319.185 52.156372 61.11908
0 958.2706 282.6718 73.17517 77.98523
