0 585.0475463867188 223.90472 68.288330078125 70.27121
0 635.6972045898438 109.90959 90.02734375 96.05969
0 581.9140014648438 325.13074 81.43035888671875 94.938446
0 668.4384765625 211.39268 76.7044677734375 81.24617
0 741.7857055664062 -2.9430287 112.91213989257812 113.98134
0 717.4407958984375 116.03453 100.016357421875 121.44646
0 619.4901733398438 538.8079 79.73651123046875 108.34863
0 733.4366455078125 270.3919 104.4163818359375 115.74301
0 776.2199096679688 222.67911 77.17990112304688 63.58853
0 727.5350341796875 417.48157 94.38873291015625 90.97296
0 835.1375122070312 145.90974 104.5198974609375 75.45993
0 876.4266357421875 47.666878 93.1435546875 100.120094
0 815.2323913574219 287.1602 99.77261352539062 105.54416
0 947.0857543945312 79.160194 40.62005615234375 57.28852
0 742.4765014648438 592.41907 80.34954833984375 70.42578
0 789.6072387695312 460.34784 81.44680786132812 107.75934
0 896.5599975585938 211.68909 51.205963134765625 79.02759
