0 517.2253 522.1213 75.94299 81.50116
0 430.07407 424.84445 99.686554 109.398834
0 525.74835 627.6656 91.22943 104.26874
0 427.31198 534.6376 84.275055 91.64606
0 285.89883 346.16263 124.62866 131.25854
0 338.4648 456.51465 114.10858 132.76611
0 523.2879 856.35126 91.95325 114.53705
0 343.517 616.5655 114.31018 126.17798
0 319.81323 576.19543 81.33603 77.47894
0 383.26456 764.3233 101.991 105.47406
0 253.27504 514.23444 82.0294 81.21094
0 203.74173 430.99054 76.39487 94.019226
0 315.79126 658.6126 64.465546 86.09845
0 454.5776 938.9346 40.912537 54.75464
