0 1141.9999 -3.994247 90.33972 62.791706
0 1188.0892 83.91126 63.63977 68.76746
0 1228.0818 202.03621 39.202515 68.68581
0 1236.8939 363.60022 44.37549 49.147552
0 1166.732 144.24197 75.552124 56.463715
0 1112.0221 54.391254 52.088623 58.72775
0 1174.392 193.69463 86.027954 82.46422
0 1168.9072 277.94473 99.56323 80.335754
0 1046.3318 118.89648 82.64685 116.82148
0 1011.1373 71.18762 60.186157 66.967926
0 1083.2941 248.45628 81.52295 70.68309
0 1053.8469 379.2981 105.57727 56.937317
0 1009.95483 303.8828 130.11462 78.44995
0 938.41565 -3.3843014 76.66821 75.16987
0 955.09296 235.97813 87.97174 71.106
0 877.1628 152.12505 115.39783 71.33136
0 917.831 344.87286 61.41156 53.980804
0 874.0841 320.37378 86.720215 68.66431
