0 1073.0970764160156 358.34378 65.92988586425781 49.797028
0 1097.4635314941406 262.9581 85.87054443359375 68.46991
0 1116.7805633544922 427.14703 74.53514862060547 68.502075
0 1171.1780548095703 327.92456 73.39873123168945 58.036743
0 1184.932601928711 154.91449 109.77258968353271 80.880844
0 1205.706657409668 245.87871 89.40663623809814 88.114914
0 1248.7239017486572 567.4169 67.19333076477051 79.53534
0 1281.19375538826 348.99548 98.02813792228699 85.48178
0 1296.036672592163 309.7695 80.82172584533691 43.79254
0 1322.1546363830566 455.8076 93.77592086791992 64.18039
0 1339.6940994262695 239.90431 113.53997039794922 50.75432
0 1360.002555847168 157.2551 88.55847930908203 71.648834
0 1382.5545806884766 342.33707 92.44093322753906 76.5697
0 1444.9334869384766 163.83792 45.70591735839844 50.852753
0 1401.8678817749023 577.19727 81.6357650756836 50.052063
0 1420.4710083007812 469.89093 82.079345703125 87.55664
0 1443.726058959961 271.76114 52.25506591796875 63.301422
