0 616.8987426757812 235.31403 79.93548583984375 72.68515
0 588.3187866210938 130.39238 107.05975341796875 98.37001
0 691.2537841796875 266.57483 97.92239379882812 93.06625
0 686.947509765625 154.48715 91.66387939453125 84.29495
0 608.14306640625 -17.943636 132.34783935546875 120.22083
0 676.31298828125 62.839325 118.72372436523438 115.447205
0 881.8431701660156 327.80283 98.49002075195312 99.02136
0 794.2039184570312 108.0077 127.24050903320312 119.836555
0 786.2413635253906 74.25597 89.97409057617188 76.26628
0 887.6867980957031 182.6541 111.67996215820312 99.492905
0 790.855224609375 -23.604086 119.02462768554688 97.30459
0 761.450439453125 -94.07201 111.490478515625 103.04844
0 880.3533020019531 53.851902 117.33895874023438 109.02496
0 835.4414367675781 -143.9871 116.85614013671875 106.7699
0 1031.975570678711 250.79938 89.46479797363281 78.85419
0 983.7057495117188 138.91193 135.10409545898438 125.65033
0 898.1649169921875 -44.299847 118.27774047851562 105.95451
0 1043.1995849609375 87.299126 61.29133605957031 63.731514
0 1022.2767333984375 58.799904 49.81617736816406 45.152428
0 1145.2357635498047 198.45064 22.670181274414062 27.901062
0 942.4869079589844 -100.615036 30.527252197265625 40.69954
