0 234.91634 407.7227 85.75212 93.5437
0 283.36185 517.2172 84.2074 88.7113
0 325.59708 573.69 90.62717 94.8858
0 314.21973 413.75705 65.053925 76.359985
0 321.2435 340.9404 106.63931 99.44104
0 431.04932 668.77844 80.60394 82.58679
0 491.31842 796.78906 53.99524 57.02881
0 366.06625 443.3536 91.00159 95.1846
0 418.46207 572.3439 78.65112 88.87836
0 517.7931 724.07733 84.431885 79.51196
0 417.99405 491.39166 86.32852 84.01874
0 413.66858 379.36697 69.598145 76.59595
0 444.91586 536.2293 107.544464 112.79486
0 487.28268 615.79694 116.78201 116.309875
0 490.2224 405.6501 121.09711 143.0177
0 495.79877 340.7163 79.964905 87.66461
0 548.1735 544.2906 96.637146 98.98572
0 638.6561 650.5187 108.21863 95.96759
0 604.81824 558.52155 139.10712 126.97662
0 486.94205 234.7929 99.49332 104.097275
0 628.8852 464.39682 103.73999 103.17471
0 610.46155 347.9036 124.88867 114.63617
0 750.0853 545.4234 74.28711 75.91742
0 749.3897 497.85825 101.05176 100.07272
