0 708.0771 430.34473 89.019226 85.67505
0 717.05536 309.87552 121.38684 117.39847
0 596.50366 465.20126 110.26721 108.1279
0 626.44073 332.93164 104.531555 101.24756
0 684.34467 136.81313 139.66449 135.93974
0 623.6918 225.35796 123.987305 125.052475
0 384.2857 529.6278 122.41568 121.50824
0 480.75494 272.46994 132.38824 130.23209
0 535.40094 232.93611 90.65979 85.81358
0 381.15802 353.12463 126.062744 120.501465
0 513.86395 115.265884 124.61377 115.45616
0 550.23334 30.88971 125.045166 121.680405
0 409.25238 202.40497 128.50146 125.7818
0 474.4908 -36.484303 127.66507 122.663605
0 250.01375 421.087 106.9138 101.02347
0 274.75787 298.7149 136.73325 135.49918
0 395.71967 77.38672 130.28229 125.241516
0 254.64937 199.44287 103.994705 100.62039
0 308.46817 176.94357 71.78876 67.400925
0 125.18217 281.15045 120.21566 114.19412
0 376.5978 -48.128613 119.914764 117.99408
0 294.75604 40.372025 121.71689 117.89151
0 221.8508 92.56194 125.19507 121.78303
0 315.8745 -52.086006 79.36514 82.01805
0 273.4125 -139.46532 123.56445 118.41089
0 103.31484 170.78392 95.2779 94.12471
0 34.51317 285.76147 64.26656 64.12244
0 205.57385 -46.309177 117.22766 115.145615
0 134.92155 72.29811 102.1456 102.92873
0 -13.15899 195.65352 98.02349 94.23204
0 137.33522 -26.978113 112.587234 107.81064
0 200.23111 -119.860825 83.61264 84.56852
0 60.37066 8.147693 139.8135 137.27592
0 -7.769789 83.67869 137.19167 134.28577
0 33.568798 -125.46947 141.36598 147.7033
0 91.41622 -192.82724 101.18003 101.30399
0 -38.548367 -2.2413533 107.08475 106.856476
0 -174.47482 72.07295 118.15566 112.07556
0 -164.11253 -22.545328 160.47672 152.74405
0 94.744736 -312.17435 139.0175 135.6083
0 -115.80568 -103.74094 118.90722 116.10838
0 -39.071987 -184.47325 84.18227 84.52495
