0 1057.0808 527.8135 68.22473 61.937866
0 1057.0837 455.4117 92.08777 96.95218
0 995.03345 533.05994 85.502075 83.15527
0 908.45917 631.3777 76.36401 69.35736
0 783.9062 721.08813 60.701294 58.810547
0 943.20435 555.38055 77.24487 79.107666
0 998.38605 467.8187 69.07672 65.35574
0 880.447 586.8005 102.48059 100.01001
0 806.07996 629.7074 106.530334 107.486694
0 864.54736 456.70438 128.38849 116.46579
0 934.2216 405.3466 79.10449 75.02994
0 804.0304 552.6262 91.03284 90.52954
0 687.2955 602.9546 90.29028 98.40973
0 717.32404 531.88306 118.01477 125.97296
0 962.6413 314.1742 92.91229 90.34564
0 761.01495 455.0596 94.26587 95.09604
0 802.29364 355.65305 106.11316 112.746155
0 663.2352 486.44916 69.247925 68.71826
0 654.21106 442.68442 91.74292 92.90671
