0 477.53473 151.3637 85.23767 87.70213
0 497.18765 23.541807 114.177216 118.404465
0 370.2576 195.52753 105.90488 112.33383
0 405.16382 59.01156 97.50983 101.082985
0 475.84253 -154.81177 140.74274 144.48325
0 401.0475 -54.265488 131.13239 140.76297
0 154.23804 279.2968 108.9209 120.00473
0 257.58786 8.277744 137.54614 145.21277
0 319.59827 -33.811523 92.4595 90.43031
0 165.09686 103.56149 117.19028 118.7997
0 301.82678 -151.05159 121.44165 115.49609
0 352.5411 -239.90317 118.8624 123.65378
0 189.82927 -52.64127 125.384415 130.91531
0 300.86383 -282.12744 102.76453 109.90944
0 26.782291 195.19856 93.45308 94.01744
0 44.96696 55.594975 144.42738 150.89737
0 209.0332 -157.49191 107.48523 113.01239
0 111.90066 10.524787 31.82676 38.588745
0 140.60725 -25.741177 30.647507 36.26725
