0 1107.6694 661.2047 116.15393 118.28833
0 1148.603 615.8878 84.55005 76.752014
0 1026.0902 750.7 126.624756 115.20105
0 1111.571 496.3005 117.50903 100.79489
0 1132.8711 407.46582 110.99524 109.60724
0 1039.4503 602.6979 107.82971 110.24658
0 1050.9044 349.06036 118.10217 111.51587
0 931.32556 848.69666 99.78735 90.17969
0 930.5244 719.1804 124.3407 127.203735
0 1004.8294 480.7182 114.6568 110.150024
0 893.1594 624.7984 95.83844 92.15729
0 938.41675 596.9066 66.29498 59.138428
0 791.6133 728.8619 111.89752 102.53882
0 970.1956 360.08197 109.47858 109.97455
0 915.0515 460.73346 107.74805 105.27844
0 852.42975 525.2474 115.03583 112.16864
0 910.3433 365.54468 70.40369 80.174194
0 865.0759 287.9132 114.47247 107.34515
0 757.60565 622.6661 86.79065 88.08191
0 713.2945 749.57574 58.210022 60.605896
0 822.6552 393.68173 103.35559 104.6839
0 775.97656 525.0489 85.001526 93.71564
0 657.5512 667.9352 90.655396 85.71564
0 769.7179 434.32385 92.79175 90.187744
0 803.9647 323.589 75.13434 81.002686
0 711.45166 479.54974 115.90033 119.96875
0 655.2326 558.43646 125.6228 124.48541
0 660.9174 343.79068 127.27661 147.59811
0 703.7903 273.68503 86.31891 92.75827
0 616.9287 480.8632 99.930115 102.91019
0 503.3166 581.5256 112.530334 102.071106
0 503.88278 485.44717 149.21292 137.45505
0 692.3207 164.51866 115.0224 116.599106
0 525.963 389.16733 112.96808 111.33865
0 526.4015 269.42853 135.72931 125.13043
0 421.99533 470.5631 79.98175 80.99457
0 392.86713 410.7337 108.67502 107.17474
