0 701.2952270507812 226.97237 80.5115966796875 81.45854
0 664.7142944335938 102.13135 109.59365844726562 112.2383
0 783.0249633789062 282.9287 99.86962890625 106.05881
0 763.1018676757812 145.44014 94.37161254882812 97.02246
0 672.7417602539062 -68.95226 130.771240234375 134.38873
0 742.4188232421875 28.09293 121.5521240234375 133.76143
0 969.9689025878906 391.93207 106.23583984375 118.3808
0 870.4560241699219 113.34995 119.3807373046875 127.73431
0 858.4021911621094 69.40486 81.98196411132812 79.293945
0 965.1633911132812 220.12859 113.92190551757812 113.12572
0 846.2034912109375 -45.872314 112.86013793945312 102.945816
0 811.5271606445312 -141.48413 114.95535278320312 118.832985
0 940.2916259765625 58.459255 121.17364501953125 125.97089
0 879.5309753417969 -191.98709 115.32586669921875 116.09226
0 1107.4215087890625 316.82486 96.69921112060547 93.09595
0 1052.8070983886719 179.55379 127.25109100341797 137.0176
0 948.8890686035156 -59.922215 120.84439086914062 120.73361
0 1104.8709869384766 94.26014 93.8943862915039 96.26438
0 1083.3789978027344 66.993095 66.9173583984375 62.773445
0 1208.6547470092773 207.2899 108.68197250366211 106.12764
0 977.0491943359375 -183.57045 108.124755859375 115.76856
0 1049.9588012695312 -74.65094 112.25424194335938 114.54973
0 1114.9323272705078 -6.526119 112.9902572631836 117.46509
0 1066.7450714111328 -175.51984 71.29156494140625 86.14084
0 1066.9604034423828 -249.95912 111.63523864746094 111.59964
0 1251.1433773040771 99.41375 85.88871955871582 92.89472
0 1342.2680931091309 233.8439 57.88914108276367 64.19559
0 1137.3188781738281 -144.52646 105.72177124023438 112.68771
0 1217.1605949401855 -8.129599 91.93030738830566 104.48131
0 1353.4972457885742 152.60544 88.53765106201172 89.25049
0 1204.9361724853516 -107.64846 101.73088073730469 101.4943
0 1169.0240173339844 -213.47786 74.028564453125 85.22182
0 1248.678466796875 -54.553722 118.20939636230469 128.42972
0 1316.6220092773438 45.875946 97.64651489257812 105.731186
