0 0.7840576171875 528.19574 60.11328125 70.319824
0 -12.718994140625 335.25763 87.2244873046875 96.80524
0 5.4228515625 423.98865 96.7440185546875 109.851135
0 54.5589599609375 782.6151 108.44482421875 104.74591
0 84.3853759765625 521.0356 112.427978515625 107.35394
0 97.25146484375 475.98126 85.2818603515625 63.05481
0 131.9039306640625 635.5038 115.6798095703125 91.34149
0 134.836181640625 375.27145 123.3341064453125 78.92389
0 153.287841796875 284.54083 104.7152099609375 95.89404
0 188.7679443359375 492.49884 98.80670166015625 98.78711
0 244.0662841796875 250.87163 115.60064697265625 94.4601
0 232.9049072265625 747.6128 100.98175048828125 73.81891
0 247.0548095703125 621.65717 113.69036865234375 113.972595
0 251.13525390625 385.1536 110.69488525390625 94.50534
0 341.74029541015625 546.4175 92.44732666015625 79.11914
0 337.41607666015625 514.54425 67.7078857421875 47.883057
0 390.90496826171875 669.0511 112.07916259765625 84.87494
0 338.80767822265625 280.42404 101.7581787109375 97.348236
0 363.47723388671875 387.89975 102.5699462890625 91.42511
0 394.0111083984375 462.3228 109.696044921875 97.26697
0 440.6685791015625 300.20193 57.70538330078125 76.61322
0 455.37054443359375 239.44493 112.65618896484375 90.45497
0 490.34014892578125 578.60834 79.9354248046875 78.50531
0 528.4683227539062 709.2699 52.3509521484375 54.91803
0 478.43646240234375 348.34293 98.13287353515625 93.99057
0 507.56280517578125 481.8248 72.1920166015625 87.929596
0 571.7491455078125 644.4237 88.62957763671875 72.67639
0 533.4931030273438 399.09595 88.72283935546875 78.02719
0 553.3541870117188 287.7551 65.312744140625 75.00363
0 554.521484375 452.33047 104.83868408203125 108.31412
0 572.2672729492188 539.7949 118.16021728515625 109.17407
0 638.6486206054688 332.81635 100.15118408203125 141.8581
0 659.4512939453125 263.27902 75.28271484375 85.72031
0 667.4131469726562 477.8943 88.64996337890625 91.96936
0 731.6173706054688 601.1283 111.752685546875 83.26044
0 721.1799926757812 508.29398 148.86444091796875 114.24881
0 670.2014770507812 163.76654 109.85403442382812 105.56061
0 770.3874816894531 413.60052 107.47491455078125 97.48859
0 780.9301147460938 302.89862 136.24627685546875 104.33542
0 888.0059509277344 519.3085 73.80935668945312 72.08386
0 906.1645812988281 465.19226 102.64175415039062 93.68005
