0 282.3392 336.92603 77.33841 74.86435
0 188.30295 292.45053 102.74219 99.68561
0 292.92282 414.66986 94.77713 92.495544
0 188.88768 387.80942 87.40056 84.76044
0 38.45818 285.61505 127.36946 123.14609
0 98.51913 359.1748 117.51891 115.0069
0 299.74762 602.33435 96.33322 95.02222
0 109.43451 483.20917 120.156235 116.87091
0 83.89118 467.26117 83.77822 80.03204
0 154.55977 583.0261 105.48625 101.69714
0 -16.000175 452.7069 111.01276 105.30029
0 -66.27785 414.81494 106.4671 103.348816
0 36.075596 550.5632 113.65427 110.211975
0 -79.907135 480.3875 49.554695 49.01239
0 188.28085 719.1639 88.187744 84.54126
0 113.46086 662.4987 97.73151 96.21759
0 -13.5268 547.7777 64.03028 63.755188
