0 -69.7440185546875 153.4596 58.0848388671875 71.78067
0 -121.5423583984375 281.6887 68.64794921875 68.309235
0 -38.041748046875 189.82019 57.965087890625 70.11868
0 -139.4296875 337.1555 72.8863525390625 95.82333
0 -165.275390625 421.99112 102.4990234375 98.72775
0 -15.6431884765625 264.51645 98.1983642578125 137.41595
0 56.0577392578125 219.57773 69.0838623046875 80.515564
0 -60.72314453125 404.44986 89.8853759765625 87.22363
0 -70.57568359375 546.6371 115.31103515625 76.31464
0 -43.29296875 466.5426 140.9794921875 102.53369
0 121.8421630859375 146.07135 86.6650390625 91.01106
0 66.6822509765625 405.67053 97.8642578125 88.86157
0 129.6683349609375 320.12723 125.4300537109375 92.864685
0 122.5323486328125 533.7286 68.95361328125 66.73456
0 142.54248046875 509.89703 96.093017578125 86.01428
