0 1176.9495 181.88304 72.46216 76.77696
0 1112.9895 78.85579 59.115112 79.35484
0 1217.8386 253.16089 77.85242 93.361664
0 1248.4924 328.85977 89.25818 110.300415
0 1086.3948 160.46884 111.288574 156.52115
0 1036.1514 114.666534 72.64221 92.671646
0 1175.1011 314.45245 85.13318 100.2439
0 1209.5547 468.5511 100.91626 91.93237
0 1144.0792 382.94266 124.79773 121.596985
0 949.6931 39.83075 88.76892 105.18671
0 1067.8027 323.33005 94.079956 104.047485
0 970.98895 233.3774 112.352356 110.273605
0 1086.8699 469.30142 67.73071 77.76492
0 1043.4596 444.21744 91.27234 100.54074
