0 742.0031127929688 191.54276 92.12353515625 88.09149
0 699.544677734375 62.88391 121.9783935546875 118.278625
0 833.193359375 244.89618 112.16290283203125 112.40793
0 814.4425048828125 105.273186 103.65213012695312 100.15734
0 709.40234375 -113.91352 151.68951416015625 143.84793
0 790.8050537109375 -13.932191 139.052734375 141.41634
0 1057.6880493164062 339.92874 113.22440338134766 120.447235
0 938.0322265625 62.528812 140.58497619628906 137.2735
0 923.8679809570312 18.982616 100.09246826171875 88.33305
0 1051.549560546875 163.48218 125.46876525878906 117.082794
0 914.9147033691406 -99.03386 133.0953826904297 112.34089
0 879.3603515625 -186.14073 126.41854858398438 123.41496
0 1027.1106567382812 7.5538983 130.10736083984375 126.30187
0 969.8939819335938 -174.83365 41.54705810546875 47.180626
0 1209.5587997436523 269.33386 99.51071548461914 90.54089
0 1155.1315155029297 153.32507 98.08409118652344 106.14804
0 1037.5450744628906 -65.16043 60.68988037109375 72.35956
