0 922.9727 241.4834 73.52606 93.27994
0 864.49695 324.76132 99.96234 116.29358
0 720.716 681.1442 94.4494 105.973755
0 761.4252 410.81396 109.67609 115.84332
0 795.95667 363.62567 77.31067 70.37875
0 692.1154 519.892 106.737305 100.999695
0 756.3564 254.33818 107.895325 90.117874
0 774.928 161.28888 100.8371 103.99078
0 693.27203 370.54785 97.8111 106.0278
0 698.4268 116.96472 107.68176 103.95717
0 597.9979 626.21136 91.2865 82.53223
0 593.0186 495.3725 112.642334 122.289185
0 659.8815 253.18608 104.40027 103.39812
0 560.5002 411.17004 87.25897 86.54031
0 600.49115 380.14124 60.69763 53.8114
0 470.19946 528.5183 102.2561 94.40851
0 623.37897 139.02524 99.3288 105.01843
0 575.1197 246.3811 97.97839 99.4819
0 520.7069 318.28217 104.6225 105.908325
0 569.5044 153.42722 63.174805 79.92293
0 526.6567 84.11716 104.41925 99.78348
0 436.42358 429.1521 78.685974 84.43616
0 398.18796 561.3131 52.65512 58.633057
0 489.7194 193.91455 94.65469 100.77481
0 450.8413 329.66635 76.502625 92.454865
0 345.6622 488.003 82.64807 79.949585
0 441.8393 241.80937 84.413635 85.04756
0 471.61932 128.16652 67.75824 79.3185
0 389.7779 292.6573 104.89215 115.8226
0 340.76047 378.594 114.10303 118.26831
0 342.4042 163.5654 113.33835 147.61691
0 378.45798 92.37748 77.862274 90.71995
0 303.80643 308.6455 89.748505 98.7887
0 202.05952 425.21997 102.29582 93.24609
0 199.57776 328.70227 136.30267 126.83771
0 364.63132 -13.761266 105.65082 112.643776
0 218.13655 231.29231 102.89665 105.68681
0 215.07849 114.02093 124.28192 115.65478
0 124.33443 328.77927 72.51843 77.575806
0 95.90865 271.32764 98.75268 101.64551
