0 770.2637 165.45158 68.79883 41.77826
0 804.39264 81.884964 91.6803 58.947876
0 811.0673 235.31213 77.89569 59.088135
0 874.2328 143.52678 78.392334 51.307648
0 911.0008 -15.034309 108.71033 71.02383
0 926.0265 66.23368 88.124084 78.966194
0 921.60834 374.83823 75.74414 70.934906
0 992.4815 169.66061 91.85199 72.22414
0 1012.9935 132.80089 75.3905 37.257233
0 1016.0887 274.34332 100.46942 56.079956
0 1059.6141 69.01646 112.862305 42.183174
0 1091.0435 -9.160471 94.53235 63.448936
0 1090.1528 165.51364 98.62073 67.9216
0 1184.3315 -11.082635 99.41089 59.075565
0 1093.85 386.7877 89.55664 43.311462
0 1123.9727 283.19516 93.93506 78.22818
0 1168.5112 98.3997 105.502686 60.563087
0 1230.8008 246.36374 78.3866 50.65622
0 1231.8676 216.36958 63.408325 27.542587
0 1254.5388 361.644 98.47009 50.87854
0 1276.2565 27.208612 83.088135 65.53622
0 1276.3496 125.45457 94.510864 59.773155
0 1297.6033 193.05443 91.95813 63.336838
0 1370.1576 56.463726 40.455566 57.5873
0 1398.6963 27.148453 97.36536 56.05401
0 1370.2966 303.6814 64.63623 53.427673
0 1382.2012 414.92932 41.239746 38.340607
0 1405.3887 114.84979 81.9834 63.33525
0 1404.1666 223.58463 61.814575 64.5903
0 1433.1936 377.44742 76.1488 45.535797
0 1444.9329 165.57588 89.025024 50.774002
0 1489.5808 76.276985 49.43286 54.011147
0 1455.6484 214.30714 104.34192 75.4113
0 1463.5135 297.49677 97.683716 72.42224
0 1567.0524 138.35371 11.9436035 89.98476
