0 165.27214 -94.65836 82.48451 93.61955
0 68.35973 26.71118 87.190315 88.954315
0 4.1504083 157.35872 74.03247 78.50131
0 -65.91899 280.85403 103.36818 96.43381
0 190.90689 -29.561419 111.52319 111.32552
0 116.60033 59.966503 110.35919 106.675995
0 82.670235 135.5577 117.87017 113.66588
0 253.29123 51.26449 69.8053 80.82604
0 303.0918 36.3865 118.15823 108.93323
0 73.80479 281.88898 88.22982 89.13229
0 8.316869 392.5312 58.870747 61.284027
0 238.9989 120.384766 100.433075 103.07951
0 155.59415 225.03914 84.89842 94.57625
0 74.2949 392.15268 93.43166 86.95715
0 232.62935 192.95467 95.13707 91.40227
0 343.13028 133.36444 75.41852 81.80295
0 188.0308 241.27223 117.34767 121.31767
0 133.38031 319.844 128.31442 126.07477
0 321.75952 224.823 129.0296 150.77734
0 421.83218 197.29391 86.706604 93.68463
0 251.60881 343.25726 104.92207 106.30875
0 202.74919 482.80887 119.88817 105.561554
0 247.3042 414.87347 154.51675 139.58173
0 502.42047 145.58951 110.18829 113.13699
0 370.79532 386.87177 114.29895 112.04071
0 458.4672 323.58707 138.991 126.11932
0 386.73795 535.5212 81.34387 81.96661
0 414.84756 518.55444 111.11325 108.57037
