0 1325.354 349.92575 50.528564 56.539917
0 1344.3845 668.5685 43.96692 70.056885
0 1274.5785 428.70276 85.175415 82.30798
0 1264.3314 384.57535 69.93176 42.653442
0 1251.4817 546.53296 93.1886 64.1098
0 1172.4823 312.3163 104.70386 48.488525
0 1155.9106 224.64946 80.52844 72.24663
0 1183.2579 420.87558 73.57861 77.10458
0 1055.6667 220.82812 92.20337 67.48865
0 1208.9962 671.29333 83.073 49.598206
0 1154.4532 561.1751 84.573975 89.047
0 1087.0466 344.77258 87.11572 68.98633
0 1065.4615 513.04 72.69946 57.82141
0 1075.7311 477.3493 56.170654 31.520782
0 1036.3387 642.3167 91.33801 58.21576
0 998.89294 265.8478 77.04834 74.68466
0 1002.7254 372.55502 79.60431 68.07202
0 986.6987 451.1101 85.28259 72.252686
0 948.04694 301.0627 37.48993 65.38672
0 869.24774 263.0468 90.318054 64.0491
0 954.52405 575.19135 59.935547 60.856567
0 976.13354 699.64484 38.23639 43.63513
0 893.5106 363.245 71.92438 72.10269
0 924.68835 487.06314 49.195618 73.2836
0 891.3808 660.522 70.6275 52.017212
0 864.1726 423.96555 69.16339 57.746674
0 836.8176 320.40646 45.825073 61.40799
0 853.13245 479.18433 77.057556 85.573364
0 846.6581 568.18 90.587524 82.5639
0 759.2267 387.0397 64.181946 123.08481
0 732.26074 326.99942 53.03247 69.98416
0 770.2283 528.7871 66.8822 72.80786
0 721.3227 665.8986 92.989746 56.616882
0 681.7787 584.90576 120.87616 78.95514
0 670.42004 245.00377 79.98682 80.48888
0 647.43555 500.90195 82.30707 73.134186
0 584.34735 408.26135 109.921814 71.99951
0 596.4166 618.7558 55.459534 55.756958
0 547.711 581.87024 79.02527 70.48639
