0 654.4925537109375 269.02728 57.83038330078125 46.539917
0 684.5218505859375 178.78627 77.16748046875 65.32672
0 685.5897827148438 344.03006 66.10870361328125 65.68741
0 743.3155517578125 247.58394 66.01953125 56.834488
0 774.26806640625 79.595276 91.54827880859375 78.67799
0 780.6351013183594 166.33711 74.90774536132812 86.89067
0 775.7877502441406 498.88757 62.726898193359375 78.6214
0 837.4010620117188 281.69867 77.75399780273438 79.67737
0 856.1775817871094 243.98546 63.1025390625 41.606094
0 852.3723754882812 396.9414 84.29345703125 62.38925
0 897.5300598144531 175.68477 94.0054931640625 47.60591
0 922.9617614746094 94.065155 79.67324829101562 70.24019
0 918.1857299804688 281.42032 83.16641235351562 75.14447
0 1001.2386474609375 93.83953 83.52340698242188 65.60523
0 917.7498474121094 520.5439 74.9176025390625 48.401367
0 942.4008483886719 410.18912 85.25869750976562 86.39566
0 984.3083190917969 212.47408 88.57147216796875 67.32234
0 1032.5371704101562 374.3722 65.99337768554688 56.13083
0 1033.739028930664 344.11908 54.93675231933594 30.960693
0 1049.1517486572266 501.54504 82.48126220703125 56.735596
0 1076.5423583984375 140.21141 70.34159851074219 72.28633
0 1073.2051239013672 247.50575 79.52548217773438 66.2697
0 1088.4051055908203 318.3988 77.54801940917969 70.07205
0 1151.7891082763672 171.44351 35.095069885253906 62.92775
0 1175.9578857421875 142.58783 81.74491500854492 62.295776
0 1146.6441497802734 440.37045 54.80109405517578 58.87433
0 1153.9314346313477 561.0625 35.11377716064453 42.15625
0 1180.0683364868164 237.51425 69.36264038085938 69.88931
0 1176.3518142700195 355.45038 52.84407424926758 70.878296
0 1194.406997680664 527.3479 59.32292556762695 48.13568
0 1211.361801147461 301.62164 50.7809944152832 51.075714
0 1247.1598281860352 208.13925 18.506126403808594 47.639114
0 1216.1313133239746 349.8457 42.29287338256836 79.368164
0 1221.496150970459 441.70108 31.61236000061035 47.804504
