0 830.2016 167.90276 73.082886 70.18263
0 740.8174 62.75648 99.24304 98.03383
0 833.6681 271.37454 89.11035 95.08099
0 735.2061 162.32391 85.35956 85.02609
0 598.1593 -37.249825 114.04736 116.44238
0 654.0143 74.014175 98.77411 121.35069
0 834.4555 484.18958 97.59943 111.43628
0 655.3465 226.69652 106.69934 115.83363
0 630.60004 181.83731 75.4234 65.60124
0 691.0195 373.7341 104.06006 96.02478
0 533.31433 109.225136 105.41748 80.03344
0 479.8727 11.765013 101.9238 104.06911
0 580.9711 242.91034 104.5307 110.04248
0 407.1258 31.505865 104.9422 99.81124
0 709.49506 540.9934 89.06531 76.65912
0 626.1404 413.06964 109.52319 123.68036
0 477.6755 173.00517 107.36038 102.20961
0 537.1329 385.3801 84.99597 84.15335
0 528.202 344.56387 60.16693 49.731598
0 569.7204 544.63727 99.73523 88.64813
0 374.94525 104.842224 96.62665 105.04324
0 423.24008 235.44466 99.633575 99.07167
0 447.28183 329.4886 101.86899 103.95459
0 355.19028 167.88718 61.213318 85.49866
0 275.29343 133.76772 101.78995 95.332504
0 477.75815 494.44272 76.517426 84.987335
0 548.60016 645.12354 51.169556 59.90442
0 333.4371 251.77309 94.61319 101.879105
0 410.02368 394.60513 80.61374 99.32916
0 466.82068 611.669 80.54242 76.835205
0 329.17258 329.25406 92.80362 86.53433
0 272.32202 220.21815 65.77417 82.5905
0 342.44565 398.5262 113.27316 121.39444
0 385.0061 508.91006 111.04831 117.30618
0 237.36508 315.23248 107.90753 158.85092
0 188.78693 253.98831 80.71045 95.87079
0 307.83817 489.02527 85.25339 99.864746
0 336.6389 657.5235 90.935455 82.535095
0 262.9345 564.05096 132.06033 119.56134
0 103.38273 157.26442 107.08782 114.26164
0 219.51637 484.02423 84.979935 94.29974
0 172.4452 378.73932 52.20851 68.575226
