0 1095.1732 270.86862 48.87085 55.944702
0 1006.6456 128.30472 75.54346 77.16298
0 1020.82446 201.26534 87.982666 88.84154
0 1116.1736 486.29083 101.00305 83.73108
0 975.7729 307.47366 104.872986 85.73743
0 958.76117 276.3201 81.926575 49.182495
0 974.48346 411.93082 110.3775 71.726166
0 849.1514 226.22318 120.0672 60.546997
0 816.5499 161.8295 98.207886 76.323074
0 880.8705 326.2674 91.59302 79.17963
0 709.90466 176.93518 109.89081 74.42117
0 943.0278 532.0087 97.12738 57.502747
0 873.9523 446.6725 105.35095 91.36969
0 765.9406 276.5428 104.70331 74.75992
0 768.38416 427.60196 87.40753 62.60013
0 773.8046 398.84482 65.33838 37.178864
0 759.6837 541.0369 107.41028 66.36804
0 652.93097 233.14279 94.896545 77.75815
0 674.75867 322.15274 96.51965 72.59915
0 673.8183 390.23364 103.29126 77.203156
0 607.28937 280.26825 51.046875 62.562775
0 518.15564 253.93051 107.28735 71.14407
0 661.49445 508.3337 74.28247 62.837067
0 704.17206 614.1565 48.207153 44.18518
0 559.74365 338.8633 91.18884 75.02432
0 614.6713 442.30023 64.8855 71.439575
0 607.2427 591.8735 84.22998 57.279785
0 537.3506 397.12704 83.62579 61.887787
0 493.30676 318.86374 59.29004 60.709625
0 534.3448 446.04944 96.72009 87.019104
0 543.28394 520.1121 110.6922 86.95734
0 421.3896 389.85562 87.67087 116.28583
0 381.56058 345.71814 68.43378 69.33688
0 455.60443 507.87943 81.995544 73.96585
0 426.41156 629.7702 107.48181 65.042175
0 368.56598 564.3828 142.46698 89.45929
0 301.0921 284.24374 101.96207 84.20599
0 319.31824 506.95734 100.83084 77.513855
0 236.17542 436.7332 130.31287 81.658295
0 285.4455 625.34753 68.641846 57.671936
0 224.31795 598.7127 96.30565 74.548035
