0 508.37762451171875 342.8322 53.19482421875 60.451965
0 538.3609619140625 223.9986 71.1048583984375 85.22284
0 531.9885864257812 438.64502 60.8974609375 84.65869
0 584.4933471679688 307.68677 60.85699462890625 74.11508
0 624.6942749023438 86.35071 82.0247802734375 102.43475
0 629.0809326171875 199.72891 64.82135009765625 112.51416
0 599.328369140625 629.1837 62.38909912109375 101.04895
0 668.2332153320312 340.10724 72.09014892578125 103.658325
0 688.7455444335938 288.19186 57.744384765625 54.50058
0 679.5294189453125 484.64508 77.369384765625 81.55463
0 727.2597045898438 197.43687 85.565673828125 62.721634
0 755.7330322265625 87.634 72.45162963867188 91.49068
0 740.5143432617188 329.73093 74.15533447265625 97.737305
0 823.5334777832031 82.09541 76.78628540039062 85.67378
0 726.4634399414062 638.5838 68.53335571289062 63.42755
0 755.611328125 494.82205 72.005126953125 111.91531
0 804.370361328125 233.51709 79.77444458007812 87.851135
0 837.6289672851562 438.48904 60.81060791015625 73.2106
0 843.8360290527344 395.90714 47.355926513671875 40.492767
0 846.7427062988281 596.07587 75.56515502929688 74.26068
0 887.0869750976562 132.63487 65.22439575195312 94.039444
0 880.8077087402344 267.80713 72.046875 86.37665
0 890.211669921875 361.19022 71.59222412109375 91.31387
0 954.4299011230469 173.48132 33.41973876953125 81.43161
0 977.755126953125 127.91911 75.08876037597656 81.39229
0 935.4298706054688 513.44885 50.898040771484375 76.55011
0 937.0871887207031 667.93134 32.75775146484375 54.744446
0 974.3255615234375 250.12447 64.27180480957031 90.955124
0 965.2100219726562 400.67038 49.54132080078125 91.94052
0 976.5105285644531 615.3984 58.83673095703125 66.02026
0 999.9099426269531 319.1183 68.62632751464844 73.766846
0 1040.6324157714844 194.52719 39.7772216796875 76.79889
0 1002.6328430175781 386.8341 78.73509216308594 108.337616
0 1001.5502014160156 500.7458 76.38261413574219 104.13684
0 1089.7341613769531 269.8902 55.52278137207031 152.92764
0 1116.7249450683594 197.90292 52.66246032714844 88.02524
0 1084.206558227539 450.4641 54.55229187011719 91.25696
0 1100.8598175048828 618.9416 42.23396301269531 59.614502
0 1108.0631713867188 524.4387 59.02070617675781 87.12555
0 1142.7109069824219 95.3381 46.38401794433594 95.299
0 1157.0568313598633 423.0453 15.228103637695312 68.99545
