0 286.2609 277.48776 85.10922 65.1861
0 255.7205 170.45598 109.8712 87.97435
0 207.71841 343.91913 97.376434 84.64728
0 174.67932 227.56566 93.52719 73.53676
0 147.96994 38.70382 141.57605 104.49293
0 124.9056 129.93512 120.00204 108.215546
0 28.478668 468.84686 90.93111 94.726746
0 7.0430512 224.62675 125.43023 101.60808
0 26.325647 182.9876 98.65327 60.03972
0 -58.040318 332.60767 117.3452 83.576996
0 0.96152246 104.50836 97.14595 63.612244
0 13.25516 20.413017 76.41594 77.56478
0 -34.461143 217.54301 59.314606 72.18965
0 -88.537415 461.71292 37.55718 45.927155
