0 749.169 227.30704 72.786316 55.338287
0 757.83105 129.90495 95.1297 75.473694
0 804.4588 289.6409 84.09631 74.19986
0 841.9404 186.7284 81.19641 63.863937
0 827.649 13.244325 120.884094 89.87161
0 863.2967 100.90336 102.11951 94.7013
0 959.9553 413.10434 78.6228 83.99368
0 956.6374 193.69464 109.28595 90.72748
0 964.65466 155.5899 86.09619 50.87674
0 1015.32355 293.6522 102.09613 71.95233
0 995.84106 78.61198 119.17346 61.048164
0 1004.02686 1.6613759 98.24451 78.62803
0 1055.4938 176.22581 105.64844 82.97014
0 1089.3717 9.172496 39.54602 44.33084
0 1113.8086 404.58228 88.60889 56.08008
0 1115.3854 300.5772 81.014404 83.64844
0 1105.1255 109.50434 48.203857 60.901543
