0 656.55194 229.73964 62.45984 68.18434
0 591.0312 125.70222 84.15387 95.2244
0 639.4134 331.85516 74.03253 92.90207
0 566.67865 222.60864 72.210815 82.62659
0 472.64374 19.068136 100.10254 114.41309
0 499.59384 130.51265 87.16141 121.247314
0 598.7508 541.6072 75.77771 108.29376
0 476.9432 282.7713 88.01358 112.94354
0 463.5931 237.57079 66.04739 63.360886
0 482.62524 427.6977 89.82611 93.00342
0 383.67236 162.79501 95.05353 76.744736
0 352.03452 64.78418 87.52182 101.74031
0 398.7931 297.9892 91.79306 108.44342
0 279.13428 82.01849 89.88806 96.80173
0 464.9681 594.167 78.19168 74.005554
0 410.40826 462.28937 91.23724 121.32184
0 317.09 225.00761 94.79672 99.89247
0 332.76846 435.41537 72.02344 81.7576
0 334.58893 395.31412 54.483612 48.23703
0 332.8822 594.72327 86.88965 85.709656
0 234.17389 152.38614 79.673004 102.43796
0 253.31062 283.799 86.47246 96.83917
0 258.53403 378.56244 85.592834 101.122375
0 204.6093 210.68791 46.012924 84.087234
0 133.38121 178.4054 87.530624 92.40378
0 256.19675 541.29443 62.667297 82.94702
0 295.94885 692.0434 41.179108 58.58777
0 164.44666 296.756 78.239914 99.304535
0 210.78873 441.44696 63.726074 97.3053
0 222.09053 653.29297 68.93416 74.52838
0 144.37105 372.96338 79.898315 83.851105
0 115.5349 262.54733 51.62471 80.95691
0 138.88472 440.5937 98.11621 119.46326
0 161.38672 553.2768 92.36792 114.26898
0 103.51853 361.36774 34.106148 122.06006
