0 47.567138671875 347.44498 69.0447998046875 90.98755
0 71.855712890625 432.8499 95.418701171875 112.174255
0 191.8077392578125 791.961 90.73114013671875 101.70947
0 157.773193359375 525.74 106.42010498046875 110.20416
0 160.103271484375 478.6698 76.67529296875 65.3291
0 220.8651123046875 638.53796 105.296142578125 94.39313
0 177.1243896484375 375.73813 108.20111083984375 82.29852
0 174.2596435546875 282.65707 98.2138671875 98.566315
0 241.94189453125 492.78198 94.507568359375 101.25751
0 247.53564453125 246.48587 105.92413330078125 97.4888
0 322.31744384765625 750.632 90.62005615234375 76.5155
0 316.8402099609375 622.2153 108.81085205078125 116.81305
0 278.25836181640625 382.07422 102.312255859375 97.37543
0 382.49896240234375 544.6516 85.49627685546875 81.51782
0 372.2044677734375 512.20087 60.41131591796875 49.70923
0 447.589599609375 666.48334 101.2213134765625 87.85535
0 329.98388671875 274.1033 96.36468505859375 99.9212
0 370.67974853515625 382.87195 95.6591796875 94.06253
0 412.40289306640625 457.25812 102.19305419921875 100.091
0 420.5972900390625 293.15787 59.35748291015625 77.931885
0 426.1650390625 229.67671 102.865478515625 93.41353
0 514.6681518554688 572.76184 76.15496826171875 80.51666
0 568.856201171875 705.2047 50.64801025390625 56.213135
0 464.45086669921875 339.15344 91.727294921875 95.98395
0 511.14093017578125 474.31213 72.51708984375 89.63129
0 596.5103759765625 638.22406 81.275390625 75.00018
0 518.9201049804688 390.47913 82.5128173828125 80.31546
0 516.1360473632812 277.32437 64.606201171875 76.57297
0 546.086181640625 443.15286 101.03765869140625 110.90878
0 578.3496704101562 531.03235 111.046875 112.18707
0 596.540283203125 320.1944 105.86724853515625 144.44806
0 602.3150634765625 250.28934 74.302978515625 87.52438
0 646.6797485351562 466.72372 86.4964599609375 94.554596
0 725.5186767578125 589.5514 101.43716430664062 86.57611
0 700.9754638671875 495.04617 134.77691650390625 118.19748
0 596.2317504882812 147.94754 102.3594970703125 107.31178
0 725.4498901367188 399.04532 100.28277587890625 100.11078
0 715.931640625 285.487 122.8902587890625 107.776855
0 842.9239196777344 502.64572 70.22140502929688 73.94046
0 849.1275634765625 448.6785 96.21243286132812 96.314545
