0 509.98453 222.77155 78.54288 59.59375
0 477.64297 121.88838 105.49661 82.16522
0 434.21738 273.13177 93.24448 79.874146
0 401.113 165.42294 90.4707 71.14186
0 385.5419 -6.5469637 127.756256 99.18849
0 365.9458 77.502144 94.60965 97.232796
0 273.48938 381.81042 90.17276 89.90549
0 257.67154 158.06183 121.76422 98.98044
0 276.34192 120.166855 94.5863 59.62178
0 200.31459 254.21176 113.08998 81.608734
0 211.77768 34.710526 122.761505 71.64773
0 223.28351 -42.34055 109.573975 87.35069
0 158.46497 126.49112 114.81198 92.83299
0 128.4006 -72.22572 112.9597 84.300186
0 94.63962 345.2099 96.96303 65.627045
0 74.0719 233.21709 127.90164 105.89488
0 101.26691 38.600975 119.25229 87.35929
0 19.811163 175.35634 90.27286 70.496796
0 47.15528 151.87126 73.72243 45.06247
0 -62.673096 278.9202 109.63575 75.95688
0 37.830647 -52.237694 99.18309 86.42348
0 -3.4932709 41.53128 108.457535 83.71078
0 -44.955097 102.3045 107.0567 86.56522
0 -15.747399 -35.583977 55.872562 67.4465
0 2.7349422 -67.20229 25.735798 32.785515
0 -89.059586 218.11479 43.039516 50.42125
0 -117.253334 321.06036 26.636467 35.721985
