0 841.61664 414.72916 64.375244 64.325226
0 820.7553 286.91278 86.971436 90.29901
0 776.75574 502.7737 76.900085 88.73514
0 759.89294 366.8431 74.67908 78.43225
0 758.63776 151.11131 90.87537 106.438126
0 738.92163 260.09592 79.68048 115.17264
0 650.39166 684.154 88.61914 106.064514
0 654.1347 392.9102 91.73505 108.40228
0 673.46924 342.63672 67.59601 58.966034
0 604.7794 536.4718 92.328735 87.338684
0 626.69165 243.74918 96.44385 69.75931
0 634.51874 139.3296 84.99609 95.77336
0 590.9772 378.28677 81.112915 100.8786
0 561.6335 122.50984 92.60919 91.30388
0 526.8908 682.39343 79.955505 68.743774
0 518.714 542.4437 93.35498 116.45831
0 544.9684 273.8095 89.108765 92.55701
0 473.83618 473.04913 74.447205 77.54425
0 500.2771 432.27087 53.44586 44.061615
0 406.7762 626.0207 89.06357 80.035706
0 492.4224 172.36446 83.053375 98.33638
0 461.8717 300.9401 82.99231 90.64398
0 426.74063 389.8673 88.703156 96.29636
0 448.8384 207.26785 49.41046 82.852264
0 400.77063 151.99269 90.077545 86.95497
0 364.29346 536.8092 65.4617 79.821045
0 343.1964 688.08014 43.257416 56.710327
0 381.46298 276.53937 81.48889 95.208496
0 365.15262 426.23682 63.33835 94.040405
0 288.21793 630.1738 71.029755 70.3241
0 339.40396 343.19766 75.61627 77.7435
0 357.30975 217.6607 54.659637 78.9592
0 303.36105 409.90964 89.33319 111.95334
0 272.8456 516.3925 96.02298 109.29614
0 252.55699 287.63293 85.72719 154.87637
0 267.4147 211.11581 62.921265 90.07388
0 227.88724 460.28302 72.05313 94.54657
0 149.36124 619.99005 87.76643 77.931885
0 136.25116 518.3609 118.458725 108.22363
0 241.73036 106.74032 91.63838 107.569435
0 139.6065 411.90573 88.8195 97.40442
0 122.06487 294.03537 108.844154 98.83707
0 66.18112 549.34216 60.401093 73.191284
0 32.34547 497.0431 83.288086 93.479675
