0 21.7384033203125 480.54337 29.011962890625 64.01535
0 -7.1468505859375 286.83875 69.3946533203125 91.22128
0 -5.757080078125 378.2158 96.159423828125 109.09244
0 20.001708984375 751.8299 101.864990234375 100.24072
0 67.98876953125 484.3065 114.18212890625 104.79068
0 87.7332763671875 436.44867 88.8345947265625 59.592346
0 107.7457275390625 605.9253 119.7991943359375 87.12543
0 138.323486328125 339.9903 129.94921875 72.90219
0 168.0257568359375 244.6732 106.85333251953125 93.17009
0 183.73876953125 461.61896 99.83453369140625 96.9057
0 268.8570556640625 219.4924 119.334228515625 90.51001
0 198.7730712890625 729.5037 105.290283203125 69.64923
0 232.52880859375 601.22656 114.82452392578125 111.830505
0 262.882568359375 357.80103 113.769775390625 91.05582
0 340.599853515625 531.3193 95.002197265625 76.256165
0 340.24420166015625 496.03778 70.80474853515625 44.96643
0 379.147705078125 663.17676 116.5067138671875 80.49048
0 364.129638671875 256.22754 103.33465576171875 95.04544
0 378.59918212890625 369.86023 104.96575927734375 88.549866
0 404.75665283203125 449.87845 112.31982421875 94.14981
0 473.745361328125 282.52103 56.02117919921875 77.07773
0 495.236572265625 225.99799 116.47528076171875 86.47095
0 496.07086181640625 575.405 80.928955078125 76.864624
0 522.3724975585938 711.7054 52.592041015625 54.145386
0 508.6942138671875 338.07974 98.29193115234375 91.51352
0 525.1066284179688 475.9419 71.03863525390625 87.85608
0 574.7471923828125 652.1856 91.47314453125 69.671265
0 560.0950927734375 395.62628 90.92242431640625 75.45285
0 595.7779541015625 280.2425 64.816650390625 74.561066
0 575.7674560546875 452.53818 105.49530029296875 106.59451
0 585.2987670898438 545.5896 120.45635986328125 106.18042
0 679.5952758789062 335.38385 97.13357543945312 143.59183
0 710.4739379882812 265.35776 74.79730224609375 85.139496
0 693.5681762695312 487.89584 90.21881103515625 90.7637
0 747.8877563476562 623.19275 117.21575927734375 78.94971
0 745.396728515625 529.1821 154.56234741210938 108.55084
0 732.9540405273438 166.03363 109.673583984375 102.45471
0 810.8626708984375 432.65707 109.43350219726562 94.54715
0 833.1147766113281 321.67203 141.04693603515625 99.014435
0 925.2474060058594 548.32434 74.77542114257812 70.53534
0 948.2713928222656 497.72186 104.77743530273438 90.99408
