0 479.79987 159.52985 84.223206 82.78458
0 495.52533 43.15616 114.65692 113.09242
0 372.04385 189.57841 105.65866 105.44673
0 405.23276 60.94049 98.77231 97.5421
0 474.47083 -124.44996 137.21893 135.45332
0 408.7868 -42.598244 114.26996 117.23745
0 162.80453 248.19327 111.2218 113.04553
0 269.02673 4.6854553 125.65497 125.66585
0 324.09225 -29.958822 85.113434 82.480515
0 172.20044 85.95077 118.668915 115.93145
0 311.6438 -146.69788 116.27188 110.70003
0 350.06567 -223.06592 120.40762 119.11238
0 198.02823 -65.45938 127.0213 125.87846
0 283.0327 -291.57184 120.35379 118.07539
0 34.124825 141.65332 100.30627 97.06624
0 60.764393 19.068928 140.05617 139.57872
0 197.29257 -181.05511 125.98367 123.309845
0 54.13624 -66.9041 98.23496 96.92716
0 104.53429 -83.839 71.31264 68.2813
0 -77.29921 14.291702 112.96363 109.79062
0 186.04485 -303.22794 113.824936 113.86008
0 99.91316 -216.47162 117.375626 115.64248
0 30.539824 -169.03212 118.44319 117.378006
0 132.27467 -306.49835 76.433395 79.53021
0 122.19891 -370.5077 93.47029 93.02179
0 -89.81112 -93.864586 90.54368 90.86363
0 -165.3224 17.620014 61.257668 61.97085
0 44.584965 -281.81897 86.47832 86.94702
0 -50.21512 -183.15308 92.269 94.33168
0 -163.16022 -33.109646 51.343124 53.664898
0 5.505603 -226.0315 44.31849 47.505646
