0 756.3954467773438 -332.48575 96.14468383789062 90.86258
0 646.505126953125 -267.2318 90.91168212890625 88.195724
0 579.9496459960938 -216.23877 97.187744140625 94.72685
0 764.5819702148438 -254.66504 78.939697265625 70.696686
0 815.6065368652344 -255.1828 100.77719116210938 107.46736
0 490.1864013671875 -97.48869 84.4312744140625 83.659515
0 382.2926025390625 -19.458591 58.4561767578125 56.600292
0 712.2216796875 -196.68222 97.48562622070312 95.087776
0 583.3767700195312 -125.88158 91.61029052734375 84.346756
0 432.72100830078125 -2.2801504 80.657470703125 85.34265
0 672.25048828125 -137.54298 85.495849609375 88.15013
0 795.4911193847656 -161.16193 78.78277587890625 73.966515
0 594.501708984375 -103.32054 115.54864501953125 112.47387
0 507.0477294921875 -47.94285 118.606201171875 120.11432
0 695.0568237304688 -79.68789 147.91812133789062 131.88718
0 820.0899963378906 -85.53253 90.138916015625 84.872505
0 596.1565551757812 -0.39970094 101.19390869140625 100.29124
0 486.14373779296875 107.60161 96.767578125 107.440216
0 549.9988403320312 61.49128 128.41162109375 139.29044
0 912.545654296875 -109.52449 106.61642456054688 103.97078
0 670.6339111328125 67.472626 105.19821166992188 106.652466
0 779.7769470214844 33.022102 115.9962158203125 125.26206
0 610.2352905273438 198.0758 77.59527587890625 77.03876
0 634.060546875 191.68633 101.99566650390625 103.74849
