0 592.3907 234.9767 75.35217 64.333206
0 514.831 148.96465 101.270325 88.82942
0 564.87805 319.01828 89.6012 86.55005
0 476.54248 237.10976 86.864075 76.94771
0 373.60928 71.72989 122.1882 107.09799
0 406.81372 170.19249 89.58154 105.55641
0 501.58005 509.81006 87.070526 98.02728
0 364.70584 298.419 116.83786 106.664215
0 349.85303 263.0039 90.4794 63.891937
0 369.06104 424.58926 108.41751 87.982635
0 252.41875 209.44427 116.714676 76.3147
0 223.38904 132.97505 105.23282 94.52722
0 267.3925 325.39722 110.29309 100.51196
0 130.17046 155.77882 108.353424 90.99721
0 332.27747 573.044 93.740204 70.81964
0 262.3992 466.849 122.25806 114.55176
0 171.41371 273.5163 114.35213 94.22974
0 180.2008 455.585 86.662964 76.230255
0 183.5193 425.68158 70.49953 48.222046
0 172.903 593.23126 105.03148 81.74182
0 70.38247 227.69075 95.42123 93.816696
0 89.498695 337.42963 104.09797 90.47879
0 90.65758 415.65625 102.843124 93.72583
0 33.964012 285.55215 54.180862 73.8996
0 13.83931 257.21753 38.721478 45.8078
0 104.56794 566.3933 52.803215 62.042175
0 139.72249 688.41815 33.640915 43.803406
0 45.38114 373.33176 27.056519 43.319122
0 75.41456 481.52997 29.485344 63.531616
